>
273.80 1.20
274.80 1.20
>
274.30 0.70
274.30 1.70
>
272.00 1.65
273.00 1.65
>
272.50 1.15
272.50 2.15
>
271.00 1.40
272.00 1.40
>
271.50 0.90
271.50 1.90
>
270.25 2.25
271.25 2.25
>
270.75 1.75
270.75 2.75
>
270.25 3.20
271.25 3.20
>
270.75 2.70
270.75 3.70
>
270.10 4.10
271.10 4.10
>
270.60 3.60
270.60 4.60
>
268.60 5.20
269.60 5.20
>
269.10 4.70
269.10 5.70
>
267.90 6.45
268.90 6.45
>
268.40 5.95
268.40 6.95
>
267.20 7.75
268.20 7.75
>
267.70 7.25
267.70 8.25
>
267.40 9.00
268.40 9.00
>
267.90 8.50
267.90 9.50
>
267.90 10.70
268.90 10.70
>
268.40 10.20
268.40 11.20
>
267.30 12.60
268.30 12.60
>
267.80 12.10
267.80 13.10
>
267.55 13.35
268.55 13.35
>
268.05 12.85
268.05 13.85
>
267.15 14.55
268.15 14.55
>
267.65 14.05
267.65 15.05
>
267.90 14.90
268.90 14.90
>
268.40 14.40
268.40 15.40
>
268.50 13.75
269.50 13.75
>
269.00 13.25
269.00 14.25
>
268.35 12.85
269.35 12.85
>
268.85 12.35
268.85 13.35
>
268.65 11.60
269.65 11.60
>
269.15 11.10
269.15 12.10
>
268.70 10.10
269.70 10.10
>
269.20 9.60
269.20 10.60
>
269.90 9.15
270.90 9.15
>
270.40 8.65
270.40 9.65
>
270.80 8.00
271.80 8.00
>
271.30 7.50
271.30 8.50
>
271.30 6.75
272.30 6.75
>
271.80 6.25
271.80 7.25
>
270.55 6.00
271.55 6.00
>
271.05 5.50
271.05 6.50
>
270.25 4.95
271.25 4.95
>
270.75 4.45
270.75 5.45
>
271.50 4.00
272.50 4.00
>
272.00 3.50
272.00 4.50
>
272.40 3.75
273.40 3.75
>
272.90 3.25
272.90 4.25
>
272.20 2.75
273.20 2.75
>
272.70 2.25
272.70 3.25
>
273.70 2.25
274.70 2.25
>
274.20 1.75
274.20 2.75
>
268.90 7.80
269.90 7.80
>
269.40 7.30
269.40 8.30
>
269.70 6.60
270.70 6.60
>
270.20 6.10
270.20 7.10
