-14.8 67.6
-14.9648 67.5994
-15.1294 67.5975
-15.294 67.5943
-15.4583 67.5899
-15.6223 67.5843
-15.7859 67.5773
-15.9491 67.5692
-16.1118 67.5598
-16.2739 67.5491
-16.4353 67.5372
-16.5959 67.5241
-16.7558 67.5097
-16.9147 67.4942
-17.0728 67.4774
-17.2297 67.4594
-17.3857 67.4402
-17.5404 67.4198
-17.6939 67.3983
-17.8462 67.3756
-17.9971 67.3517
-18.1465 67.3267
-18.2945 67.3005
-18.441 67.2733
-18.5859 67.2449
-18.7291 67.2154
-18.8706 67.1848
-19.0104 67.1531
-19.1483 67.1204
-19.2844 67.0867
-19.4186 67.0519
-19.5508 67.0161
-19.6809 66.9793
-19.8091 66.9415
-19.9351 66.9027
-20.059 66.863
-20.1807 66.8224
-20.3002 66.7808
-20.4174 66.7383
-20.5323 66.695
-20.6449 66.6508
-20.7551 66.6057
-20.8629 66.5598
-20.9683 66.5131
-21.0713 66.4656
-21.1718 66.4174
-21.2697 66.3683
-21.3652 66.3186
-21.4581 66.2681
-21.5484 66.2169
-21.6361 66.1651
-21.7212 66.1126
-21.8038 66.0594
-21.8836 66.0057
-21.9608 65.9513
-22.0354 65.8964
-22.1073 65.8409
-22.1765 65.7849
-22.243 65.7284
-22.3069 65.6713
-22.368 65.6138
-22.4265 65.5559
-22.4822 65.4975
-22.5352 65.4387
-22.5855 65.3795
-22.6331 65.3199
-22.6781 65.26
-22.7203 65.1997
-22.7598 65.1392
-22.7966 65.0783
-22.8308 65.0172
-22.8622 64.9559
-22.891 64.8943
-22.9172 64.8325
-22.9407 64.7705
-22.9615 64.7083
-22.9798 64.646
-22.9954 64.5836
-23.0084 64.521
-23.0188 64.4584
-23.0267 64.3957
-23.032 64.333
-23.0347 64.2702
-23.0349 64.2074
-23.0326 64.1446
-23.0279 64.0819
-23.0206 64.0192
-23.0109 63.9565
-22.9988 63.8939
-22.9842 63.8315
-22.9673 63.7691
-22.9479 63.7069
-22.9263 63.6449
-22.9023 63.583
-22.8759 63.5213
-22.8473 63.4599
-22.8165 63.3986
-22.7834 63.3376
-22.748 63.2768
-22.7105 63.2164
-22.6708 63.1562
-22.629 63.0963
-22.585 63.0368
-22.5389 62.9776
-22.4908 62.9187
-22.4406 62.8602
-22.3884 62.8021
-22.3342 62.7445
-22.278 62.6872
-22.2199 62.6304
-22.1599 62.574
-22.0979 62.518
-22.0341 62.4626
-21.9685 62.4076
-21.9011 62.3532
-21.8318 62.2993
-21.7608 62.2459
-21.6881 62.193
-21.6136 62.1407
-21.5375 62.089
-21.4597 62.0379
-21.3803 61.9873
-21.2993 61.9374
-21.2168 61.8881
-21.1326 61.8394
-21.047 61.7914
-20.9599 61.744
-20.8713 61.6973
-20.7813 61.6513
-20.6898 61.606
-20.597 61.5613
-20.5029 61.5174
-20.4074 61.4742
-20.3106 61.4317
-20.2126 61.39
-20.1133 61.3491
-20.0127 61.3088
-19.911 61.2694
-19.8082 61.2307
-19.7042 61.1929
-19.5991 61.1558
-19.4929 61.1195
-19.3857 61.0841
-19.2774 61.0494
-19.1682 61.0156
-19.0579 60.9827
-18.9468 60.9505
-18.8347 60.9193
-18.7217 60.8888
-18.6079 60.8593
-18.4932 60.8306
-18.3778 60.8028
-18.2615 60.7759
-18.1445 60.7499
-18.0268 60.7248
-17.9084 60.7005
-17.7893 60.6772
-17.6696 60.6548
-17.5492 60.6333
-17.4283 60.6128
-17.3068 60.5931
-17.1848 60.5744
-17.0622 60.5566
-16.9392 60.5398
-16.8157 60.5239
-16.6918 60.509
-16.5675 60.495
-16.4428 60.4819
-16.3178 60.4698
-16.1924 60.4587
-16.0668 60.4485
-15.9408 60.4393
-15.8147 60.4311
-15.6883 60.4238
-15.5618 60.4175
-15.4351 60.4122
-15.3082 60.4078
-15.1812 60.4044
-15.0542 60.4019
-14.9271 60.4005
-14.8 60.4
-14.6729 60.4005
-14.5458 60.4019
-14.4188 60.4044
-14.2918 60.4078
-14.1649 60.4122
-14.0382 60.4175
-13.9117 60.4238
-13.7853 60.4311
-13.6592 60.4393
-13.5332 60.4485
-13.4076 60.4587
-13.2822 60.4698
-13.1572 60.4819
-13.0325 60.495
-12.9082 60.509
-12.7843 60.5239
-12.6608 60.5398
-12.5378 60.5566
-12.4152 60.5744
-12.2932 60.5931
-12.1717 60.6128
-12.0508 60.6333
-11.9304 60.6548
-11.8107 60.6772
-11.6916 60.7005
-11.5732 60.7248
-11.4555 60.7499
-11.3385 60.7759
-11.2222 60.8028
-11.1068 60.8306
-10.9921 60.8593
-10.8783 60.8888
-10.7653 60.9193
-10.6532 60.9505
-10.5421 60.9827
-10.4318 61.0156
-10.3226 61.0494
-10.2143 61.0841
-10.1071 61.1195
-10.0009 61.1558
-9.89582 61.1929
-9.79182 61.2307
-9.68896 61.2694
-9.58726 61.3088
-9.48674 61.3491
-9.38745 61.39
-9.28939 61.4317
-9.19261 61.4742
-9.09712 61.5174
-9.00296 61.5613
-8.91015 61.606
-8.81872 61.6513
-8.7287 61.6973
-8.64012 61.744
-8.55299 61.7914
-8.46736 61.8394
-8.38324 61.8881
-8.30067 61.9374
-8.21967 61.9873
-8.14027 62.0379
-8.06249 62.089
-7.98637 62.1407
-7.91193 62.193
-7.83919 62.2459
-7.76819 62.2993
-7.69895 62.3532
-7.63149 62.4076
-7.56585 62.4626
-7.50205 62.518
-7.44012 62.574
-7.38008 62.6304
-7.32196 62.6872
-7.26579 62.7445
-7.21159 62.8021
-7.15938 62.8602
-7.1092 62.9187
-7.06106 62.9776
-7.015 63.0368
-6.97103 63.0963
-6.92919 63.1562
-6.88949 63.2164
-6.85197 63.2768
-6.81664 63.3376
-6.78353 63.3986
-6.75266 63.4599
-6.72405 63.5213
-6.69774 63.583
-6.67373 63.6449
-6.65205 63.7069
-6.63273 63.7691
-6.61578 63.8315
-6.60123 63.8939
-6.58909 63.9565
-6.57938 64.0192
-6.57213 64.0819
-6.56736 64.1446
-6.56507 64.2074
-6.56529 64.2702
-6.56804 64.333
-6.57334 64.3957
-6.58119 64.4584
-6.59161 64.521
-6.60462 64.5836
-6.62023 64.646
-6.63846 64.7083
-6.65932 64.7705
-6.68281 64.8325
-6.70896 64.8943
-6.73776 64.9559
-6.76923 65.0172
-6.80338 65.0783
-6.84021 65.1392
-6.87973 65.1997
-6.92194 65.26
-6.96686 65.3199
-7.01447 65.3795
-7.06479 65.4387
-7.11782 65.4975
-7.17355 65.5559
-7.23198 65.6138
-7.29312 65.6713
-7.35695 65.7284
-7.42348 65.7849
-7.4927 65.8409
-7.56459 65.8964
-7.63915 65.9513
-7.71637 66.0057
-7.79624 66.0594
-7.87875 66.1126
-7.96388 66.1651
-8.05161 66.2169
-8.14194 66.2681
-8.23483 66.3186
-8.33027 66.3683
-8.42823 66.4174
-8.52871 66.4656
-8.63166 66.5131
-8.73706 66.5598
-8.84489 66.6057
-8.95511 66.6508
-9.0677 66.695
-9.18262 66.7383
-9.29984 66.7808
-9.41931 66.8224
-9.54101 66.863
-9.6649 66.9027
-9.79093 66.9415
-9.91905 66.9793
-10.0492 67.0161
-10.1814 67.0519
-10.3156 67.0867
-10.4517 67.1204
-10.5896 67.1531
-10.7294 67.1848
-10.8709 67.2154
-11.0141 67.2449
-11.159 67.2733
-11.3055 67.3005
-11.4535 67.3267
-11.6029 67.3517
-11.7538 67.3756
-11.9061 67.3983
-12.0596 67.4198
-12.2143 67.4402
-12.3703 67.4594
-12.5272 67.4774
-12.6853 67.4942
-12.8442 67.5097
-13.0041 67.5241
-13.1647 67.5372
-13.3261 67.5491
-13.4882 67.5598
-13.6509 67.5692
-13.8141 67.5773
-13.9777 67.5843
-14.1417 67.5899
-14.306 67.5943
-14.4706 67.5975
-14.6352 67.5994
