>
65.74 56.62
66.74 56.62
>
66.24 56.12
66.24 57.12
>
65.20 56.68
66.20 56.68
>
65.70 56.18
65.70 57.18
>
64.66 56.64
65.66 56.64
>
65.16 56.14
65.16 57.14
>
64.12 56.69
65.12 56.69
>
64.62 56.19
64.62 57.19
>
63.57 56.65
64.57 56.65
>
64.07 56.15
64.07 57.15
>
63.04 56.61
64.04 56.61
>
63.54 56.11
63.54 57.11
>
62.50 56.60
63.50 56.60
>
63.00 56.10
63.00 57.10
>
62.32 56.48
63.32 56.48
>
62.82 55.98
62.82 56.98
>
62.11 56.36
63.11 56.36
>
62.61 55.86
62.61 56.86
>
61.98 56.10
62.98 56.10
>
62.48 55.60
62.48 56.60
>
61.80 55.86
62.80 55.86
>
62.30 55.36
62.30 56.36
>
62.13 55.63
63.13 55.63
>
62.63 55.13
62.63 56.13
>
62.50 55.44
63.50 55.44
>
63.00 54.94
63.00 55.94
>
63.00 55.42
64.00 55.42
>
63.50 54.92
63.50 55.92
>
63.57 55.47
64.57 55.47
>
64.07 54.97
64.07 55.97
>
64.12 55.48
65.12 55.48
>
64.62 54.98
64.62 55.98
>
64.66 55.47
65.66 55.47
>
65.16 54.97
65.16 55.97
>
65.20 55.51
66.20 55.51
>
65.70 55.01
65.70 56.01
>
65.70 55.63
66.70 55.63
>
66.20 55.13
66.20 56.13
>
65.78 55.86
66.78 55.86
>
66.28 55.36
66.28 56.36
>
65.83 56.11
66.83 56.11
>
66.33 55.61
66.33 56.61
>
65.80 56.39
66.80 56.39
>
66.30 55.89
66.30 56.89
>
65.77 56.50
66.77 56.50
>
66.27 56.00
66.27 57.00
>
73.30 56.80
74.30 56.80
>
73.80 56.30
73.80 57.30
>
72.74 56.78
73.74 56.78
>
73.24 56.28
73.24 57.28
>
72.22 56.78
73.22 56.78
>
72.72 56.28
72.72 57.28
>
71.68 56.79
72.68 56.79
>
72.18 56.29
72.18 57.29
>
71.14 56.89
72.14 56.89
>
71.64 56.39
71.64 57.39
>
70.60 56.86
71.60 56.86
>
71.10 56.36
71.10 57.36
>
70.06 56.87
71.06 56.87
>
70.56 56.37
70.56 57.37
>
69.52 56.84
70.52 56.84
>
70.02 56.34
70.02 57.34
>
68.98 56.82
69.98 56.82
>
69.48 56.32
69.48 57.32
>
68.44 56.81
69.44 56.81
>
68.94 56.31
68.94 57.31
>
67.88 56.87
68.88 56.87
>
68.38 56.37
68.38 57.37
>
67.33 56.83
68.33 56.83
>
67.83 56.33
67.83 57.33
>
66.82 56.81
67.82 56.81
>
67.32 56.31
67.32 57.31
>
66.28 56.77
67.28 56.77
>
66.78 56.27
66.78 57.27
>
65.83 56.65
66.83 56.65
>
66.33 56.15
66.33 57.15
>
65.44 56.47
66.44 56.47
>
65.94 55.97
65.94 56.97
>
65.27 56.20
66.27 56.20
>
65.77 55.70
65.77 56.70
>
65.30 55.94
66.30 55.94
>
65.80 55.44
65.80 56.44
>
65.43 55.75
66.43 55.75
>
65.93 55.25
65.93 56.25
>
65.84 55.65
66.84 55.65
>
66.34 55.15
66.34 56.15
>
66.28 55.56
67.28 55.56
>
66.78 55.06
66.78 56.06
>
66.82 55.56
67.82 55.56
>
67.32 55.06
67.32 56.06
>
67.31 55.56
68.31 55.56
>
67.81 55.06
67.81 56.06
>
67.88 55.58
68.88 55.58
>
68.38 55.08
68.38 56.08
>
68.44 55.59
69.44 55.59
>
68.94 55.09
68.94 56.09
>
68.98 55.60
69.98 55.60
>
69.48 55.10
69.48 56.10
>
69.52 55.62
70.52 55.62
>
70.02 55.12
70.02 56.12
>
70.06 55.61
71.06 55.61
>
70.56 55.11
70.56 56.11
>
70.60 55.59
71.60 55.59
>
71.10 55.09
71.10 56.09
>
71.14 55.58
72.14 55.58
>
71.64 55.08
71.64 56.08
>
71.68 55.58
72.68 55.58
>
72.18 55.08
72.18 56.08
>
72.22 55.53
73.22 55.53
>
72.72 55.03
72.72 56.03
>
72.74 55.55
73.74 55.55
>
73.24 55.05
73.24 56.05
>
73.30 55.56
74.30 55.56
>
73.80 55.06
73.80 56.06
>
73.82 55.55
74.82 55.55
>
74.32 55.05
74.32 56.05
>
74.30 55.57
75.30 55.57
>
74.80 55.07
74.80 56.07
>
74.63 55.74
75.63 55.74
>
75.13 55.24
75.13 56.24
>
74.89 55.89
75.89 55.89
>
75.39 55.39
75.39 56.39
>
75.35 56.19
76.35 56.19
>
75.85 55.69
75.85 56.69
>
75.28 56.49
76.28 56.49
>
75.78 55.99
75.78 56.99
>
74.90 56.80
75.90 56.80
>
75.40 56.30
75.40 57.30
>
74.36 56.87
75.36 56.87
>
74.86 56.37
74.86 57.37
>
73.84 56.87
74.84 56.87
>
74.34 56.37
74.34 57.37
>
102.00 67.42
103.00 67.42
>
102.50 66.92
102.50 67.92
>
101.38 67.45
102.38 67.45
>
101.88 66.95
101.88 67.95
>
100.75 67.45
101.75 67.45
>
101.25 66.95
101.25 67.95
>
100.13 67.45
101.13 67.45
>
100.63 66.95
100.63 67.95
>
99.50 67.45
100.50 67.45
>
100.00 66.95
100.00 67.95
>
98.75 67.45
99.75 67.45
>
99.25 66.95
99.25 67.95
>
97.99 67.45
98.99 67.45
>
98.49 66.95
98.49 67.95
>
97.24 67.49
98.24 67.49
>
97.74 66.99
97.74 67.99
>
96.48 67.45
97.48 67.45
>
96.98 66.95
96.98 67.95
>
95.73 67.45
96.73 67.45
>
96.23 66.95
96.23 67.95
>
94.97 67.48
95.97 67.48
>
95.47 66.98
95.47 67.98
>
94.22 67.49
95.22 67.49
>
94.72 66.99
94.72 67.99
>
93.46 67.47
94.46 67.47
>
93.96 66.97
93.96 67.97
>
92.87 67.35
93.87 67.35
>
93.37 66.85
93.37 67.85
>
92.45 67.16
93.45 67.16
>
92.95 66.66
92.95 67.66
>
92.20 66.99
93.20 66.99
>
92.70 66.49
92.70 67.49
>
92.46 66.84
93.46 66.84
>
92.96 66.34
92.96 67.34
>
92.30 66.69
93.30 66.69
>
92.80 66.19
92.80 67.19
>
92.45 66.52
93.45 66.52
>
92.95 66.02
92.95 67.02
>
92.70 66.37
93.70 66.37
>
93.20 65.87
93.20 66.87
>
93.46 66.20
94.46 66.20
>
93.96 65.70
93.96 66.70
>
94.22 66.22
95.22 66.22
>
94.72 65.72
94.72 66.72
>
94.97 66.24
95.97 66.24
>
95.47 65.74
95.47 66.74
>
95.73 66.26
96.73 66.26
>
96.23 65.76
96.23 66.76
>
96.48 66.18
97.48 66.18
>
96.98 65.68
96.98 66.68
>
97.24 66.22
98.24 66.22
>
97.74 65.72
97.74 66.72
>
97.99 66.18
98.99 66.18
>
98.49 65.68
98.49 66.68
>
98.75 66.18
99.75 66.18
>
99.25 65.68
99.25 66.68
>
99.50 66.18
100.50 66.18
>
100.00 65.68
100.00 66.68
>
100.13 66.18
101.13 66.18
>
100.63 65.68
100.63 66.68
>
100.75 66.16
101.75 66.16
>
101.25 65.66
101.25 66.66
>
101.38 66.16
102.38 66.16
>
101.88 65.66
101.88 66.66
>
102.00 66.14
103.00 66.14
>
102.50 65.64
102.50 66.64
>
102.50 66.20
103.50 66.20
>
103.00 65.70
103.00 66.70
>
102.77 66.40
103.77 66.40
>
103.27 65.90
103.27 66.90
>
102.92 66.67
103.92 66.67
>
103.42 66.17
103.42 67.17
>
103.00 66.80
104.00 66.80
>
103.50 66.30
103.50 67.30
>
102.75 66.91
103.75 66.91
>
103.25 66.41
103.25 67.41
>
102.60 67.08
103.60 67.08
>
103.10 66.58
103.10 67.58
>
102.33 67.27
103.33 67.27
>
102.83 66.77
102.83 67.77
