73.80 56.80
73.24 56.78
72.72 56.78
72.18 56.79
71.64 56.89
71.10 56.86
70.56 56.87
70.02 56.84
69.48 56.82
68.94 56.81
68.38 56.87
67.83 56.83
67.32 56.81
66.78 56.77
66.33 56.65
65.94 56.47
65.77 56.2
65.80 55.94
65.93 55.75
66.34 55.65
66.78 55.56
67.32 55.56
67.81 55.56
68.38 55.58
68.94 55.59
69.48 55.60
70.02 55.62
70.56 55.61
71.10 55.59
71.64 55.58
72.18 55.58
72.72 55.53
73.24 55.55
73.80 55.56
74.32 55.55
74.80 55.57
75.13 55.74
75.39 55.89
75.85 56.19
75.78 56.49
75.40 56.80
74.86 56.87
74.34 56.87
