2 PLVZ 0	BDFB    000418_1728    -20.66  183.53  -15.64  311.99  -27.20  196.27  -32.44  210.58  -29.10  286.39  -22.92  299.71  117.73
2 PLVZ 0	MAKZ1   000418_1728    -20.66  183.53   46.81   81.98  -11.28  173.65   -5.21  167.84   40.24  111.27   43.59  100.97  112.67
1 PREM 0	SDV0    000418_1728    -20.66  183.53    8.88  289.37  -19.44  197.65  -18.91  201.45    2.97  273.01    4.25  276.41  107.86
1 PREM 0	USP     000418_1728    -20.66  183.53   43.27   74.50  -12.00  172.94   -2.94  163.05   36.35  108.82   41.06   92.79  117.64
2 PLVZ 0	WMQ0    000418_1728    -20.66  183.53   43.82   87.70  -11.69  173.23   -8.96  170.36   38.02  109.84   39.66  105.26  108.24
2 PLVZ 0	AAK     000614_0215    -25.52  178.05   42.64   74.49  -17.62  167.60   -8.85  157.59   32.67  106.20   38.59   91.81  116.58
1 PREM 0	BRVK    000614_0215    -25.52  178.05   53.06   70.28  -15.89  169.47   -2.28  158.86   42.29  114.16   50.41   92.11  120.65
2 PLVZ 0	FRB     000614_0215    -25.52  178.05   63.75  291.45  -14.41  184.34    3.10  193.03   51.98  230.03   62.54  260.99  123.02
3 ULVZ 0	HRV     000614_0215    -25.52  178.05   42.51  288.44  -17.79  188.75   -5.90  202.52   31.81  250.61   39.39  270.68  121.53
2 PLVZ 0	KURK    000614_0215    -25.52  178.05   50.72   78.62  -16.18  169.11   -7.08  161.42   40.60  112.57   46.52   98.43  115.28
1 PREM 0	KZA     000614_0215    -25.52  178.05   42.08   75.25  -17.69  167.53   -9.40  157.92   32.30  105.94   37.97   92.31  115.92
2 PLVZ 0	SJG0    000614_0215    -25.52  178.05   18.11  293.85  -23.38  191.68  -18.79  209.11    6.09  264.95   13.10  280.54  120.48
3 ULVZ 0	SSPA0   000614_0215    -25.52  178.05   40.64  282.11  -18.00  188.93   -9.65  199.19   30.73  251.34   36.52  265.33  116.55
1 PREM 0	TKM2    000614_0215    -25.52  178.05   42.92   75.60  -17.54  167.67   -9.20  158.28   33.11  106.51   38.77   92.92  115.84
2 PLVZ 0	WMQ0    000614_0215    -25.52  178.05   43.82   87.70  -16.99  168.20  -14.10  165.17   36.01  108.69   38.13  104.28  107.60
2 PLVZ 0	ALE0    000616_0755    -33.88  289.91   82.50  297.65  -20.38  290.18   -8.40  290.39   56.85  291.97   68.83  292.96  116.45
1 PREM 0	CII     000616_0755    -33.88  289.91   41.72   14.31  -24.92  301.52  -22.36  304.32   31.67  356.60   33.97  359.92  108.09
4 ELVZ 0	DPC     000616_0755    -33.88  289.91   50.36   16.41  -23.73  300.10  -16.67  305.95   37.27  350.49   43.13  359.35  113.39
1 PREM 0	EIL     000616_0755    -33.88  289.91   29.67   34.95  -28.68  304.51  -22.23  317.26   15.93    9.82   23.18   21.51  117.59
2 PLVZ 0	JER     000616_0755    -33.88  289.91   31.77   35.20  -28.24  304.26  -20.87  317.63   17.63    8.56   25.44   21.34  118.66
2 PLVZ 0	KEV0    000616_0755    -33.88  289.91   69.76   27.01  -21.44  295.86   -3.20  302.93   49.75  329.65   64.45  353.91  123.95
2 PLVZ 0	KIEV0   000616_0755    -33.88  289.91   50.69   29.21  -24.18  300.68  -11.39  311.86   35.08  353.02   45.08   10.47  121.09
3 ULVZ 0	KIV1    000616_0755    -33.88  289.91   43.96   42.69  -25.99  302.58  -10.04  321.18   26.90    1.07   39.51   25.29  128.19
3 ULVZ 0	KRIS    000616_0755    -33.88  289.91   35.18   25.50  -26.80  303.26  -21.85  310.62   23.47    3.99   28.30   11.54  112.79
3 ULVZ 0	MALT    000616_0755    -33.88  289.91   38.31   38.43  -27.06  303.45  -15.59  319.83   22.42    4.84   32.74   22.97  123.54
2 PLVZ 0	MHV     000616_0755    -33.88  289.91   54.96   37.77  -23.63  299.96   -5.36  313.81   37.78  349.87   50.98   15.91  127.05
4 ELVZ 0	MORC    000616_0755    -33.88  289.91   49.78   17.54  -23.87  300.28  -16.59  306.49   36.60  351.29   42.64    0.52  113.80
2 PLVZ 0	OBN0    000616_0755    -33.88  289.91   55.11   36.57  -23.59  299.91   -5.83  313.31   37.96  349.65   50.89   14.80  126.40
2 PLVZ 0	PSZ     000616_0755    -33.88  289.91   47.92   19.89  -24.27  300.79  -16.72  307.75   34.68  353.46   40.96    3.27  114.43
3 ULVZ 0	RAYN0   000616_0755    -33.88  289.91   23.52   45.50  -31.11  305.60  -24.31  325.66    6.71   16.30   16.94   32.66  123.46
3 ULVZ 0	RUE     000616_0755    -33.88  289.91   52.48   13.78  -23.33  299.53  -16.49  304.72   39.28  347.97   44.96  356.34  112.84
2 PLVZ 0	VTS     000616_0755    -33.88  289.91   42.62   23.24  -25.32  301.94  -18.48  309.66   29.86  358.36   35.81    7.78  114.39
2 PLVZ 0	AML     000815_0430    -31.51  179.73   42.13   73.69  -23.80  167.73  -12.23  153.76   27.94  108.19   37.14   90.33  121.69
1 PREM 0	EKS2    000815_0430    -31.51  179.73   42.66   73.78  -23.67  167.84  -11.90  153.94   28.51  108.66   37.78   90.61  121.77
2 PLVZ 0	KURK    000815_0430    -31.51  179.73   50.72   78.62  -22.04  169.54   -9.38  158.52   36.39  116.00   45.75   97.87  120.57
3 ULVZ 0	KZA     000815_0430    -31.51  179.73   42.08   75.25  -23.73  167.79  -12.82  154.68   28.23  108.44   36.97   91.72  120.56
2 PLVZ 0	LBTB    000815_0430    -31.51  179.73  -25.02   25.60  -42.95  171.70  -54.49  158.86  -49.33   43.33  -37.24   32.84  118.31
2 PLVZ 0	MAKZ0   000815_0430    -31.51  179.73   46.81   81.98  -22.60  168.90  -12.92  159.34   33.61  113.22   41.15   99.42  117.37
1 PREM 0	SJG0    000815_0430    -31.51  179.73   18.11  293.85  -29.68  194.77  -25.44  211.62    3.67  267.85   11.61  281.30  119.58
3 ULVZ 0	SSPA0   000815_0430    -31.51  179.73   40.64  282.11  -23.93  191.78  -14.53  203.60   27.34  251.70   35.12  266.14  118.63
1 PREM 0	TIXI0   000815_0430    -31.51  179.73   71.65  128.87  -18.81  176.15  -13.98  174.96   55.76  152.33   60.26  148.41  109.07
2 PLVZ 0	TKM2    000815_0430    -31.51  179.73   42.92   75.60  -23.56  167.94  -12.51  155.07   29.03  109.10   37.78   92.33  120.55
2 PLVZ 0	TSUM0   000815_0430    -31.51  179.73  -19.20   17.58  -43.55  173.22  -62.52  152.67  -52.38   35.95  -32.08   22.83  126.47
3 ULVZ 0	ULHL    000815_0430    -31.51  179.73   42.25   76.24  -23.67  167.84  -13.16  155.31   28.52  108.68   36.96   92.68  119.91
4 ELVZ 0	WMQ0    000815_0430    -31.51  179.73   43.82   87.70  -22.85  168.64  -16.87  162.24   32.39  112.07   37.33  103.66  112.56
2 PLVZ 0	AAK     001218_0119    -21.18  180.88   42.64   74.49  -13.20  170.85   -4.78  161.40   35.10  107.09   39.83   92.39  115.99
2 PLVZ 0	AML     001218_0119    -21.18  180.88   42.13   73.69  -13.31  170.76   -4.61  160.82   34.55  106.75   39.41   91.48  116.53
3 ULVZ 0	BDFB    001218_0119    -21.18  180.88  -15.64  311.99  -27.66  192.65  -34.30  209.79  -31.05  284.06  -23.32  299.97  119.53
2 PLVZ 0	BOSA    001218_0119    -21.18  180.88  -28.61   25.26  -32.26  174.41  -50.08  158.26  -56.91   55.02  -40.45   33.71  124.93
2 PLVZ 0	BRVK    001218_0119    -21.18  180.88   53.06   70.28  -11.46  172.75    1.01  163.25   45.42  114.52   51.65   92.73  119.07
2 PLVZ 0	KURK    001218_0119    -21.18  180.88   50.72   78.62  -11.82  172.30   -3.74  165.54   43.19  112.68   47.68   99.14  113.89
2 PLVZ 0	KZA     001218_0119    -21.18  180.88   42.08   75.25  -13.28  170.78   -5.32  161.68   34.66  106.82   39.20   92.90  115.38
4 ELVZ 0	SDV0    001218_0119    -21.18  180.88    8.88  289.37  -20.27  194.21  -19.32  201.52    1.66  269.97    4.16  276.45  110.36
3 ULVZ 0	SJG0    001218_0119    -21.18  180.88   18.11  293.85  -18.53  193.87  -14.60  207.64    9.31  266.96   14.08  280.15  117.27
2 PLVZ 0	UCH     001218_0119    -21.18  180.88   42.23   74.51  -13.28  170.79   -4.95  161.30   34.70  106.85   39.40   92.27  115.94
2 PLVZ 0	ULHL    001218_0119    -21.18  180.88   42.25   76.24  -13.25  170.81   -5.75  162.27   34.84  106.93   39.16   93.87  114.67
4 ELVZ 0	CCM     900520_0953    -32.42  179.60   38.06  268.76  -24.54  191.56  -21.51  195.43   28.24  250.19   31.00  254.53  108.70
4 ELVZ 0	ALE     900608_1505    -18.70  181.10   82.50  297.65   -6.00  182.71    2.10  183.68   70.04  202.72   77.37  215.83  111.91
1 PREM 0	HRV     900608_1505    -18.70  181.10   42.51  288.44  -10.41  191.18   -2.80  199.66   36.59  256.60   40.35  270.30  115.14
3 ULVZ 0	KEV     900608_1505    -18.70  181.10   69.76   27.01   -6.12  178.70   16.28  174.57   68.53  150.25   79.09   67.13  126.56
1 PREM 0	ISA     910607_1151     -7.27  122.57   35.66  241.53    0.32  132.71    8.74  143.95   36.29  207.07   37.25  224.54  117.64
1 PREM 0	PAS     910607_1151     -7.27  122.57   34.15  241.83    0.02  132.94    8.43  144.86   34.59  207.40   35.57  225.17  118.18
1 PREM 0	SBC     910607_1151     -7.27  122.57   34.44  240.29    0.03  132.93    7.73  143.79   34.66  207.38   35.66  223.61  116.88
3 ULVZ 0	VSL     910607_1151     -7.27  122.57   39.50    9.38    0.87  112.93    6.60  106.14   39.46   38.80   40.37   27.28  112.45
3 ULVZ 0	ALE     910623_2122    -26.82  296.60   82.50  297.65  -14.20  296.63   -8.46  296.65   63.05  296.94   68.79  297.02  109.32
2 PLVZ 0	CTAO    910623_2122    -26.82  296.60  -20.09  146.25  -36.89  287.69  -51.70  265.78  -47.39  173.60  -31.42  154.92  124.99
2 PLVZ 0	KEG     910623_2122    -26.82  296.60   29.93   31.83  -20.89  308.78  -19.05  312.06   22.42   14.38   24.14   17.82  107.19
3 ULVZ 0	KEV     910623_2122    -26.82  296.60   69.76   27.01  -15.07  301.54   -4.18  305.63   55.47  338.91   63.92  354.88  115.18
1 PREM 0	OBN     910623_2122    -26.82  296.60   55.11   36.57  -16.82  304.91   -5.62  313.01   43.56  357.63   50.97   14.74  117.29
2 PLVZ 0	CMB     920802_1203     -7.12  121.72   38.04  239.61    1.05  131.63    8.93  141.30   38.73  206.07   39.60  222.10  116.23
2 PLVZ 0	COR     920802_1203     -7.12  121.72   44.59  236.70    2.12  130.64    8.48  136.86   45.19  204.61   46.05  217.26  112.67
3 ULVZ 0	GSC     920802_1203     -7.12  121.72   35.30  243.19    0.66  131.94   10.19  144.68   36.49  206.51   37.27  226.34  119.63
2 PLVZ 0	PAS     920802_1203     -7.12  121.72   34.15  241.83    0.37  132.16    9.06  144.42   34.88  206.81   35.75  225.18  118.78
3 ULVZ 0	PFO     920802_1203     -7.12  121.72   33.61  243.54    0.33  132.18    9.82  145.72   34.66  206.85   35.47  226.99  120.29
3 ULVZ 0	ANMO    921018_1308     -6.29  130.22   34.95  253.54    1.94  140.96   11.67  154.00   36.99  216.42   37.31  236.77  120.69
3 ULVZ 0	CMB     921018_1308     -6.29  130.22   38.04  239.61    2.12  140.82    5.00  144.46   37.95  216.27   38.40  222.13  109.12
2 PLVZ 0	COR     921018_1308     -6.29  130.22   44.59  236.70    3.27  139.79    4.43  140.96   44.48  215.09   44.69  217.38  106.12
3 ULVZ 0	PAS     921018_1308     -6.29  130.22   34.15  241.83    1.39  141.36    5.29  147.04   34.09  216.87   34.66  225.18  111.37
3 ULVZ 0	GAC     930321_0504    -17.97  181.47   45.70  284.52   -9.23  190.81   -3.39  196.60   40.27  255.29   43.17  265.58  111.77
1 PREM 0	HRV     930321_0504    -17.97  181.47   42.51  288.44   -9.81  191.37   -2.55  199.44   36.93  257.15   40.43  270.28  114.40
1 PREM 0	AAK     930709_1537    -19.79  182.46   42.64   74.49  -11.42  172.19   -3.12  162.93   36.08  107.40   40.34   92.59  116.29
1 PREM 0	ARU     930709_1537    -19.79  182.46   56.43   58.56   -8.92  175.18    8.89  164.03   51.33  118.79   58.12   83.90  124.91
1 PREM 0	WMQ     930709_1537    -19.79  182.46   43.82   87.70  -10.99  172.59   -8.91  170.41   38.44  108.78   39.68  105.27  106.91
2 PLVZ 0	HRV     930807_0000     26.52  125.61   42.51  288.44   39.54  129.59   44.13  131.38   59.91  278.19   55.50  281.67  109.18
1 PREM 0	AAK     930807_1753    -23.87  179.82   42.64   74.49  -15.90  169.35   -7.04  159.29   33.57  107.02   39.14   92.08  116.87
3 ULVZ 0	HRV     930807_1753    -23.87  179.82   42.51  288.44  -15.98  190.32   -5.58  202.23   33.15  252.86   39.49  270.64  119.25
3 ULVZ 0	SJG     930807_1753    -23.87  179.82   18.11  293.85  -21.48  193.28  -17.28  208.58    7.59  266.32   13.45  280.39  118.67
3 ULVZ 0	AAK     940211_2117    -18.81  169.16   42.64   74.49   -9.90  158.88   -8.79  157.66   37.97   93.74   38.61   91.82  105.97
2 PLVZ 0	ABKT    940211_2117    -18.81  169.16   37.93   58.12  -11.08  157.88   -2.89  147.07   31.87   90.62   35.96   75.11  117.79
2 PLVZ 0	BOSA    940211_2117    -18.81  169.16  -28.61   25.42  -29.20  159.97  -41.07  145.42  -48.57   55.42  -38.51   36.81  121.04
2 PLVZ 0	LBTB    940211_2117    -18.81  169.16  -25.01   25.60  -28.73  159.38  -41.42  141.45  -45.96   57.57  -34.69   36.82  123.63
1 PREM 0	SUR     940211_2117    -18.81  169.16  -32.38   20.81  -30.09  161.31  -42.94  148.94  -53.97   50.02  -43.17   31.59  120.52
1 PREM 0	AAK     940331_2240    -21.95  180.42   42.64   74.49  -13.97  170.21   -5.53  160.70   34.68  106.87   39.60   92.29  116.13
3 ULVZ 0	HRV     940331_2240    -21.95  180.42   42.51  288.44  -14.02  190.63   -4.59  201.31   34.42  254.09   39.79  270.51  117.65
2 PLVZ 0	SJG     940331_2240    -21.95  180.42   18.11  293.85  -19.40  193.56  -15.36  207.90    8.77  266.63   13.90  280.22  117.82
2 PLVZ 0	ADK     940429_0711    -28.30  296.83   51.88  183.32  -18.99  287.48   -1.47  272.98   38.84  232.70   49.60  204.75  126.15
3 ULVZ 0	CTAO    940429_0711    -28.30  296.83  -20.09  146.25  -38.49  287.86  -52.67  266.92  -47.10  171.66  -31.58  154.65  123.88
1 PREM 0	BGIO    940510_0636    -28.50  296.94   31.72   35.09  -22.54  309.14  -18.58  315.87   22.23   13.81   25.92   20.89  110.91
2 PLVZ 0	COL     940510_0636    -28.50  296.94   64.90  212.21  -17.24  290.89   -8.20  286.66   51.11  249.74   58.16  237.57  113.45
2 PLVZ 0	CTAO    940510_0636    -28.50  296.94  -20.09  146.25  -38.65  288.04  -52.85  267.13  -47.16  171.49  -31.61  154.60  123.76
2 PLVZ 0	KEG     940510_0636    -28.50  296.94   29.93   31.83  -22.65  309.21  -20.52  313.02   21.69   14.16   23.78   18.03  107.64
1 PREM 0	KEV     940510_0636    -28.50  296.94   69.76   27.01  -16.84  301.93   -4.52  306.57   53.98  337.97   63.74  355.22  116.62
1 PREM 0	KIV     940510_0636    -28.50  296.94   43.96   42.69  -20.58  307.61   -9.15  320.28   31.61    7.08   39.79   25.13  120.19
2 PLVZ 0	LID     940510_0636    -28.50  296.94   54.55   13.37  -18.13  304.60  -16.34  305.80   45.25  353.29   46.67  355.55  105.61
1 PREM 0	LVZ     940510_0636    -28.50  296.94   67.90   34.65  -17.05  302.46   -2.59  308.54   52.47  341.37   63.26    3.02  119.11
4 ELVZ 0	NOUC    940510_0636    -28.50  296.94  -22.10  166.30  -36.28  285.23  -40.08  277.72  -35.59  184.36  -31.31  177.70  110.53
1 PREM 0	NWAO    940510_0636    -28.50  296.94  -32.93  117.23  -41.04  296.82  -56.14  296.66  -61.71  117.51  -46.61  117.30  118.57
1 PREM 0	OBN     940510_0636    -28.50  296.94   55.11   36.57  -18.62  305.35   -6.45  314.22   42.26  356.96   50.66   14.99  118.39
3 ULVZ 0	BLSY    940713_1145     -7.50  127.92   32.91  243.12   -0.12  139.12    5.85  148.15   32.70  213.84   33.64  226.71  115.17
2 PLVZ 0	CLL     940713_1145     -7.50  127.92   51.31   13.00    3.18  119.77    8.67  115.56   52.01   46.51   52.85   35.26  111.28
2 PLVZ 0	CMB     940713_1145     -7.50  127.92   38.04  239.61    0.84  138.43    5.38  144.15   37.74  212.89   38.52  222.13  111.66
2 PLVZ 0	COR     940713_1145     -7.50  127.92   44.59  236.70    1.99  137.40    4.99  140.40   44.30  211.45   44.87  217.36  108.60
1 PREM 0	GLA     940713_1145     -7.50  127.92   33.05  245.17   -0.02  139.06    6.97  149.47   33.20  213.75   34.16  228.76  116.85
3 ULVZ 0	KONO    940713_1145     -7.50  127.92   59.65    9.60    4.32  121.55    9.72  118.60   60.87   50.17   61.81   37.48  110.51
3 ULVZ 0	PFO0    940713_1145     -7.50  127.92   33.61  243.54    0.04  139.02    6.26  148.16   33.51  213.70   34.45  226.97  115.43
2 PLVZ 0	ALE     940819_1002    -26.65  296.62   82.50  297.65  -13.96  296.63   -8.46  296.65   63.29  296.94   68.79  297.02  109.15
2 PLVZ 0	CTAO    940819_1002    -26.65  296.62  -20.09  146.25  -36.71  287.67  -51.58  265.65  -47.41  173.81  -31.40  154.95  125.14
2 PLVZ 0	GNI     940819_1002    -26.65  296.62   40.05   44.72  -19.32  307.83   -8.94  321.03   28.96   10.36   36.26   27.92  120.08
3 ULVZ 0	KEV     940819_1002    -26.65  296.62   69.76   27.01  -14.83  301.55   -4.15  305.55   55.68  339.10   63.94  354.85  115.02
2 PLVZ 0	LVZ     940819_1002    -26.65  296.62   67.90   34.65  -15.03  302.06   -2.15  307.44   54.15  342.43   63.50    2.68  117.55
2 PLVZ 0	MSVF    940819_1002    -26.65  296.62  -17.73  178.05  -32.24  283.60  -33.04  281.31  -26.26  192.44  -25.20  190.45  105.69
2 PLVZ 0	NWAO    940819_1002    -26.65  296.62  -32.93  117.23  -39.24  296.43  -56.14  296.08  -63.51  117.91  -46.61  117.41  120.42
1 PREM 0	OBN     940819_1002    -26.65  296.62   55.11   36.57  -16.59  304.91   -5.54  312.90   43.73  357.78   51.00   14.72  117.15
3 ULVZ 0	ABKT    950629_1224    -19.46  169.24   37.93   58.12  -11.76  157.73   -3.41  146.66   31.48   90.80   35.81   75.06  118.21
2 PLVZ 0	KURK    950629_1224    -19.46  169.24   50.72   78.62   -9.14  160.28   -8.44  159.71   45.65   99.26   46.06   98.10  105.33
2 PLVZ 0	NIL     950629_1224    -19.46  169.24   33.65   73.25  -12.23  157.39  -11.68  156.56   29.19   89.71   29.55   88.67  105.46
3 ULVZ 0	CCM     950814_0437     -4.83  151.51   38.06  268.76    3.90  161.85   10.15  169.48   39.81  238.48   40.07  251.29  114.27
1 PREM 0	GAC     950814_0437     -4.83  151.51   45.70  284.52    5.97  159.66   19.98  171.05   52.65  236.44   51.18  265.47  122.34
1 PREM 0	HKT     950814_0437     -4.83  151.51   29.96  264.16    2.10  163.12    5.94  169.64   30.43  239.55   30.82  248.32  111.99
1 PREM 0	HRV     950814_0437     -4.83  151.51   42.51  288.44    5.75  159.95   22.47  174.60   51.12  236.74   48.56  270.77  126.41
3 ULVZ 0	JTS     950814_0437     -4.83  151.51   10.29  275.05   -2.53  164.85    0.91  183.86    9.22  241.49   10.26  261.06  123.83
2 PLVZ 0	KONO    950814_0437     -4.83  151.51   59.65    9.60    7.84  146.72   20.41  141.64   68.93   71.93   67.52   35.17  117.97
3 ULVZ 0	LSZ     950814_0437     -4.83  151.51  -15.28   28.19   -9.45  138.72  -14.31  123.23  -20.72   58.87  -18.42   42.16  120.39
2 PLVZ 0	MM01    950814_0437     -4.83  151.51   42.32  287.29    5.64  160.08   21.75  174.50   50.38  236.87   48.10  269.60  125.78
1 PREM 0	MM02    950814_0437     -4.83  151.51   42.17  286.28    5.56  160.18   21.11  174.33   49.82  236.98   47.78  268.53  125.22
1 PREM 0	MM05    950814_0437     -4.83  151.51   41.65  283.08    5.27  160.52   19.05  173.75   47.93  237.30   46.57  265.19  123.36
2 PLVZ 0	MM06    950814_0437     -4.83  151.51   41.39  281.87    5.14  160.66   18.27  173.56   47.14  237.43   46.01  263.98  122.67
2 PLVZ 0	MM08    950814_0437     -4.83  151.51   41.11  279.93    4.97  160.84   17.01  173.03   46.08  237.60   45.28  261.94  121.46
2 PLVZ 0	MM09    950814_0437     -4.83  151.51   40.79  278.79    4.86  160.96   16.31  172.80   45.38  237.70   44.75  260.87  120.80
2 PLVZ 0	MM10    950814_0437     -4.83  151.51   40.61  277.70    4.76  161.05   15.63  172.47   44.80  237.79   44.32  259.77  120.09
2 PLVZ 0	MM11    950814_0437     -4.83  151.51   40.22  276.81    4.64  161.17   15.04  172.34   44.09  237.90   43.72  258.94  119.60
1 PREM 0	MM12    950814_0437     -4.83  151.51   40.04  275.63    4.55  161.27   14.31  171.92   43.52  237.98   43.28  257.75  118.82
2 PLVZ 0	MM17    950814_0437     -4.83  151.51   38.67  270.67    4.08  161.69   11.30  170.21   40.86  238.34   41.02  253.06  115.58
1 PREM 0	PLCA    950814_0437     -4.83  151.51  -40.73  289.45  -15.63  159.72  -27.94  170.64  -53.51  249.31  -48.35  273.37  120.37
2 PLVZ 0	CRZF     950823_0706     18.86  145.19  -46.43   51.86    9.93  136.11    8.28  134.53  -41.29   72.98  -42.24   70.22  105.79
2 PLVZ 0	JTS     950823_0706     18.86  145.19   10.29  275.05   24.03  157.53   29.69  177.92   24.83  244.09   16.97  262.66  122.61
2 PLVZ 0	MM02    950823_0706     18.86  145.19   42.17  286.28   29.69  152.28   34.38  155.93   55.54  264.72   52.10  272.26  109.20
2 PLVZ 0	MM03    950823_0706     18.86  145.19   42.04  285.15   29.59  152.45   33.94  155.92   54.88  263.93   51.73  270.97  108.76
2 PLVZ 0	MM04    950823_0706     18.86  145.19   41.85  283.80   29.48  152.64   33.29  155.77   54.12  263.07   51.40  269.31  108.25
2 PLVZ 0	MM05    950823_0706     18.86  145.19   41.65  283.08   29.42  152.75   33.04  155.79   53.66  262.56   51.09  268.53  108.04
2 PLVZ 0	MM06    950823_0706     18.86  145.19   41.39  281.87   29.30  152.94   32.57  155.76   52.90  261.74   50.60  267.18  107.63
2 PLVZ 0	MM07    950823_0706     18.86  145.19   41.26  280.87   29.22  153.07   32.11  155.62   52.35  261.18   50.34  266.02  107.20
2 PLVZ 0	MM08    950823_0706     18.86  145.19   41.11  279.93   29.13  153.21   31.69  155.52   51.74  260.58   49.98  264.90  106.82
2 PLVZ 0	MM09    950823_0706     18.86  145.19   40.79  278.79   29.02  153.37   31.26  155.45   51.03  259.89   49.50  263.69  106.44
2 PLVZ 0	MM11    950823_0706     18.86  145.19   40.22  276.81   28.80  153.67   30.47  155.29   49.70  258.67   48.58  261.54  105.73
2 PLVZ 0	MM12    950823_0706     18.86  145.19   40.04  275.63   28.69  153.82   29.93  155.05   49.01  258.07   48.18  260.21  105.18
2 PLVZ 0	MM13    950823_0706     18.86  145.19   39.83  274.69   28.60  153.94   29.54  154.89   48.46  257.61   47.84  259.24  104.78
2 PLVZ 0	MM14    950823_0706     18.86  145.19   39.55  273.61   28.49  154.09   29.08  154.70   47.75  257.03   47.37  258.07  104.33
2 PLVZ 0	MM15    950823_0706     18.86  145.19   39.29  272.69   28.40  154.20   28.69  154.50   47.21  256.59   47.02  257.10  103.95
2 PLVZ 0	MM16    950823_0706     18.86  145.19   38.92  271.70   28.27  154.35   28.30  154.38   46.49  256.03   46.47  256.08  103.59
1 PREM 0	PAL     950823_0706     18.86  145.19   41.01  286.09   29.58  152.48   34.89  156.81   54.77  263.81   50.86  272.31  110.01
2 PLVZ 0	BAR     950918_0656     -6.95  128.90   32.68  243.33    0.46  140.14    5.86  148.37   32.66  215.25   33.45  226.95  114.26
2 PLVZ 0	COR     950918_0656     -6.95  128.90   44.59  236.70    2.59  138.40    4.79  140.61   44.40  213.04   44.81  217.37  107.52
1 PREM 0	AAK     951006_1139    -20.02  184.08   42.64   74.49  -11.39  173.46   -2.48  163.52   36.06  108.63   40.54   92.66  117.62
1 PREM 0	BDFB    951006_1139    -20.02  184.08  -15.64  311.99  -26.38  196.89  -31.49  210.96  -28.62  286.32  -22.72  299.58  117.62
1 PREM 0	BRVK    951006_1139    -20.02  184.08   53.06   70.28   -9.49  175.54    3.13  166.08   46.86  115.92   52.47   93.04  120.10
3 ULVZ 0	CHK     951006_1139    -20.02  184.08   53.68   70.62   -9.40  175.67    3.12  166.48   47.44  116.40   53.04   93.65  119.83
3 ULVZ 0	KURK    951006_1139    -20.02  184.08   50.72   78.62   -9.92  175.00   -1.64  168.12   44.26  113.90   48.43   99.52  115.06
3 ULVZ 0	MM02    951006_1139    -20.02  184.08   42.17  286.28  -11.38  194.72   -6.15  200.60   36.13  259.53   39.04  268.69  112.15
2 PLVZ 0	MM03    951006_1139    -20.02  184.08   42.04  285.15  -11.39  194.74   -6.74  200.00   36.05  259.58   38.67  267.71  111.30
2 PLVZ 0	NIL     951006_1139    -20.02  184.08   33.65   73.25  -13.27  172.04   -5.90  160.51   26.77  103.94   31.12   89.27  117.89
3 ULVZ 0	SJG     951006_1139    -20.02  184.08   18.11  293.85  -16.82  197.79  -13.95  207.42   11.03  270.70   14.24  280.10  114.11
1 PREM 0	TKM2    951006_1139    -20.02  184.08   42.92   75.60  -11.33  173.52   -2.89  164.22   36.41  108.83   40.70   93.79  116.82
1 PREM 0	UCH     951006_1139    -20.02  184.08   42.23   74.51  -11.47  173.39   -2.64  163.40   35.65  108.40   40.12   92.53  117.59
1 PREM 0	VOS     951006_1139    -20.02  184.08   52.72   70.98   -9.56  175.45    2.68  166.11   46.41  115.56   51.91   93.48  119.71
2 PLVZ 0	WMQ     951006_1139    -20.02  184.08   43.82   87.70  -10.97  173.86   -8.28  171.03   38.30  109.94   39.87  105.37  108.21
2 PLVZ 0	COR     951225_0443     -6.94  129.18   44.59  236.70    2.62  138.74    4.63  140.76   44.38  213.42   44.75  217.37  107.31
2 PLVZ 0	DGR     951225_0443     -6.94  129.18   33.65  242.99    0.68  140.35    5.84  147.93   33.67  215.45   34.43  226.45  113.61
1 PREM 0	FFC     951225_0443     -6.94  129.18   54.73  258.02    4.73  136.00   15.73  142.67   59.03  209.00   59.36  234.13  117.27
1 PREM 0	FRB     951225_0443     -6.94  129.18   63.75  291.45    6.40  131.33   23.52  134.28   79.00  185.37   75.72  271.55  121.78
2 PLVZ 0	GSC     951225_0443     -6.94  129.18   35.30  243.19    1.02  140.12    6.36  147.49   35.41  215.15   36.15  226.32  113.55
3 ULVZ 0	PAS     951225_0443     -6.94  129.18   34.15  241.83    0.74  140.32    5.35  147.00   33.96  215.40   34.68  225.18  112.59
1 PREM 0	PFO     951225_0443     -6.94  129.18   33.61  243.54    0.68  140.36    6.06  148.29   33.62  215.45   34.39  226.97  114.08
2 PLVZ 0	PMB     951225_0443     -6.94  129.18   50.52  236.92    3.57  137.68    5.22  139.02   50.42  211.93   50.74  215.22  106.60
3 ULVZ 0	RPN     951225_0443     -6.94  129.18  -27.13  250.67  -14.21  140.72  -19.08  149.35  -33.42  224.65  -31.46  235.78  113.97
3 ULVZ 0	VSL     951225_0443     -6.94  129.18   39.50    9.38    2.03  119.09   10.44  109.42   40.91   44.26   41.56   27.27  117.23
1 PREM 0	BGCA    960222_1459     45.21  148.56    5.18   18.42   51.52  130.56   53.78  117.18   22.85   32.21   16.24   26.69  112.85
2 PLVZ 0	DBIC    960222_1459     45.21  148.56    6.67  355.14   56.06  135.85   66.75  103.53   36.10    9.39   19.37    0.50  122.91
1 PREM 0	KMBO    960222_1459     45.21  148.56   -1.13   37.25   47.03  129.26   47.03  127.53    9.75   47.54    8.90   46.71  105.66
2 PLVZ 0	ARU     960317_1448    -14.70  167.30   56.43   58.56   -3.53  159.70    3.25  155.25   53.08   96.47   55.68   83.24  112.53
3 ULVZ 0	HRV     960317_1448    -14.70  167.30   42.51  288.44   -5.63  177.39    6.92  190.70   40.01  245.54   43.44  269.67  122.70
3 ULVZ 0	KEV     960317_1448    -14.70  167.30   69.76   27.01   -1.68  163.91   13.12  160.10   69.81  119.94   75.76   70.27  119.71
3 ULVZ 0	KIV     960317_1448    -14.70  167.30   43.96   42.69   -5.23  157.60    9.37  143.24   42.28   90.11   45.74   61.94  124.87
3 ULVZ 0	LVZ     960317_1448    -14.70  167.30   67.90   34.65   -1.92  163.08   11.76  158.64   67.03  113.24   72.20   73.74  118.80
2 PLVZ 0	MM05    960317_1448    -14.70  167.30   41.65  283.08   -5.89  177.64    3.79  188.43   38.52  246.18   41.65  264.71  118.88
2 PLVZ 0	MM06    960317_1448    -14.70  167.30   41.39  281.87   -5.97  177.71    3.06  187.91   38.11  246.36   41.13  263.63  118.01
2 PLVZ 0	MM08    960317_1448    -14.70  167.30   41.11  279.93   -6.05  177.78    1.93  186.94   37.67  246.54   40.49  261.78  116.57
3 ULVZ 0	OBN     960317_1448    -14.70  167.30   55.11   36.57   -3.20  160.24   14.19  149.72   55.57   98.43   59.11   60.91  124.69
3 ULVZ 0	RAYN    960317_1448    -14.70  167.30   23.52   45.50  -10.07  154.37   -2.26  135.56   18.20   81.49   22.31   60.33  124.65
3 ULVZ 0	ESK0    960502_1334     -4.55  154.83   55.32  356.80    7.74  151.41   29.38  144.68   74.01   80.96   66.68   12.90  126.25
3 ULVZ 0	FRB     960502_1334     -4.55  154.83   63.75  291.45    7.47  159.03   16.33  162.28   70.19  232.01   70.25  260.07  113.06
3 ULVZ 0	GAC     960502_1334     -4.55  154.83   45.70  284.52    5.43  162.74   18.10  173.39   51.36  239.09   50.52  265.20  120.09
2 PLVZ 0	HKT     960502_1334     -4.55  154.83   29.96  264.16    1.88  165.84    4.57  170.44   30.09  242.17   30.44  248.33  109.00
2 PLVZ 0	HRV     960502_1334     -4.55  154.83   42.51  288.44    5.19  163.04   20.46  176.92   49.62  239.43   47.89  270.45  124.09
1 PREM 0	KEG     960502_1334     -4.55  154.83   29.93   31.83    2.27  144.00   11.21  129.48   32.15   67.65   32.16   47.60  120.67
2 PLVZ 0	KEV     960502_1334     -4.55  154.83   69.76   27.01    7.66  151.15   10.42  150.31   72.86   79.78   73.41   70.02  106.62
2 PLVZ 0	KIEV    960502_1334     -4.55  154.83   50.69   29.21    5.92  147.51   15.45  140.61   54.97   71.32   54.88   50.90  115.41
2 PLVZ 0	KIV0    960502_1334     -4.55  154.83   43.96   42.69    4.49  145.79    8.20  142.06   45.00   69.36   45.35   61.93  109.00
1 PREM 0	KONO    960502_1334     -4.55  154.83   59.65    9.60    7.48  150.58   21.72  145.22   70.23   77.61   68.29   34.21  118.83
2 PLVZ 0	LVZ0    960502_1334     -4.55  154.83   67.90   34.65    7.44  150.48    8.82  149.98   69.79   77.31   70.08   73.13  105.19
2 PLVZ 0	MHV     960502_1334     -4.55  154.83   54.96   37.77    6.17  147.89   10.56  145.01   57.01   71.85   57.40   62.21  108.99
1 PREM 0	OBN0    960502_1334     -4.55  154.83   55.11   36.57    6.21  147.95   11.13  144.76   57.36   71.94   57.76   61.07  109.57
1 PREM 0	SCHQ    960502_1334     -4.55  154.83   54.83  293.17    6.89  160.44   21.08  167.91   63.50  235.60   61.93  270.64  119.59
1 PREM 0	DMB2    960827_0624    -22.57  180.21   36.18   73.19  -15.82  168.92   -8.37  158.22   27.88  103.09   32.79   89.34  116.41
3 ULVZ 0	NRIL    960827_0624    -22.57  180.21   69.50   88.44  -10.85  175.39   -3.22  172.51   58.68  133.75   64.21  121.16  111.68
4 ELVZ 0	RES     960827_0624    -22.57  180.21   74.69  265.10  -10.46  183.77   -3.84  185.58   62.28  217.28   67.67  227.35  110.39
2 PLVZ 0	WMQ     960827_0624    -22.57  180.21   43.82   87.70  -14.05  170.42  -11.54  167.79   37.21  108.83   38.88  104.79  107.16
2 PLVZ 0	ZRN     960827_0624    -22.57  180.21   52.95   69.00  -12.83  171.81    0.65  161.46   44.40  114.48   51.42   91.32  120.50
3 ULVZ 0	FFC     961105_0941    -31.16  180.00   54.73  258.02  -20.45  188.28  -16.54  190.91   43.58  235.44   46.77  240.21  108.65
2 PLVZ 0	LBTB    961105_0941    -31.16  180.00  -25.02   25.60  -42.66  172.11  -54.56  159.00  -49.69   43.63  -37.26   32.81  118.72
3 ULVZ 0	MAKZ    961105_0941    -31.16  180.00   46.81   81.98  -22.31  169.25  -12.62  159.68   33.76  113.39   41.25   99.49  117.32
2 PLVZ 0	RES     961105_0941    -31.16  180.00   74.69  265.10  -18.67  184.10   -4.50  188.05   54.97  211.48   67.26  228.52  118.67
2 PLVZ 0	SUR     961105_0941    -31.16  180.00  -32.38   20.81  -43.42  174.16  -51.97  168.31  -53.66   33.47  -45.19   27.19  113.48
2 PLVZ 0	TIXI    961105_0941    -31.16  180.00   71.65  128.87  -18.53  176.45  -13.90  175.31   55.99  152.36   60.30  148.56  108.79
2 PLVZ 0	TLY     961105_0941    -31.16  180.00   51.68  103.64  -20.74  171.27  -18.81  169.85   41.96  122.40   43.56  120.06  106.31
2 PLVZ 0	TLY0    961201_2309    -30.52  180.32   51.68  103.64  -20.02  171.60  -18.43  170.42   42.37  122.17   43.68  120.21  105.98
2 PLVZ 0	BGCA    961222_1453     43.21  138.92    5.18   18.42   47.64  120.93   48.30  115.72   17.97   30.28   15.39   27.74  107.85
2 PLVZ 0	DBIC    961222_1453     43.21  138.92    6.67  355.14   52.14  124.11   59.19   98.39   31.87   12.01   18.51    2.26  120.30
3 ULVZ 0	SDV     961222_1453     43.21  138.92    8.88  289.37   53.54  151.68   63.33  178.94   36.30  273.90   21.27  283.26  121.38
3 ULVZ 0	SJG     961222_1453     43.21  138.92   18.11  293.85   54.77  149.11   62.70  161.60   40.28  283.39   30.91  288.41  114.50
3 ULVZ 0	AAK     970321_1207    -31.16  179.62   42.64   74.49  -23.46  167.96  -12.07  154.51   28.68  108.73   37.64   91.26  120.98
3 ULVZ 0	BDFB    970321_1207    -31.16  179.62  -15.64  311.99  -38.60  192.52  -43.49  205.21  -32.11  292.16  -25.18  301.52  114.57
3 ULVZ 0	BRVK    970321_1207    -31.16  179.62   53.06   70.28  -21.60  169.95   -4.37  156.07   37.87  117.44   49.64   91.65  125.72
3 ULVZ 0	KURK    970321_1207    -31.16  179.62   50.72   78.62  -21.86  169.62   -9.26  158.67   36.51  115.99   45.78   97.90  120.26
3 ULVZ 0	NRIL    970321_1207    -31.16  179.62   69.50   88.44  -19.27  174.14   -4.70  168.51   51.68  139.18   63.42  119.74  119.40
2 PLVZ 0	SJG     970321_1207    -31.16  179.62   18.11  293.85  -29.40  194.41  -25.11  211.49    3.68  267.54   11.68  281.25  119.65
3 ULVZ 0	TLY     970321_1207    -31.16  179.62   51.68  103.64  -20.86  171.00  -18.97  169.60   41.94  122.28   43.51  120.00  106.10
3 ULVZ 0	WMQ     970321_1207    -31.16  179.62   43.82   87.70  -22.66  168.73  -16.73  162.39   32.49  112.06   37.37  103.69  112.27
2 PLVZ 0	MAKZ    970611_0929    -23.97  182.49   46.81   81.98  -14.61  172.28   -7.48  165.39   38.40  112.14   42.86  100.57  114.22
3 ULVZ 0	NRIL    970611_0929    -23.97  182.49   69.50   88.44  -11.49  177.30   -2.68  173.96   58.12  136.20   64.50  121.66  113.77
3 ULVZ 0	PTGA    970611_0929    -23.97  182.49   -0.73  300.03  -26.24  197.15  -26.92  208.57  -11.25  278.36   -6.85  287.71  114.67
3 ULVZ 0	SJG     970611_0929    -23.97  182.49   18.11  293.85  -21.20  196.75  -17.79  208.76    8.68  269.37   13.33  280.44  116.27
1 PREM 0	AAK     970904_0423    -26.57  178.34   42.64   74.49  -18.81  167.70   -9.49  156.99   31.89  106.82   38.40   91.71  117.42
1 PREM 0	BOSA    970904_0423    -26.57  178.34  -28.61   25.26  -37.54  171.16  -50.31  158.68  -52.93   47.43  -40.49   33.62  119.07
2 PLVZ 0	BRVK    970904_0423    -26.57  178.34   53.06   70.28  -17.08  169.58   -2.70  158.30   41.41  114.94   50.25   92.02  121.61
3 ULVZ 0	CCM     970904_0423    -26.57  178.34   38.06  268.76  -19.06  189.12  -17.18  191.52   30.62  250.70   32.13  253.68  106.31
1 PREM 0	CHK     970904_0423    -26.57  178.34   53.68   70.62  -16.98  169.70   -2.60  158.68   41.98  115.52   50.84   92.61  121.44
3 ULVZ 0	FRB     970904_0423    -26.57  178.34   63.75  291.45  -15.58  184.62    2.73  193.78   51.00  229.51   62.35  261.13  123.81
3 ULVZ 0	HRV     970904_0423    -26.57  178.34   42.51  288.44  -18.99  189.06   -6.76  203.32   30.99  250.44   39.13  270.80  121.93
2 PLVZ 0	MAKZ    970904_0423    -26.57  178.34   46.81   81.98  -17.89  168.62  -10.79  161.75   36.81  110.71   41.81   99.91  113.20
3 ULVZ 0	MSEY    970904_0423    -26.57  178.34   -4.67   55.48  -30.35  164.73  -32.66  149.67  -18.47   78.99  -12.00   67.24  116.57
3 ULVZ 0	NIL     970904_0423    -26.57  178.34   33.65   73.25  -20.55  166.36  -13.62  155.20   23.34  101.10   29.04   88.42  116.21
3 ULVZ 0	NRIL    970904_0423    -26.57  178.34   69.50   88.44  -14.99  173.35   -4.40  169.32   55.38  135.55   63.57  120.03  114.74
3 ULVZ 0	PTGA    970904_0423    -26.57  178.34   -0.73  300.03  -29.40  192.10  -30.78  208.47  -14.51  275.44   -7.66  288.15  117.65
2 PLVZ 0	SA16    970904_0423    -26.57  178.34  -28.95   22.20  -37.86  171.87  -51.85  159.65  -54.90   43.58  -41.25   29.77  119.95
2 PLVZ 0	SA17    970904_0423    -26.57  178.34  -28.93   23.23  -37.76  171.64  -51.35  159.33  -54.28   44.85  -41.04   31.02  119.58
2 PLVZ 0	SA18    970904_0423    -26.57  178.34  -28.63   24.31  -37.64  171.37  -50.89  158.80  -53.53   46.32  -40.61   32.38  119.43
3 ULVZ 0	SA23    970904_0423    -26.57  178.34  -27.93   23.40  -37.69  171.48  -51.79  158.09  -53.83   45.74  -40.00   31.22  120.42
2 PLVZ 0	SA24    970904_0423    -26.57  178.34  -27.88   24.24  -37.61  171.30  -51.32  157.97  -53.35   46.66  -39.90   32.22  120.13
2 PLVZ 0	SA31    970904_0423    -26.57  178.34  -27.00   25.02  -37.47  171.02  -51.29  156.75  -52.53   48.14  -38.89   33.17  120.60
3 ULVZ 0	SA46    970904_0423    -26.57  178.34  -24.84   27.11  -37.09  170.30  -50.90  153.82  -50.30   51.77  -36.38   35.66  121.57
2 PLVZ 0	SA51    970904_0423    -26.57  178.34  -23.86   28.16  -36.90  169.96  -50.49  152.68  -49.17   53.42  -35.32   36.96  121.92
2 PLVZ 0	SA81    970904_0423    -26.57  178.34  -30.93   21.27  -38.02  172.29  -51.14  162.01  -55.96   41.23  -43.28   28.73  118.47
3 ULVZ 0	SCCC    970904_0423    -26.57  178.34   41.76  285.33  -19.05  189.11   -8.50  201.67   30.68  250.66   37.96  268.11  119.53
3 ULVZ 0	SDV     970904_0423    -26.57  178.34    8.88  289.37  -26.20  192.25  -25.04  202.52   -1.28  268.65    2.90  277.00  112.71
3 ULVZ 0	SSPA    970904_0423    -26.57  178.34   40.64  282.11  -19.18  189.22  -10.50  199.94   30.02  251.13   36.27  265.46  116.93
1 PREM 0	SUR     970904_0423    -26.57  178.34  -32.38   20.81  -38.12  172.57  -50.37  163.69  -56.62   39.64  -44.85   28.19  117.29
3 ULVZ 0	VASR    970904_0423    -26.57  178.34   41.67  286.10  -19.09  189.14   -8.21  202.18   30.48  250.80   37.96  268.89  120.08
3 ULVZ 0	WCI     970904_0423    -26.57  178.34   38.23  273.71  -19.28  189.30  -15.14  194.70   29.52  251.47   32.77  258.21  110.03
3 ULVZ 0	WICK    970904_0423    -26.57  178.34   42.45  285.07  -18.93  189.01   -8.28  201.41   31.29  250.23   38.58  267.75  119.46
3 ULVZ 0	WIND    970904_0423    -26.57  178.34   42.33  285.73  -18.96  189.04   -8.07  201.79   31.11  250.35   38.55  268.34  119.92
2 PLVZ 0	ZRN     970904_0423    -26.57  178.34   52.95   69.00  -17.10  169.55   -2.13  157.76   41.28  114.81   50.37   90.80  122.37
2 PLVZ 0	EIL     971128_2253    -13.74  291.21   29.67   34.95   -7.73  302.49   -5.25  306.90   26.26   14.10   27.49   19.58  108.55
2 PLVZ 0	ISP     971128_2253    -13.74  291.21   37.84   30.51   -6.14  301.42   -4.87  303.07   34.72   11.27   35.29   13.70  105.64
1 PREM 0	JER     971128_2253    -13.74  291.21   31.77   35.20   -7.32  302.24   -4.50  306.86   28.37   13.44   29.70   19.42  108.95
1 PREM 0	KIEV    971128_2253    -13.74  291.21   50.69   29.21   -4.04  299.38   -2.45  300.68   47.45    5.54   48.13    8.42  105.63
2 PLVZ 0	KIV     971128_2253    -13.74  291.21   43.96   42.69   -5.06  300.49    2.83  308.62   40.94    8.77   43.58   23.67  114.89
2 PLVZ 0	KMBO    971128_2253    -13.74  291.21   -1.13   37.25  -14.46  304.16  -14.51  306.02   -4.91   22.23   -4.48   23.99  105.29
1 PREM 0	RAYN0   971128_2253    -13.74  291.21   23.52   45.50   -9.21  303.20   -3.81  316.11   19.00   16.21   21.92   30.73  117.47
1 PREM 0	ALE     980127_2105    -22.41  179.04   82.50  297.65   -9.97  180.61    2.29  182.07   66.28  197.44   77.58  214.34  115.83
3 ULVZ 0	HRV     980127_2105    -22.41  179.04   42.51  288.44  -14.49  189.26   -4.20  200.95   34.04  252.53   39.92  270.47  118.95
2 PLVZ 0	KURK    980127_2105    -22.41  179.04   50.72   78.62  -13.00  170.29   -5.19  163.75   42.57  111.60   47.17   98.85  113.64
3 ULVZ 0	WICK    980127_2105    -22.41  179.04   42.45  285.07  -14.46  189.23   -5.79  199.10   34.19  252.43   39.34  267.39  116.47
3 ULVZ 0	BDFB    980329_1948    -17.55  180.91  -15.64  311.99  -23.79  192.71  -30.88  211.21  -30.02  281.34  -22.58  299.50  121.46
2 PLVZ 0	BOSA    980329_1948    -17.55  180.91  -28.61   25.26  -28.65  174.26  -48.72  155.84  -57.81   60.95  -40.17   34.25  128.18
2 PLVZ 0	CHK     980329_1948    -17.55  180.91   53.68   70.62   -7.38  173.03    2.57  165.73   48.57  111.91   52.83   93.58  116.03
4 ELVZ 0	CHM     980329_1948    -17.55  180.91   43.00   74.75   -9.12  171.07   -2.46  163.82   37.78  105.11   40.93   93.06  113.56
3 ULVZ 0	CPUP    980329_1948    -17.55  180.91  -26.33  302.67  -24.72  192.12  -27.25  196.71  -34.62  283.41  -32.73  288.76  108.42
2 PLVZ 0	KBS     980329_1948    -17.55  180.91   78.93   11.94   -4.81  180.37    9.90  179.78   72.30  173.01   86.35  141.47  118.40
2 PLVZ 0	KEV     980329_1948    -17.55  180.91   69.76   27.01   -5.01  178.54   16.28  174.62   69.52  148.75   79.10   67.11  125.39
3 ULVZ 0	KURK    980329_1948    -17.55  180.91   50.72   78.62   -7.84  172.43   -2.04  167.63   45.49  109.68   48.28   99.45  111.22
2 PLVZ 0	MAKZ    980329_1948    -17.55  180.91   46.81   81.98   -8.42  171.77   -4.77  168.31   41.88  107.39   43.74  101.04  108.73
1 PREM 0	PTGA    980329_1948    -17.55  180.91   -0.73  300.03  -19.31  194.16  -20.17  208.72   -9.78  273.97   -5.37  287.09  117.40
2 PLVZ 0	SJG     980329_1948    -17.55  180.91   18.11  293.85  -14.48  193.74  -10.74  206.32   11.36  267.22   15.00  279.86  116.55
2 PLVZ 0	SUR     980329_1948    -17.55  180.91  -32.38   20.81  -29.29  175.72  -49.74  162.08  -62.97   52.86  -44.72   28.55  126.56
4 ELVZ 0	TKM2    980329_1948    -17.55  180.91   42.92   75.60   -9.13  171.06   -2.88  164.23   37.71  105.07   40.70   93.79  112.94
2 PLVZ 0	UCH     980329_1948    -17.55  180.91   42.23   74.51   -9.27  170.94   -2.59  163.45   36.97  104.69   40.13   92.54  113.70
2 PLVZ 0	ZRN     980329_1948    -17.55  180.91   52.95   69.00   -7.46  172.91    3.23  164.89   47.98  111.46   52.41   91.70  117.06
2 PLVZ 0	ANTO    980403_2201     -8.15  285.76   39.87   32.79    0.53  296.14    2.98  299.06   39.09   10.07   39.64   14.93  108.27
1 PREM 0	ARU     980403_2201     -8.15  285.76   56.43   58.56    3.82  292.03   16.98  299.17   61.37    2.19   61.85   33.86  119.34
2 PLVZ 0	BILL    980403_2201     -8.15  285.76   68.07  166.45    4.54  281.22    8.06  279.94   68.73  215.19   69.77  205.02  108.21
2 PLVZ 0	ISP     980403_2201     -8.15  285.76   37.84   30.51    0.11  296.48    1.43  298.18   36.81   10.56   37.14   13.22  106.62
1 PREM 0	MHV     980403_2201     -8.15  285.76   54.96   37.77    3.05  293.33    6.99  296.00   55.07    5.28   55.88   13.55  109.21
2 PLVZ 0	OBN     980403_2201     -8.15  285.76   55.11   36.57    3.04  293.34    6.40  295.63   55.01    5.31   55.74   12.35  108.51
3 ULVZ 0	AAK     980414_0341    -23.82  180.13   42.64   74.49  -15.72  169.55   -6.84  159.48   33.66  107.13   39.20   92.11  117.06
2 PLVZ 0	ALE     980414_0341    -23.82  180.13   82.50  297.65  -11.11  181.78    2.14  183.38   65.16  198.12   77.41  215.55  117.10
3 ULVZ 0	BDFB    980414_0341    -23.82  180.13  -15.64  311.99  -30.68  192.25  -37.05  208.55  -31.81  286.03  -23.90  300.39  118.61
3 ULVZ 0	SDV     980414_0341    -23.82  180.13    8.88  289.37  -23.04  194.02  -22.05  201.99    0.57  269.90    3.55  276.70  111.11
2 PLVZ 0	SJG     980414_0341    -23.82  180.13   18.11  293.85  -21.32  193.70  -17.22  208.55    7.79  266.69   13.47  280.38  118.38
3 ULVZ 0	SSPA    980414_0341    -23.82  180.13   40.64  282.11  -16.00  190.89   -9.36  198.93   32.20  254.03   36.60  265.29  114.02
2 PLVZ 0	WMQ     980414_0341    -23.82  180.13   43.82   87.70  -15.15  170.09  -12.26  167.06   36.68  109.22   38.67  104.65  107.92
1 PREM 0	AAK     980516_0222    -22.23  180.48   42.64   74.49  -14.18  170.28   -5.62  160.62   34.55  107.04   39.57   92.28  116.35
2 PLVZ 0	ALE     980516_0222    -22.23  180.48   82.50  297.65   -9.71  182.13    2.12  183.56   66.51  199.32   77.39  215.72  115.48
3 ULVZ 0	BDFB    980516_0222    -22.23  180.48  -15.64  311.99  -28.83  192.37  -35.42  209.30  -31.43  284.73  -23.56  300.14  119.26
2 PLVZ 0	BRVK    980516_0222    -22.23  180.48   53.06   70.28  -12.42  172.18    0.37  162.39   44.75  114.63   51.41   92.62  119.63
1 PREM 0	CHK     980516_0222    -22.23  180.48   53.68   70.62  -12.33  172.30    0.41  162.77   45.32  115.15   51.98   93.22  119.41
2 PLVZ 0	FRB     980516_0222    -22.23  180.48   63.75  291.45  -11.01  186.53    2.92  193.40   54.54  235.16   62.44  261.06  119.07
3 ULVZ 0	HRV     980516_0222    -22.23  180.48   42.51  288.44  -14.22  190.76   -4.77  201.48   34.30  254.11   39.74  270.54  117.78
1 PREM 0	KURK    980516_0222    -22.23  180.48   50.72   78.62  -12.76  171.75   -4.40  164.73   42.63  112.82   47.45   99.01  114.41
2 PLVZ 0	NIL     980516_0222    -22.23  180.48   33.65   73.27  -15.92  168.95   -9.18  158.29   25.60  101.98   30.23   88.95  115.95
3 ULVZ 0	SCCC    980516_0222    -22.23  180.48   41.76  285.33  -14.30  190.83   -6.51  199.86   33.88  254.37   38.56  267.83  115.40
2 PLVZ 0	SCHQ    980516_0222    -22.23  180.48   54.83  293.17  -12.15  188.45    2.07  198.59   46.48  244.76   53.68  269.71  120.99
4 ELVZ 0	SDV     980516_0222    -22.23  180.48    8.88  289.37  -21.34  194.03  -20.36  201.70    1.20  269.83    3.92  276.54  110.76
2 PLVZ 0	SJG     980516_0222    -22.23  180.48   18.11  293.85  -19.61  193.69  -15.59  207.98    8.70  266.74   13.85  280.24  117.81
3 ULVZ 0	SSPA    980516_0222    -22.23  180.48   40.64  282.11  -14.45  190.96   -8.47  198.15   33.10  254.85   36.86  265.16  112.83
1 PREM 0	TLG     980516_0222    -22.23  180.48   43.23   77.23  -14.02  170.42   -6.62  162.28   35.39  107.58   39.82   94.99  114.44
3 ULVZ 0	VASR    980516_0222    -22.23  180.48   41.67  286.10  -14.33  190.86   -6.19  200.35   33.70  254.48   38.56  268.61  115.96
2 PLVZ 0	WICK    980516_0222    -22.23  180.48   42.45  285.07  -14.19  190.73   -6.35  199.62   34.48  254.00   39.16  267.47  115.30
2 PLVZ 0	WIND    980516_0222    -22.23  180.48   42.33  285.73  -14.22  190.76   -6.12  199.99   34.33  254.09   39.14  268.06  115.77
2 PLVZ 0	WMQ     980516_0222    -22.23  180.48   43.82   87.70  -13.67  170.76  -11.18  168.15   37.36  108.89   38.99  104.86  107.12
1 PREM 0	ZRN     980516_0222    -22.23  180.48   52.95   69.00  -12.43  172.17    0.98  161.89   44.68  114.58   51.54   91.37  120.41
2 PLVZ 0	AAK     980709_1445    -30.49  181.01   42.64   74.49  -22.39  168.92  -11.01  155.54   29.29  109.24   37.95   91.45  121.59
2 PLVZ 0	AML     980709_1445    -30.49  181.01   42.13   73.69  -22.52  168.81  -10.98  154.94   28.68  108.75   37.51   90.55  122.04
2 PLVZ 0	KBK     980709_1445    -30.49  181.01   42.66   74.95  -22.35  168.96  -11.12  155.80   29.45  109.37   38.01   91.85  121.28
2 PLVZ 0	KZA     980709_1445    -30.49  181.01   42.08   75.25  -22.46  168.86  -11.59  155.86   28.95  108.96   37.33   91.95  120.91
3 ULVZ 0	NIL     980709_1445    -30.49  181.01   33.65   73.27  -24.35  167.44  -15.97  153.51   20.76  102.95   28.42   88.10  119.98
3 ULVZ 0	SA48    980709_1445    -30.49  181.01  -24.89   29.22  -42.01  172.20  -52.84  159.21  -48.23   47.98  -36.84   37.08  118.38
2 PLVZ 0	UCH     980709_1445    -30.49  181.01   42.23   74.51  -22.47  168.85  -11.25  155.45   28.91  108.94   37.52   91.33  121.48
3 ULVZ 0	ULHL    980709_1445    -30.49  181.01   42.25   76.24  -22.40  168.91  -11.94  156.49   29.22  109.18   37.32   92.90  120.25
2 PLVZ 0	VASR    980709_1445    -30.49  181.01   41.67  286.10  -22.51  193.19  -12.11  205.79   28.71  253.23   36.81  269.52  120.33
3 ULVZ 0	WICK    980709_1445    -30.49  181.01   42.45  285.07  -22.33  193.03  -12.11  205.05   29.53  252.56   37.45  268.39  119.80
2 PLVZ 0	WIND    980709_1445    -30.49  181.01   42.33  285.73  -22.38  193.07  -11.92  205.43   29.33  252.73   37.41  268.97  120.23
2 PLVZ 0	ISP     981008_0451    -16.12  288.60   37.84   30.51   -8.09  299.71   -5.27  303.38   33.79    8.41   35.18   13.74  109.08
1 PREM 0	JER     981008_0451    -16.12  288.60   31.77   35.20   -9.40  300.62   -5.30  307.37   27.35   10.89   29.48   19.48  112.30
1 PREM 0	KEG     981008_0451    -16.12  288.60   29.93   31.83   -9.73  300.81   -7.39  304.96   25.78   11.45   27.12   16.51  109.21
1 PREM 0	KIEV    981008_0451    -16.12  288.60   50.69   29.21   -5.80  297.49   -2.24  300.42   46.59    2.01   48.21    8.38  109.08
1 PREM 0	KIV     981008_0451    -16.12  288.60   43.96   42.69   -6.92  298.70    2.76  308.70   40.03    5.60   43.55   23.68  118.36
3 ULVZ 0	MHV     981008_0451    -16.12  288.60   54.96   37.77   -5.12  296.59    2.81  302.10   50.97  359.04   54.16   14.07  114.11
2 PLVZ 0	MRNI    981008_0451    -16.12  288.60   33.12   35.39   -9.12  300.44   -4.72  307.34   28.66   10.41   30.88   19.43  112.59
1 PREM 0	PUL     981008_0451    -16.12  288.60   59.77   30.32   -4.51  295.63    0.06  298.30   55.31  355.44   57.49    4.14  109.76
1 PREM 0	TRTE    981008_0451    -16.12  288.60   58.38   26.72   -4.69  295.93   -1.76  297.74   54.00  356.62   55.44    2.02  107.91
2 PLVZ 0	WMQ     981011_1204    -21.04  180.89   43.82   87.70  -12.52  171.31  -10.32  169.01   37.86  108.63   39.25  105.02  106.63
3 ULVZ 0	BDFB    981227_0038    -21.63  183.62  -15.64  311.99  -28.20  196.57  -33.20  210.26  -29.14  287.27  -23.09  299.81  117.14
1 PREM 0	BRVK    981227_0038    -21.63  183.62   53.06   70.28  -11.07  174.81    2.17  164.79   45.76  116.36   52.10   92.91  121.06
2 PLVZ 0	HRV     981227_0038    -21.63  183.62   42.51  288.44  -12.96  194.45   -5.83  202.46   35.33  258.30   39.42  270.67  115.11
2 PLVZ 0	MAKZ    981227_0038    -21.63  183.62   46.81   81.98  -12.12  173.57   -5.65  167.37   39.77  111.77   43.45  100.90  113.40
3 ULVZ 0	MSEY    981227_0038    -21.63  183.62   -4.67   55.48  -25.85  169.62  -29.29  149.25  -19.27   84.81  -11.30   67.64  122.83
3 ULVZ 0	NIL     981227_0038    -21.63  183.62   33.65   73.27  -14.91  171.27   -7.44  159.47   25.90  103.80   30.70   89.13  118.25
3 ULVZ 0	SJG     981227_0038    -21.63  183.62   18.11  293.85  -18.53  197.58  -15.49  207.95   10.18  270.32   13.87  280.23  114.84
3 ULVZ 0	WMQ     981227_0038    -21.63  183.62   43.82   87.70  -12.52  173.16   -9.43  169.90   37.60  110.32   39.52  105.18  108.93
1 PREM 0	BB01    990408_1310     43.61  130.35  -28.31   24.75   39.79  114.23   32.06   96.45   -8.57   48.81  -19.67   36.48  119.90
1 PREM 0	BB02    990408_1310     43.61  130.35  -28.38   24.59   39.80  114.23   31.96   96.25   -8.55   48.79  -19.78   36.30  120.06
2 PLVZ 0	BB03    990408_1310     43.61  130.35  -28.41   24.62   39.80  114.23   31.96   96.25   -8.55   48.79  -19.78   36.30  120.05
2 PLVZ 0	BB04    990408_1310     43.61  130.35  -28.40   24.59   39.80  114.23   31.96   96.25   -8.55   48.79  -19.78   36.30  120.07
2 PLVZ 0	BB05    990408_1310     43.61  130.35  -28.44   24.58   39.80  114.23   31.96   96.25   -8.55   48.79  -19.78   36.30  120.10
2 PLVZ 0	BB06    990408_1310     43.61  130.35  -28.45   24.62   39.78  114.24   31.89   96.22   -8.62   48.86  -19.89   36.32  120.08
2 PLVZ 0	BB07    990408_1310     43.61  130.35  -28.42   24.69   39.79  114.23   31.97   96.33   -8.59   48.84  -19.78   36.40  120.01
2 PLVZ 0	BB08    990408_1310     43.61  130.35  -28.43   24.63   39.80  114.23   31.96   96.25   -8.55   48.79  -19.78   36.30  120.06
2 PLVZ 0	BB09    990408_1310     43.61  130.35  -28.45   24.64   39.80  114.23   31.96   96.25   -8.55   48.79  -19.78   36.30  120.07
2 PLVZ 0	BB11    990408_1310     43.61  130.35  -28.47   24.55   39.79  114.23   31.87   96.13   -8.57   48.82  -19.89   36.22  120.14
2 PLVZ 0	BB12    990408_1310     43.61  130.35  -28.53   24.71   39.77  114.24   31.90   96.31   -8.66   48.90  -19.89   36.42  120.06
2 PLVZ 0	BB13    990408_1310     43.61  130.35  -28.54   24.74   39.77  114.24   31.90   96.31   -8.66   48.90  -19.89   36.42  120.05
2 PLVZ 0	BB14    990408_1310     43.61  130.35  -28.54   24.68   39.77  114.24   31.90   96.31   -8.66   48.90  -19.89   36.42  120.09
2 PLVZ 0	BB15    990408_1310     43.61  130.35  -28.58   24.90   39.72  114.27   31.86   96.45   -8.81   49.05  -19.99   36.63  119.96
2 PLVZ 0	BB16    990408_1310     43.61  130.35  -28.58   24.54   39.77  114.24   31.80   96.10   -8.64   48.88  -20.00   36.24  120.21
2 PLVZ 0	BB17    990408_1310     43.61  130.35  -28.56   24.71   39.75  114.25   31.83   96.28   -8.73   48.97  -19.99   36.43  120.08
2 PLVZ 0	BB18    990408_1310     43.61  130.35  -28.67   24.94   39.71  114.28   31.79   96.43   -8.88   49.12  -20.09   36.64  119.98
2 PLVZ 0	BB19    990408_1310     43.61  130.35  -28.60   24.83   39.74  114.26   31.85   96.37   -8.77   49.01  -19.99   36.53  120.02
2 PLVZ 0	BB22    990408_1310     43.61  130.35  -28.63   24.78   39.74  114.26   31.85   96.37   -8.77   49.01  -19.99   36.53  120.07
2 PLVZ 0	BB23    990408_1310     43.61  130.35  -28.65   24.82   39.74  114.26   31.85   96.37   -8.77   49.01  -19.99   36.53  120.05
2 PLVZ 0	BB24    990408_1310     43.61  130.35  -28.64   24.63   39.76  114.25   31.82   96.19   -8.68   48.92  -20.00   36.33  120.18
2 PLVZ 0	BB25    990408_1310     43.61  130.35  -28.67   24.88   39.71  114.28   31.79   96.43   -8.88   49.12  -20.09   36.64  120.02
2 PLVZ 0	BB26    990408_1310     43.61  130.35  -28.67   24.97   39.69  114.28   31.81   96.51   -8.92   49.16  -20.09   36.74  119.96
2 PLVZ 0	BB28    990408_1310     43.61  130.35  -28.69   24.56   39.74  114.26   31.75   96.16   -8.75   48.99  -20.10   36.35  120.26
2 PLVZ 0	BB29    990408_1310     43.61  130.35  -28.70   24.84   39.72  114.27   31.78   96.34   -8.84   49.08  -20.10   36.54  120.07
2 PLVZ 0	BB30    990408_1310     43.61  130.35  -28.80   24.87   39.69  114.29   31.72   96.40   -8.95   49.18  -20.20   36.66  120.11
2 PLVZ 0	BB31    990408_1310     43.61  130.35  -28.79   24.93   39.69  114.29   31.72   96.40   -8.95   49.18  -20.20   36.66  120.07
2 PLVZ 0	BB32    990408_1310     43.61  130.35  -28.81   24.98   39.68  114.29   31.74   96.49   -8.99   49.23  -20.20   36.75  120.04
1 PREM 0	DBIC    990408_1310     43.61  130.35    6.67  355.14   50.64  114.91   54.86   96.41   27.38   11.06   17.92    3.18  115.48
1 PREM 0	KOWA0   990408_1310     43.61  130.35   14.50  355.99   51.38  115.59   53.80  108.50   29.78    7.60   25.82    4.26  108.51
2 PLVZ 0	TEIG    990408_1310     43.61  130.35   20.23  271.72   52.94  143.27   55.16  147.66   34.97  261.91   32.10  264.09  107.00
1 PREM 0	TSUM    990408_1310     43.61  130.35  -19.20   17.58   42.49  113.14   37.71   93.31    0.76   39.84  -10.13   28.24  119.44
1 PREM 0	AAK     990409_1216    -26.35  178.22   42.64   74.49  -18.59  167.62   -9.40  157.08   32.04  106.65   38.43   91.72  117.20
1 PREM 0	AML     990409_1216    -26.35  178.22   42.13   73.69  -18.71  167.52   -9.30  156.51   31.46  106.23   38.00   90.83  117.67
2 PLVZ 0	EKS2    990409_1216    -26.35  178.22   42.66   73.78  -18.59  167.62   -9.04  156.69   32.04  106.65   38.63   91.10  117.72
1 PREM 0	KURK    990409_1216    -26.35  178.22   50.72   78.62  -17.14  169.14   -7.47  160.93   39.95  113.17   46.39   98.34  115.99
3 ULVZ 0	PDG     990409_1216    -26.35  178.22   43.33   79.48  -18.32  167.87  -11.24  160.07   33.47  107.71   38.52   96.55  113.80
3 ULVZ 0	SDV     990409_1216    -26.35  178.22    8.88  289.37  -26.00  192.13  -24.82  202.48   -1.24  268.54    2.95  276.98  112.82
1 PREM 0	UCH     990409_1216    -26.35  178.22   42.23   74.51  -18.66  167.55   -9.60  157.00   31.67  106.38   38.00   91.60  117.10
1 PREM 0	ULHL    990409_1216    -26.35  178.22   42.25   76.24  -18.61  167.60  -10.34  158.01   31.93  106.57   37.79   93.18  115.85
1 PREM 0	WMQ     990409_1216    -26.35  178.22   43.82   87.70  -17.94  168.24  -14.56  164.69   35.46  109.28   37.99  104.18  108.26
1 PREM 0	AAK     990413_1038    -21.42  183.54   42.64   74.49  -12.81  172.66   -3.68  162.42   35.23  108.62   40.17   92.52  118.09
1 PREM 0	AML     990413_1038    -21.42  183.54   42.13   73.69  -12.92  172.57   -3.52  161.81   34.68  108.30   39.75   91.61  118.64
2 PLVZ 0	BDFB    990413_1038    -21.42  183.54  -15.64  311.99  -27.99  196.42  -33.08  210.31  -29.18  287.02  -23.06  299.80  117.32
2 PLVZ 0	DRLN    990413_1038    -21.42  183.54   49.26  302.50  -11.49  192.99    4.02  206.33   42.38  253.62   49.13  281.44  124.81
1 PREM 0	EKS2    990413_1038    -21.42  183.54   42.66   73.78  -12.80  172.67   -3.30  162.06   35.30  108.66   40.38   91.89  118.62
2 PLVZ 0	FRB     990413_1038    -21.42  183.54   63.75  291.45   -9.45  189.90    1.88  195.51   55.55  240.25   61.92  261.46  117.01
3 ULVZ 0	HRV     990413_1038    -21.42  183.54   42.51  288.44  -12.78  194.30   -5.66  202.30   35.42  258.26   39.47  270.65  115.04
1 PREM 0	KBK     990413_1038    -21.42  183.54   42.66   74.95  -12.79  172.68   -3.83  162.67   35.36  108.70   40.22   92.93  117.76
1 PREM 0	KZA     990413_1038    -21.42  183.54   42.08   75.25  -12.90  172.58   -4.23  162.67   34.77  108.35   39.53   93.03  117.49
2 PLVZ 0	LVZ     990413_1038    -21.42  183.54   67.90   34.65   -8.36  180.09   16.13  174.03   64.84  146.98   75.85   72.08  129.66
3 ULVZ 0	MSEY    990413_1038    -21.42  183.54   -4.67   55.48  -25.61  169.56  -29.03  149.22  -19.15   84.88  -11.24   67.67  122.84
1 PREM 0	NIL     990413_1038    -21.42  183.54   33.65   73.27  -14.71  171.22   -7.31  159.56   26.02  103.69   30.74   89.14  118.09
2 PLVZ 0	PDG     990413_1038    -21.42  183.54   43.33   79.48  -12.61  172.85   -5.76  165.38   36.29  109.26   40.18   97.43  114.52
2 PLVZ 0	SCHQ    990413_1038    -21.42  183.54   54.83  293.17  -10.65  191.91    0.95  200.18   47.40  249.48   53.23  269.91  118.60
2 PLVZ 0	SDV     990413_1038    -21.42  183.54    8.88  289.37  -20.16  197.82  -19.63  201.57    2.79  273.15    4.09  276.47  107.89
3 ULVZ 0	SFJ0    990413_1038    -21.42  183.54   67.00  309.38   -8.89  188.61    8.79  195.33   60.00  232.74   69.09  272.57  123.31
3 ULVZ 0	SJG     990413_1038    -21.42  183.54   18.11  293.85  -18.34  197.43  -15.27  207.87   10.24  270.20   13.92  280.21  114.88
2 PLVZ 0	ST28    990413_1038    -21.42  183.54   32.82   88.85  -14.32  171.48  -13.90  170.81   27.82  104.58   28.13  103.78  105.19
2 PLVZ 0	ST29    990413_1038    -21.42  183.54   32.93   88.85  -14.30  171.49  -13.90  170.88   27.93  104.63   28.22  103.89  105.21
2 PLVZ 0	ST30    990413_1038    -21.42  183.54   33.03   88.85  -14.28  171.51  -13.86  170.87   28.02  104.68   28.33  103.90  105.24
2 PLVZ 0	ST31    990413_1038    -21.42  183.54   33.14   88.88  -14.26  171.52  -13.83  170.86   28.11  104.72   28.43  103.92  105.25
2 PLVZ 0	ST32    990413_1038    -21.42  183.54   33.24   88.84  -14.25  171.53  -13.75  170.78   28.18  104.76   28.54  103.84  105.31
2 PLVZ 0	ST33    990413_1038    -21.42  183.54   33.33   88.83  -14.23  171.54  -13.72  170.77   28.28  104.81   28.64  103.86  105.34
2 PLVZ 0	ST35    990413_1038    -21.42  183.54   33.48   88.74  -14.19  171.57  -13.61  170.68   28.44  104.89   28.86  103.80  105.45
2 PLVZ 0	ST36    990413_1038    -21.42  183.54   33.52   88.60  -14.20  171.56  -13.57  170.61   28.41  104.88   28.87  103.70  105.57
2 PLVZ 0	ST37    990413_1038    -21.42  183.54   33.61   88.52  -14.18  171.57  -13.49  170.53   28.48  104.91   28.98  103.63  105.66
1 PREM 0	ST39    990413_1038    -21.42  183.54   33.76   88.40  -14.15  171.60  -13.38  170.44   28.65  104.99   29.20  103.57  105.80
2 PLVZ 0	ST40    990413_1038    -21.42  183.54   33.81   88.31  -14.15  171.60  -13.34  170.37   28.62  104.98   29.21  103.47  105.89
1 PREM 0	TKM2    990413_1038    -21.42  183.54   42.92   75.60  -12.74  172.73   -4.08  163.12   35.60  108.84   40.33   93.65  117.30
1 PREM 0	UCH     990413_1038    -21.42  183.54   42.23   74.51  -12.89  172.59   -3.85  162.30   34.83  108.38   39.74   92.40  118.05
2 PLVZ 0	ULHL    990413_1038    -21.42  183.54   42.25   76.24  -12.87  172.61   -4.66  163.27   34.94  108.45   39.49   94.00  116.77
1 PREM 0	USP     990413_1038    -21.42  183.54   43.27   74.50  -12.67  172.79   -3.38  162.63   35.95  109.05   40.92   92.74  118.13
3 ULVZ 0	WMQ     990413_1038    -21.42  183.54   43.82   87.70  -12.34  173.11   -9.36  169.97   37.71  110.15   39.54  105.19  108.74
2 PLVZ 0	OBN     990426_1817     -1.65  282.22   55.11   36.57    9.69  289.50   10.22  289.85   57.35   10.96   57.36   12.13  105.03
2 PLVZ 0	RAYN    990426_1817     -1.65  282.22   23.52   45.50    4.41  294.22   11.53  309.34   26.65   12.16   25.87   30.63  120.96
1 PREM 0	MSKU0   990512_1759     43.03  143.84   -1.66   13.61   48.19  125.85   50.09  103.06   19.99   32.73    8.79   22.45  119.45
4 ELVZ 0	SJG0    990512_1759     43.03  143.84   18.11  293.85   54.07  155.69   60.11  166.64   38.09  282.82   30.57  287.52  112.93
2 PLVZ 0	ARU     990917_1454    -13.79  167.24   56.43   58.56   -2.66  159.68    3.50  155.63   53.53   95.44   55.79   83.29  111.75
2 PLVZ 0	BRVK    990917_1454    -13.79  167.24   53.06   70.28   -3.16  158.97   -2.55  158.50   50.04   93.18   50.31   92.06  105.14
2 PLVZ 0	CCM0    990917_1454    -13.79  167.24   38.06  268.76   -5.72  178.04   -3.77  180.54   35.06  248.09   35.90  251.83  107.43
2 PLVZ 0	KEV0    990917_1454    -13.79  167.24   69.76   27.01   -0.83  163.85   13.16  160.26   70.45  118.30   75.80   70.26  118.81
3 ULVZ 0	LVZ     990917_1454    -13.79  167.24   67.90   34.65   -1.06  163.03   11.83  158.85   67.62  111.70   72.25   73.74  117.91
