
1. WRA center Lon/Lat: 134.36/-19.9336.

2. Events showing CRZ:

<Lon>    <Lat>   <Depth> <Dist> <ScP_SourceSide_Deg> <ScP/Lon>   <ScP/Lat>
-179.81  -23.80  506     42.58   11.47              167.639556  -24.097926
-179.80  -23.78  539     42.59   11.41              167.717108  -24.084468
-179.76  -23.82  518     42.63   11.45              167.709540  -24.116820
-179.73  -23.87  515     42.65   11.46              167.723906  -24.156653
-179.60  -23.89  534     42.77   11.44              167.873782  -24.180929
-179.49  -23.92  456     42.87   11.60              167.805445  -24.207925
-179.78  -23.91  531     42.60   11.43              167.703153  -24.184355
