-150.47	7.91	-116.672	32.68
-159.62	17.82	-128.113	52.1847
-150.87	8.8	-116.921	34.2623
-150.11	8.53	-115.454	33.6552
-153.77	10.58	-121.866	37.954
-150.42	8.69	-115.998	34.0006
-151.2	8.74	-117.659	34.2388
-151.38	8.78	-118.026	34.3334
-151.38	8.24	-118.415	33.4019
-153.15	10.71	-120.387	38.0345
-150.66	8.41	-116.737	33.5654
-150.27	9.09	-115.381	34.6375
-151.5	8.72	-118.334	34.2535
-150.8	8.45	-117.009	33.65
-151.53	8.63	-118.455	34.1062
-151.48	9.08	-117.994	34.8811
-154.21	10.38	-123.001	37.6978
-151.39	8.41	-118.294	33.7126
-149.7	8.22	-114.827	33.0515
-151.03	9.38	-116.806	35.3018
-153.33	9.74	-121.551	36.3887
-150.73	9.15	-116.335	34.8294
-150.06	8.83	-115.145	34.1574
-155.27	12.02	-124.03	40.8175
-152.54	10.37	-119.319	37.3236
-151.8	8.6	-119.066	34.1082
-151.45	9.44	-117.682	35.4795
-150.54	8.3	-116.562	33.3516
-154.57	12.68	-121.839	41.7826
-154.2	11.06	-122.443	38.8787
-152.28	8.99	-119.814	34.8885
-150.87	8.41	-117.195	33.6
-151.37	8.71	-118.058	34.2236
-149.86	6.9	-116.059	30.8484
-147.79	4.99	-112.856	27.2933
-147.32	4.78	-111.999	26.8889
-146.89	4.29	-111.361	26.0158
-148.09	6.87	-112.32	30.5
-155.04	11.67	-123.82	40.1398
-154.62	11.74	-122.788	40.1767
-153.94	11.48	-121.5	39.5545
-151.75	8.9	-118.724	34.6145
-153.33	10.09	-121.287	37.008
-151.41	8.67	-118.171	34.1484
-149.65	8.97	-114.142	34.3034
-150.55	8.45	-116.459	33.6117
-152.8	9.55	-120.542	35.9452
-150.68	8.28	-116.863	33.3536
-153.97	10.94	-122.015	38.6333
-153.43	10.8	-120.936	38.2571
-153.15	11.1	-120.076	38.7028
-152.3	9.81	-119.244	36.3052
-150.72	8.44	-116.848	33.63
-151.44	8.43	-118.404	33.7435
-153.45	10.37	-121.328	37.5049
-152.98	10.33	-120.33	37.346
-152.16	8.75	-119.715	34.4408
-151.07	8.36	-117.662	33.5526
-150.92	9.75	-116.275	35.8996
-150.84	8.33	-117.171	33.4577
-152.44	9.23	-119.996	35.3142
-150.6	8.41	-116.613	33.5519
-152.41	10.03	-119.312	36.6992
-152.52	10.09	-119.513	36.8202
-152.5	10.2	-119.36	37.0105
-152.46	10.27	-119.214	37.1234
-152.28	10.44	-118.704	37.3593
-152.28	10.84	-118.353	38.0514
-152.56	10.47	-119.279	37.5003
-152.46	10.65	-118.902	37.7834
-152.42	10.78	-118.729	37.98
-152.39	10.89	-118.559	38.1693
-152.85	10.3	-120.058	37.2529
-152.89	10.48	-120.005	37.5882
-152.73	10.85	-119.341	38.18
-150.76	7.97	-117.248	32.841
-150.93	8.69	-117.098	34.1065
-150.12	8.11	-115.8	32.9451
-152.64	10.18	-119.709	37.0069
-152.01	10.29	-118.23	37.0542
-151.71	8.63	-118.82	34.1561
-151.8	10.92	-117.223	38.075
-150.67	9.51	-115.924	35.4358
-153.12	9.55	-121.236	36.0214
-152.89	9.35	-120.87	35.636
-151.45	8.86	-118.118	34.4837
-150.63	8.42	-116.675	33.5736
-149.71	8.63	-114.524	33.7503
-146.63	8.54	-114.58	32.5356
-145.59	8.74	-112.228	32.7006
-145.32	8.69	-111.704	32.5618
-144.88	8.74	-110.739	32.5716
-144.27	8.92	-109.303	32.7663
-145.71	8.28	-112.812	31.9559
-145.1	8.37	-111.457	32.0022
-144.76	8.27	-110.816	31.7748
-144.44	8.42	-110.046	31.9737
-144.1	8.47	-109.259	31.9989
-144.32	8.11	-109.991	31.439
-143.98	8.11	-109.281	31.3757
-153.67	17.04	-122.707	48.7197
-153.5	17.23	-122.085	48.9983
-153.3	17.32	-121.48	49.0983
-152.86	17.37	-120.384	49.048
-152.41	17.4	-119.272	48.9534
-152.16	17.46	-118.585	48.9752
-151.77	17.54	-117.559	48.9813
-151.31	17.62	-116.363	48.958
-151.03	17.67	-115.653	48.9339
-153.81	16.63	-123.504	48.0575
-153.31	16.84	-122.096	48.2641
-152.6	17.08	-120.12	48.4607
-152.27	17.07	-119.333	48.3584
-151.83	17.19	-118.149	48.4226
-151.44	17.2	-117.225	48.2995
-151.15	17.34	-116.367	48.4366
-156.62	18.53	-128.113	52.1847
-148.01	9.41	-116.921	34.2623
-147.23	9.14	-115.454	33.6552
-149.4	12.86	-117.221	40.4314
-153.55	16.62	-122.925	47.9568
-153.51	16.48	-122.972	47.7172
-153	16.55	-121.689	47.6947
-152.75	16.73	-120.894	47.923
-152.37	16.66	-120.061	47.6902
-151.99	16.78	-119.045	47.7849
-151.7	16.85	-118.274	47.8006
-151.33	16.93	-117.308	47.8192
-150.23	17.06	-114.574	47.6795
-149.95	17.17	-113.747	47.7687
-148.52	9.4	-118.026	34.3334
-159.28	19.94	-133.123	55.4689
-148.94	10.59	-118.08	36.4399
-152.99	16.26	-121.989	47.1881
-152.2	16.4	-119.973	47.1936
-151.75	16.39	-118.921	47.0573
-151.51	16.44	-118.309	47.0615
-150.73	16.58	-116.335	47.0477
-150.01	16.75	-114.459	47.0943
-149.64	16.81	-113.506	47.0816
-152.54	13.98	-123.244	43.119
-147.48	13	-112.813	40.195
-153.46	15.81	-123.563	46.5459
-152.43	15.98	-120.979	46.5433
-151.98	16.06	-119.855	46.5585
-151.65	16.08	-119.06	46.4911
-151.29	16.15	-118.146	46.5139
-150.88	16.21	-117.11	46.485
-150.49	16.2	-116.209	46.3559
-150.25	16.29	-115.571	46.4151
-149.72	16.4	-114.188	46.4423
-149.44	16.44	-113.493	46.4162
-149.11	16.51	-112.641	46.4246
-150.94	12.76	-120.728	40.6183
-148.63	13.16	-115.239	40.7448
-153.31	15.48	-123.559	45.9306
-152.45	15.59	-121.459	45.8839
-152.15	15.57	-120.782	45.7664
-151.84	15.69	-119.928	45.8951
-151.36	15.72	-118.777	45.7971
-150.98	15.73	-117.909	45.7087
-150.78	15.93	-117.228	45.9734
-150.34	15.95	-116.155	45.8883
-149.94	15.94	-115.255	45.7565
-149.58	16.03	-114.332	45.7893
-149.21	16.12	-113.37	45.8122
-148.4	10.66	-116.863	36.4672
-153.05	15.17	-123.281	45.3153
-152.7	15.16	-122.478	45.2059
-151.96	15.29	-120.635	45.2357
-151.58	15.37	-119.669	45.2664
-151.3	15.43	-118.96	45.2904
-150.82	15.5	-117.78	45.2781
-150.56	15.56	-117.12	45.2925
-150.25	15.67	-116.268	45.3997
-149.79	15.59	-115.326	45.1285
-149.35	15.66	-114.233	45.0931
-149.09	15.79	-113.46	45.2432
-146.84	8.82	-114.827	33.0515
-147.54	9.77	-115.66	34.7846
-148.73	10.93	-117.366	36.9961
-148.15	10.01	-116.806	35.3018
-152.91	14.82	-123.292	44.6765
-152.46	14.9	-122.186	44.6837
-152.06	14.93	-121.227	44.6473
-151.72	15.03	-120.335	44.7344
-151.37	15	-119.565	44.5913
-150.98	15.03	-118.67	44.5191
-150.61	15.17	-117.664	44.6653
-150.22	15.19	-116.747	44.589
-149.95	15.31	-116.013	44.7035
-149.45	15.3	-114.855	44.5494
-149.21	15.35	-114.255	44.5642
-148.87	15.45	-113.367	44.6165
-148.58	15.51	-112.644	44.6173
-151.3	12.82	-121.461	40.8161
-151.81	15.99	-119.533	46.3925
-149	14.79	-114.414	43.5625
-152.31	13.72	-122.957	42.6071
-147.31	13.88	-111.565	41.6069
-152.74	14.45	-123.278	43.9726
-152.35	14.4	-122.411	43.7941
-151.96	14.66	-121.268	44.1626
-151.48	14.61	-120.211	43.9437
-151.21	14.73	-119.504	44.082
-150.47	14.78	-117.741	43.9733
-149.72	14.88	-115.958	43.9121
-148.97	15.01	-114.117	43.9146
-148.71	15.06	-113.452	43.9286
-148.34	15.17	-112.485	43.9997
-147.9	15.17	-111.487	43.8756
-147.18	9.44	-115.145	34.1574
-152.73	14.1	-123.575	43.3654
-152.48	14.14	-122.965	43.3717
-152.09	14.12	-122.109	43.2406
-151.74	14.19	-121.236	43.2843
-151.28	14.24	-120.153	43.2515
-150.97	14.36	-119.311	43.3736
-150.61	14.4	-118.474	43.358
-150.32	14.44	-117.754	43.3471
-149.93	14.55	-116.767	43.4275
-149.55	14.6	-115.828	43.4151
-149.2	14.57	-115.098	43.25
-148.86	14.71	-114.174	43.3979
-148.57	14.72	-113.518	43.3234
-148.15	14.84	-112.433	43.3998
-152.57	13.78	-123.49	42.7667
-151.22	13.98	-120.251	42.7991
-150.78	13.98	-119.247	42.6912
-150.47	14.06	-118.486	42.7308
-150.15	14.08	-117.725	42.6996
-149.81	14.18	-116.87	42.7779
-149.46	14.23	-116.032	42.7713
-148.97	14.23	-114.903	42.636
-148.63	14.3	-114.084	42.6493
-148.23	14.3	-113.176	42.5452
-148	14.43	-112.531	42.6852
-147.65	14.58	-111.588	42.8321
-149.66	11.01	-119.319	37.3236
-152.49	13.44	-123.602	42.156
-151.77	13.54	-121.891	42.175
-150.66	13.61	-119.34	42.0187
-150.28	13.76	-118.344	42.1901
-149.96	13.71	-117.667	42.0192
-149.47	13.82	-116.471	42.0773
-149.2	13.91	-115.754	42.1669
-148.89	13.95	-115.016	42.146
-148.42	13.99	-113.944	42.0886
-148.12	14.01	-113.24	42.0343
-147.76	14.05	-112.386	42.0041
-147.36	14.13	-111.432	42.0149
-150.56	11.73	-120.74	38.7552
-153.87	18.11	-121.882	50.609
-147.47	15.09	-110.604	43.6124
-151.78	16.04	-119.418	46.4617
-152.48	16.39	-120.666	47.2545
-147.68	8.92	-116.562	33.3516
-152.01	13.07	-122.854	41.392
-151.68	13.04	-122.122	41.2742
-151.66	13.34	-121.839	41.7826
-151.28	13.14	-121.146	41.3593
-150.96	13.1	-120.477	41.2047
-149.73	13.39	-117.45	41.423
-149.37	13.5	-116.54	41.522
-149.04	13.5	-115.791	41.4311
-148.66	13.55	-114.915	41.4157
-148.34	13.56	-114.165	41.3602
-148.03	13.7	-113.347	41.503
-147.64	13.74	-112.448	41.4632
-147.26	13.71	-111.63	41.3146
-151.51	12.67	-122.087	40.577
-151.04	13.49	-120.303	41.9025
-148.6	10.4	-117.489	36.058
-149.73	16.64	-113.941	46.8292
-144.89	11.55	-108.493	37.1996
-148.52	9.34	-118.058	34.2236
-150.59	12.88	-119.835	40.7484
-149.87	13	-118.134	40.7811
-149.63	13.07	-117.524	40.852
-148.86	13.16	-115.736	40.8167
-148.58	13.23	-115.039	40.8522
-148.23	13.28	-114.204	40.8556
-147.8	13.34	-113.187	40.8513
-147.52	13.41	-112.52	40.8903
-147.07	13.49	-111.437	40.8869
-146.83	13.56	-110.834	40.9425
-146.36	13.66	-109.673	40.9763
-146.12	13.65	-109.177	40.8936
-145.22	7.47	-112.32	30.5
-143.7	6.65	-109.636	28.9183
-147.07	9.81	-114.619	34.7676
-153.79	16.25	-123.869	47.3917
-151.74	12.41	-122.788	40.1767
-151.37	12.35	-122.032	39.9971
-151.03	12.57	-121.086	40.32
-150.89	12.38	-120.918	39.962
-150.46	12.56	-119.827	40.165
-150.05	12.61	-118.877	40.1614
-149.33	12.71	-117.19	40.1697
-149.07	12.82	-116.5	40.2917
-148.67	12.78	-115.657	40.1313
-148.31	12.91	-114.745	40.2679
-147.95	12.89	-113.981	40.1314
-147.35	13.06	-112.469	40.2807
-146.92	13.09	-111.502	40.2067
-146.6	13.14	-110.738	40.1948
-146.3	13.23	-110.008	40.2655
-145.94	13.31	-109.124	40.2982
-150.79	15.35	-117.874	45.0215
-151.16	14.39	-119.703	43.4872
-151.06	12.13	-121.5	39.5545
-150.62	12.04	-120.608	39.3028
-150.39	12.29	-119.898	39.6785
-149.17	12.37	-117.14	39.5516
-148.9	12.44	-116.464	39.6202
-148.58	12.45	-115.754	39.553
-148.2	12.46	-114.908	39.4731
-147.81	12.5	-114.016	39.455
-147.44	12.64	-113.069	39.5906
-147.1	12.68	-112.279	39.5708
-146.84	12.74	-111.66	39.6092
-146.42	12.72	-110.74	39.473
-146.24	12.85	-110.246	39.6279
-145.71	12.93	-108.981	39.6333
-146.76	9.57	-114.142	34.3034
-153.52	16.33	-123.154	47.4543
-149.37	11.94	-117.932	38.8606
-148.37	12.06	-115.654	38.8455
-148.06	12.22	-114.83	39.04
-147.69	12.22	-114.02	38.9551
-147.38	12.28	-113.277	38.9882
-147	12.35	-112.379	38.9995
-146.46	12.38	-111.172	38.9176
-146.07	12.55	-110.133	39.1025
-145.66	12.52	-109.263	38.9553
-150.55	11.45	-120.936	38.2571
-150.27	11.74	-120.076	38.7028
-149.33	11.65	-118.106	38.3489
-148.24	11.78	-115.585	38.3489
-147.81	11.83	-114.608	38.3281
-147.49	11.79	-113.969	38.1802
-146.77	11.9	-112.277	38.2108
-146.14	12.12	-110.711	38.4187
-145.78	12.15	-109.894	38.3862
-145.49	12.14	-109.261	38.2916
-147.5	14.93	-110.852	43.3624
-147.68	14.89	-111.32	43.3474
-150.11	10.97	-120.33	37.346
-150	11.3	-119.849	37.8817
-149.19	11.17	-118.171	37.4993
-148.82	11.34	-117.225	37.7243
-148.59	11.49	-116.595	37.923
-147.76	11.41	-114.849	37.6083
-147.32	11.45	-113.86	37.5808
-147.06	11.59	-113.168	37.7601
-146.36	11.66	-111.596	37.7222
-146	11.66	-110.802	37.6354
-145.66	11.74	-109.995	37.6903
-145.3	11.83	-109.137	37.7459
-148.03	10.37	-116.275	35.8996
-148.48	10.31	-117.283	35.8909
-147.49	14.99	-110.755	43.4625
-149.77	11.32	-119.332	37.8796
-146.23	12.53	-110.524	39.1108
-148.06	9.32	-117.098	34.1065
-150.18	10.71	-120.674	36.8953
-147.84	11.18	-115.22	37.2408
-147.5	10.92	-114.715	36.7256
-147.21	11.13	-113.907	37.0195
-146.86	11.2	-113.084	37.0615
-146.55	11.21	-112.382	37.0183
-146.16	11.24	-111.506	36.9839
-145.85	11.29	-110.804	36.9969
-145.47	11.43	-109.874	37.1364
-145.03	11.31	-109.025	36.8299
-148.89	11.54	-117.223	38.075
-148.23	10.96	-116.249	36.9488
-147.78	10.13	-115.924	35.4358
-147.74	10.71	-115.383	36.423
-147.37	10.76	-114.539	36.4321
-147.11	10.78	-113.965	36.4151
-146.77	10.82	-113.18	36.4182
-146.38	10.88	-112.291	36.428
-145.8	10.78	-111.13	36.1428
-145.7	11.07	-110.662	36.5996
-145.31	11.02	-109.87	36.4199
-147.64	10.37	-115.43	35.8384
-147.36	10.34	-114.851	35.7266
-147	10.46	-113.984	35.8522
-146.19	10.54	-112.173	35.8191
-145.17	10.61	-109.933	35.7113
-144.78	10.66	-109.046	35.7147
-150.88	15.71	-117.681	45.64
-147.28	10.1	-114.87	35.301
-146.81	10.03	-113.885	35.099
-146.47	10.14	-113.083	35.2127
-146.1	10.17	-112.267	35.1787
-145.75	10.16	-111.532	35.0951
-145.39	10.19	-110.713	35.0789
-144.96	10.27	-109.736	35.1181
-144.8	10.28	-109.388	35.1118
-150.25	12.09	-119.759	39.3104
-151.71	12.64	-122.541	40.5799
-145.77	10.41	-111.374	35.5169
-150.47	13.88	-118.637	42.4339
-146.68	9.75	-113.83	34.5935
-146.23	9.73	-112.891	34.4692
-145.94	9.77	-112.237	34.4866
-145.57	9.77	-111.441	34.4178
-145.26	9.76	-110.806	34.3371
-144.92	9.91	-109.95	34.5293
-144.61	9.89	-109.29	34.4275
-146.82	9.24	-114.524	33.7503
-146.52	9.31	-113.829	33.8142
-146.18	9.41	-113.005	33.9383
-145.88	9.45	-112.333	33.9535
-145.48	9.46	-111.478	33.8798
-145.16	9.38	-110.844	33.6953
-144.8	9.47	-110.034	33.7776
-144.49	9.62	-109.254	33.9571
-146.04	9.09	-112.946	33.3627
-145.66	9.08	-112.158	33.2893
-145.35	9.15	-111.427	33.341
-144.9	9.17	-110.472	33.2969
-144.66	9.07	-110.036	33.0851
-144.36	9.23	-109.266	33.2921
-148.6	8.43	-114.58	32.5356
-148.28	8.61	-113.767	32.7683
-147.88	8.64	-112.883	32.7513
-147.57	8.65	-112.228	32.7006
-147.31	8.59	-111.704	32.5618
-146.87	8.65	-110.739	32.5716
-146.54	8.73	-109.97	32.6399
-146.27	8.84	-109.303	32.7663
-147.69	8.19	-112.812	31.9559
-147.08	8.28	-111.457	32.0022
-146.75	8.18	-110.816	31.7748
-146.44	8.33	-110.046	31.9737
-146.08	8.39	-109.259	31.9989
-145.74	8.37	-108.527	31.9041
-145.42	8.48	-107.778	32.0094
-146.31	8.02	-109.991	31.439
-145.97	8.02	-109.281	31.3757
-145.62	8.04	-108.528	31.3369
-155.62	17.11	-122.085	48.9983
-150.27	9.44	-117.434	34.5505
-151.01	9.69	-118.83	35.1269
-154.39	16.97	-119.333	48.3584
-149.58	8.42	-116.672	32.68
-149.99	9.3	-116.921	34.2623
-149.21	9.03	-115.454	33.6552
-149.52	9.2	-115.998	34.0006
-150.31	9.25	-117.659	34.2388
-150.5	9.28	-118.026	34.3334
-152.27	11.22	-120.387	38.0345
-149.81	8.51	-117.105	32.8889
-161.41	19.75	-133.123	55.4689
-149.77	8.91	-116.737	33.5654
-155.08	16.14	-121.989	47.1881
-153.85	16.3	-118.921	47.0573
-150.62	9.22	-118.334	34.2535
-149.91	8.95	-117.009	33.65
-150.65	9.13	-118.455	34.1062
-149.31	8.43	-116.101	32.6591
-155.53	15.68	-123.563	46.5459
-154.08	15.96	-119.855	46.5585
-153.75	15.98	-119.06	46.4911
-153.4	16.06	-118.146	46.5139
-150.59	9.59	-117.994	34.8811
-150.69	13.06	-115.239	40.7448
-154.92	15.43	-122.419	45.9325
-153.93	15.58	-119.928	45.8951
-154.21	13.4	-122.827	42.2556
-150.5	8.92	-118.294	33.7126
-150.4	10.55	-116.863	36.4672
-154.76	15.03	-122.478	45.2059
-151.9	15.51	-115.326	45.1285
-148.81	8.72	-114.827	33.0515
-149.53	9.66	-115.66	34.7846
-150.14	9.89	-116.806	35.3018
-149.84	9.65	-116.335	34.8294
-154.34	13.59	-122.957	42.6071
-153.28	14.62	-119.504	44.082
-151.81	14.79	-115.958	43.9121
-151.45	14.78	-115.133	43.7945
-151.08	14.93	-114.117	43.9146
-149.17	9.33	-115.145	34.1574
-150.95	10.01	-118.474	35.6628
-152.68	14.29	-118.474	43.358
-152.01	14.45	-116.767	43.4275
-151.62	14.52	-115.828	43.4151
-151.28	14.48	-115.098	43.25
-151.88	14.09	-116.87	42.7779
-151.54	14.14	-116.032	42.7713
-151.04	14.15	-114.903	42.636
-150.71	14.22	-114.084	42.6493
-150.31	14.23	-113.176	42.5452
-151.54	13.72	-116.471	42.0773
-151.26	13.83	-115.754	42.1669
-150.95	13.87	-115.016	42.146
-150.2	13.94	-113.24	42.0343
-150.92	9.1	-119.066	34.1082
-150.56	9.95	-117.682	35.4795
-153.88	15.93	-119.418	46.4617
-151.42	13.41	-116.54	41.522
-151.09	13.41	-115.791	41.4311
-150.72	13.47	-114.915	41.4157
-150.1	13.63	-113.347	41.503
-151.51	11.09	-118.836	37.6302
-149.51	8.55	-116.422	32.892
-150.59	10.28	-117.489	36.058
-149.99	8.91	-117.195	33.6
-150.91	13.07	-115.736	40.8167
-150.29	13.2	-114.204	40.8556
-149.86	13.27	-113.187	40.8513
-151.11	12.72	-116.5	40.2917
-150.36	12.83	-114.745	40.2679
-150.01	12.8	-113.981	40.1314
-149.41	13	-112.469	40.2807
-150.86	9.41	-118.724	34.6145
-150.93	12.35	-116.464	39.6202
-150.24	12.37	-114.908	39.4731
-149.85	12.42	-114.016	39.455
-149.49	12.56	-113.069	39.5906
-149.15	12.61	-112.279	39.5708
-150.54	9.18	-118.185	34.1714
-148.76	9.47	-114.142	34.3034
-149.79	8.78	-116.863	33.3536
-164.63	21.52	-139.404	59.6659
-150.4	11.96	-115.654	38.8455
-150.1	12.13	-114.83	39.04
-149.73	12.13	-114.02	38.9551
-149.42	12.2	-113.277	38.9882
-149.05	12.27	-112.379	38.9995
-150.55	11.61	-116.302	38.2886
-149.84	11.74	-114.608	38.3281
-149.53	11.69	-113.969	38.1802
-149.15	11.82	-113.021	38.2987
-148.49	11.92	-111.483	38.2843
-151.42	10.32	-119.244	36.3052
-149.84	8.94	-116.848	33.63
-150.56	8.93	-118.404	33.7435
-150.14	9.64	-116.997	34.8753
-150.6	11.38	-116.595	37.923
-150.18	11.28	-115.747	37.6444
-149.78	11.31	-114.849	37.6083
-149.34	11.36	-113.86	37.5808
-149.09	11.51	-113.168	37.7601
-148.72	11.51	-112.363	37.6761
-148.4	11.59	-111.596	37.7222
-148.04	11.6	-110.802	37.6354
-152.47	10.47	-121.447	36.764
-150.19	8.86	-117.662	33.5526
-150.03	10.26	-116.275	35.8996
-150.03	9.2	-117.098	34.1065
-149.23	8.61	-115.8	32.9451
-149.85	11.08	-115.22	37.2408
-149.24	11.04	-113.907	37.0195
-148.88	11.12	-113.084	37.0615
-148.57	11.13	-112.382	37.0183
-148.18	11.17	-111.506	36.9839
-147.88	11.23	-110.804	36.9969
-149.63	8.9	-116.426	33.5234
-150.16	10.55	-116.33	36.4193
-149.38	10.67	-114.539	36.4321
-148.79	10.73	-113.18	36.4182
-148.4	10.8	-112.291	36.428
-147.82	10.71	-111.13	36.1428
-147.73	11	-110.662	36.5996
-150.55	9.09	-118.286	34.0192
-149.64	10.28	-115.43	35.8384
-149.36	10.24	-114.851	35.7266
-149.01	10.36	-113.984	35.8522
-148.57	10.29	-113.105	35.6339
-148.21	10.45	-112.173	35.8191
-147.56	10.43	-110.794	35.6218
-151.26	10.08	-119.085	35.8409
-149.29	9.99	-114.87	35.301
-148.81	9.94	-113.885	35.099
-148.48	10.05	-113.083	35.2127
-147.76	10.07	-111.532	35.0951
-147.4	10.11	-110.713	35.0789
-153.72	12.5	-122.541	40.5799
-148.67	9.65	-113.83	34.5935
-148.23	9.63	-112.891	34.4692
-147.94	9.68	-112.237	34.4866
-147.28	9.67	-110.806	34.3371
-146.94	9.84	-109.95	34.5293
-148.52	9.2	-113.829	33.8142
-148.17	9.32	-113.005	33.9383
-147.87	9.37	-112.333	33.9535
-147.48	9.37	-111.478	33.8798
-147.16	9.3	-110.844	33.6953
-146.81	9.4	-110.034	33.7776
-148.31	8.86	-113.657	33.1999
-148.03	8.99	-112.946	33.3627
-147.34	9.06	-111.427	33.341
-146.9	9.09	-110.472	33.2969
-146.66	8.99	-110.036	33.0851
-146.36	9.15	-109.266	33.2921
-146.02	9.08	-108.592	33.1132
-147.21	7.91	-114.58	32.5356
-146.89	8.08	-113.767	32.7683
-146.48	8.11	-112.883	32.7513
-145.91	8.05	-111.704	32.5618
-145.46	8.11	-110.739	32.5716
-145.13	8.18	-109.97	32.6399
-144.85	8.29	-109.303	32.7663
-144.5	8.19	-108.633	32.5466
-144.11	8.23	-107.785	32.5324
-143.79	8.36	-107.001	32.6995
-143.44	8.36	-106.262	32.6349
-146.29	7.66	-112.812	31.9559
-145.69	7.74	-111.457	32.0022
-145.35	7.63	-110.816	31.7748
-145.03	7.79	-110.046	31.9737
-144.68	7.84	-109.259	31.9989
-144.32	7.81	-108.527	31.9041
-144	7.91	-107.778	32.0094
-143.71	8	-107.101	32.1046
-142.99	8.06	-105.523	32.076
-144.9	7.48	-109.991	31.439
-144.56	7.47	-109.281	31.3757
-144.21	7.48	-108.528	31.3369
-142.83	7.69	-105.483	31.4425
-142.46	7.32	-104.986	30.7862
-154.15	16.62	-122.085	48.9983
-148.89	8.93	-117.434	34.5505
-153.79	16.41	-121.484	48.5183
-152.91	16.47	-119.333	48.3584
-149.78	9.3	-119.104	35.3444
-148.2	7.91	-116.672	32.68
-148.6	8.79	-116.921	34.2623
-147.82	8.51	-115.454	33.6552
-148.14	8.68	-115.998	34.0006
-151.15	14.69	-117.306	44.8525
-152.34	16.24	-118.274	47.8006
-149.11	8.78	-118.026	34.3334
-149.12	8.24	-118.415	33.4019
-150.87	10.74	-120.387	38.0345
-153.52	14.16	-123.305	44.5855
-148.44	8.01	-117.105	32.8889
-148.39	8.41	-116.737	33.5654
-149.54	9.96	-118.08	36.4399
-153.63	15.66	-121.989	47.1881
-152.39	15.79	-118.921	47.0573
-149.24	8.72	-118.334	34.2535
-148.52	8.44	-117.009	33.65
-149.27	8.64	-118.455	34.1062
-148.09	12.38	-112.813	40.195
-154.09	15.21	-123.563	46.5459
-152.62	15.46	-119.855	46.5585
-152.29	15.47	-119.06	46.4911
-151.93	15.55	-118.146	46.5139
-149.2	9.09	-117.994	34.8811
-153.48	14.94	-122.419	45.9325
-152.47	15.09	-119.928	45.8951
-151.42	15.32	-117.228	45.9734
-150.58	15.34	-115.255	45.7565
-152.8	12.93	-122.827	42.2556
-149.12	8.42	-118.294	33.7126
-148.32	8.37	-116.602	33.4947
-149	10.04	-116.863	36.4672
-153.33	14.55	-122.478	45.2059
-152.59	14.68	-120.635	45.2357
-151.93	14.82	-118.96	45.2904
-150.43	14.98	-115.326	45.1285
-149.98	15.04	-114.233	45.0931
-147.42	8.2	-114.827	33.0515
-148.13	9.14	-115.66	34.7846
-149.34	10.31	-117.366	36.9961
-148.75	9.38	-116.806	35.3018
-153.08	14.29	-122.186	44.6837
-149.5	14.84	-113.367	44.6165
-152.45	15.38	-119.533	46.3925
-148.45	9.14	-116.335	34.8294
-149.63	14.18	-114.414	43.5625
-152.93	13.11	-122.957	42.6071
-151.84	14.12	-119.504	44.082
-149.98	14.26	-115.133	43.7945
-149.61	14.39	-114.117	43.9146
-149.34	14.45	-113.452	43.9286
-147.78	8.81	-115.145	34.1574
-149.56	9.51	-118.474	35.6628
-151.24	13.79	-118.474	43.358
-150.17	13.99	-115.828	43.4151
-149.48	14.1	-114.174	43.3979
-148.85	13.69	-113.176	42.5452
-148.62	13.82	-112.531	42.6852
-148.4	8.49	-116.712	33.7141
-148.74	13.39	-113.24	42.0343
-148.37	13.44	-112.386	42.0041
-149.17	9.44	-117.682	35.4795
-152.42	15.43	-119.418	46.4617
-148.27	8.29	-116.562	33.3516
-148.26	13.12	-112.448	41.4632
-151.99	10.68	-122.88	38.1448
-150.11	10.59	-118.836	37.6302
-148.12	8.04	-116.422	32.892
-149.2	9.78	-117.489	36.058
-150.02	9.02	-119.814	34.8885
-148.6	8.41	-117.195	33.6
-145.49	10.93	-108.493	37.1996
-148.14	12.8	-112.52	40.8903
-147.68	12.87	-111.437	40.8869
-147.66	9.19	-114.619	34.7676
-154.42	15.65	-123.869	47.3917
-147.54	12.47	-111.502	40.2067
-149.48	8.91	-118.724	34.6145
-148.05	12.02	-113.069	39.5906
-147.71	12.06	-112.279	39.5708
-147.45	12.12	-111.66	39.6092
-147.02	12.11	-110.74	39.473
-147.35	8.94	-114.142	34.3034
-150.45	9.27	-120.546	35.4077
-148.41	8.28	-116.863	33.3536
-147.99	11.66	-113.277	38.9882
-147.61	11.73	-112.379	38.9995
-147.07	11.75	-111.172	38.9176
-148.84	11.16	-115.585	38.3489
-148.1	11.16	-113.969	38.1802
-147.05	11.38	-111.483	38.2843
-146.75	11.5	-110.711	38.4187
-146.39	11.53	-109.894	38.3862
-146.09	11.52	-109.261	38.2916
-148.45	8.44	-116.848	33.63
-149.18	8.43	-118.404	33.7435
-148.75	9.13	-116.997	34.8753
-147.29	10.97	-112.363	37.6761
-146.97	11.04	-111.596	37.7222
-146.6	11.04	-110.802	37.6354
-146.26	11.12	-109.995	37.6903
-145.9	11.21	-109.137	37.7459
-151.09	9.98	-121.447	36.764
-149.9	8.77	-119.715	34.4408
-149.78	8.53	-119.635	33.9954
-148.81	8.36	-117.662	33.5526
-148.49	7.98	-117.248	32.841
-146.84	11.91	-110.524	39.1108
-148.65	8.69	-117.098	34.1065
-147.14	10.59	-112.382	37.0183
-146.75	10.62	-111.506	36.9839
-146.45	10.67	-110.804	36.9969
-146.07	10.81	-109.874	37.1364
-145.63	10.68	-109.025	36.8299
-153.65	13.67	-124.082	43.7433
-148.24	8.39	-116.426	33.5234
-147.71	10.16	-113.965	36.4151
-147.36	10.2	-113.18	36.4182
-146.97	10.26	-112.291	36.428
-146.4	10.15	-111.13	36.1428
-146.3	10.45	-110.662	36.5996
-145.91	10.39	-109.87	36.4199
-145.59	10.35	-109.208	36.2925
-145.3	10.45	-108.52	36.3758
-147.16	9.76	-113.105	35.6339
-146.79	9.91	-112.173	35.8191
-146.13	9.87	-110.794	35.6218
-145.77	9.98	-109.933	35.7113
-145.14	10.11	-108.466	35.7992
-144.78	10.16	-107.638	35.8054
-149.18	8.86	-118.118	34.4837
-149.87	9.58	-119.085	35.8409
-148.84	8.94	-117.33	34.5606
-147.4	9.41	-113.885	35.099
-146.69	9.54	-112.267	35.1787
-146.35	9.53	-111.532	35.0951
-145.98	9.56	-110.713	35.0789
-145.55	9.64	-109.736	35.1181
-145.4	9.65	-109.388	35.1118
-145	9.72	-108.5	35.1259
-150.86	11.47	-119.759	39.3104
-152.32	12.02	-122.541	40.5799
-148.36	8.41	-116.675	33.5736
-146.37	9.78	-111.374	35.5169
-151.09	13.27	-118.637	42.4339
-146.82	9.1	-112.891	34.4692
-146.53	9.14	-112.237	34.4866
-145.52	9.28	-109.95	34.5293
-145.2	9.26	-109.29	34.4275
-144.87	9.37	-108.498	34.5421
-144.53	9.35	-107.786	34.4457
-147.42	8.61	-114.524	33.7503
-146.77	8.79	-113.005	33.9383
-146.46	8.83	-112.333	33.9535
-146.07	8.83	-111.478	33.8798
-145.75	8.75	-110.844	33.6953
-145.39	8.84	-110.034	33.7776
-145.08	8.98	-109.254	33.9571
-144.68	9	-108.377	33.9085
-144.38	9.1	-107.674	34.0087
-144.04	9.1	-106.965	33.937
-144.06	9.18	-106.921	34.0739
-146.92	8.33	-113.657	33.1999
-146.62	8.46	-112.946	33.3627
-146.25	8.45	-112.158	33.2893
-145.93	8.52	-111.427	33.341
-145.49	8.54	-110.472	33.2969
-145.25	8.44	-110.036	33.0851
-144.94	8.6	-109.266	33.2921
-144.6	8.52	-108.592	33.1132
-144.23	8.69	-107.671	33.3086
-143.89	8.7	-106.964	33.2555
-143.57	8.74	-106.232	33.2621
-145.45	9.99	-111.704	32.5618
-144.41	10.24	-109.303	32.7663
-143.68	10.19	-107.785	32.5324
-143.01	10.34	-106.262	32.6349
-142.67	10.42	-105.454	32.7001
-142.3	10.45	-104.657	32.6588
-142.01	10.48	-104.02	32.6462
-141.72	10.54	-103.357	32.6764
-144.91	9.58	-110.816	31.7748
-144.24	9.79	-109.259	31.9989
-143.89	9.78	-108.527	31.9041
-143.28	9.98	-107.101	32.1046
-142.56	10.05	-105.523	32.076
-142.26	10.11	-104.823	32.1101
-141.92	10.12	-104.101	32.0618
-141.54	10.15	-103.292	32.012
-143.78	9.44	-108.528	31.3369
-142.41	9.67	-105.483	31.4425
-142.16	9.66	-104.971	31.3711
-141.71	9.68	-103.979	31.3165
-141.5	9.74	-103.492	31.3691
-141.19	9.79	-102.81	31.3818
-142.05	9.31	-104.986	30.7862
-141.59	9.29	-104.029	30.6689
-141.34	9.44	-103.402	30.8498
-140.99	9.41	-102.685	30.7263
-141.49	8.92	-104.09	30.0609
-141.29	9	-103.612	30.1456
-140.92	9.06	-102.788	30.1615
-141.42	8.61	-104.133	29.554
-141.05	8.59	-103.389	29.4528
-140.83	8.64	-102.888	29.4862
-153.59	18.44	-122.085	48.9983
-151.13	18.91	-115.653	48.9339
-150.32	19.11	-113.422	48.9725
-150.97	18.66	-115.589	48.4694
-149.78	18.83	-112.562	48.3129
-150.62	16.55	-117.306	44.8525
-146.94	15.98	-109.558	42.7667
-151.8	18.08	-118.274	47.8006
-151.04	18.26	-116.256	47.8397
-149.63	18.53	-112.607	47.775
-149.31	18.62	-111.746	47.8012
-151.84	17.63	-118.921	47.0573
-150.46	17.9	-115.353	47.0528
-149.76	18.07	-113.506	47.0816
-147.83	16.32	-111.185	43.5945
-147.6	14.28	-112.813	40.195
-152.08	17.29	-119.855	46.5585
-151.75	17.31	-119.06	46.4911
-151.4	17.39	-118.146	46.5139
-150.37	17.53	-115.571	46.4151
-147.76	18.14	-108.786	46.4611
-150.89	17.17	-117.228	45.9734
-150.05	17.2	-115.255	45.7565
-149.33	17.38	-113.37	45.8122
-149	17.47	-112.493	45.8409
-148.64	17.51	-111.626	45.7843
-147.77	16.63	-110.699	44.0827
-152.05	16.52	-120.635	45.2357
-149.91	16.84	-115.326	45.1285
-149.46	16.91	-114.233	45.0931
-149.2	17.06	-113.46	45.2432
-148.8	17.09	-112.489	45.166
-148.55	17.18	-111.805	45.2285
-148.16	17.33	-110.74	45.3212
-149.56	16.56	-114.855	44.5494
-149.33	16.62	-114.255	44.5642
-148.17	16.93	-111.248	44.7038
-147.54	17.06	-109.664	44.6769
-151.91	17.22	-119.533	46.3925
-149.12	16.05	-114.414	43.5625
-149.1	16.27	-114.117	43.9146
-148.83	16.33	-113.452	43.9286
-147.68	16.55	-110.576	43.92
-147.31	16.49	-109.817	43.7013
-148.98	15.98	-114.174	43.3979
-148.28	16.11	-112.433	43.3998
-147.25	16.2	-110.02	43.2112
-146.88	16.31	-109.053	43.2649
-148.13	15.7	-112.531	42.6852
-147.49	15.86	-110.92	42.7507
-146.67	16.08	-108.847	42.8247
-147.29	15.5	-110.873	42.0995
-146.23	15.65	-108.34	42.0073
-153.95	19.32	-121.882	50.609
-147.6	16.37	-110.604	43.6124
-151.89	17.27	-119.418	46.4617
-152.58	17.61	-120.666	47.2545
-147.7	16.44	-110.745	43.7486
-149.85	17.9	-113.941	46.8292
-145.03	12.87	-108.493	37.1996
-147.2	14.77	-111.437	40.8869
-146.49	14.95	-109.673	40.9763
-146.27	14.94	-109.177	40.8936
-145.87	14.99	-108.263	40.8338
-147.05	14.38	-111.502	40.2067
-146.09	14.61	-109.124	40.2982
-145.38	14.69	-107.47	40.2149
-151.26	15.63	-119.703	43.4872
-147.57	13.91	-113.069	39.5906
-147.23	13.96	-112.279	39.5708
-146.97	14.03	-111.66	39.6092
-145.85	14.24	-108.981	39.6333
-145.57	14.21	-108.391	39.4998
-144.91	14.39	-106.759	39.5952
-147.13	13.63	-112.379	38.9995
-146.6	13.66	-111.172	38.9176
-146.2	13.85	-110.133	39.1025
-145.8	13.82	-109.263	38.9553
-145.38	13.9	-108.296	38.9541
-144.78	13.95	-106.91	38.8627
-144.34	14.06	-105.834	38.9045
-148.35	13.06	-115.585	38.3489
-147.62	13.06	-113.969	38.1802
-146.9	13.19	-112.277	38.2108
-146.58	13.28	-111.483	38.2843
-145.63	13.44	-109.261	38.2916
-145.23	13.45	-108.379	38.1888
-144.92	13.61	-107.55	38.3685
-144.55	13.59	-106.756	38.2289
-147.82	16.17	-111.32	43.3474
-146.13	12.96	-110.802	37.6354
-145.8	13.04	-109.995	37.6903
-144.85	13.19	-107.792	37.662
-144.45	13.31	-106.829	37.7461
-161.1	23.02	-135.329	59.4601
-144.89	14.13	-106.974	39.1776
-147.62	16.28	-110.755	43.4625
-146.37	13.82	-110.524	39.1108
-146.68	12.5	-112.382	37.0183
-145.61	12.74	-109.874	37.1364
-144.31	12.87	-106.903	37.0138
-143.94	12.95	-106.037	37.0361
-147.71	16.28	-110.951	43.4901
-147.24	12.06	-113.965	36.4151
-146.51	12.17	-112.291	36.428
-145.84	12.37	-110.662	36.5996
-145.45	12.32	-109.87	36.4199
-145.13	12.29	-109.208	36.2925
-144.85	12.39	-108.52	36.3758
-144.13	12.5	-106.855	36.3773
-143.45	12.63	-105.278	36.4093
-142.79	12.74	-103.744	36.3945
-145.68	11.8	-110.794	35.6218
-145.32	11.91	-109.933	35.7113
-144.93	11.97	-109.046	35.7147
-144.33	12.11	-107.638	35.8054
-143.28	12.23	-105.272	35.7259
-143.02	12.35	-104.616	35.8383
-145.52	11.49	-110.713	35.0789
-145.1	11.58	-109.736	35.1181
-144.94	11.59	-109.388	35.1118
-144.55	11.66	-108.5	35.1259
-144.18	11.71	-107.648	35.117
-143.53	11.84	-106.15	35.1605
-143.22	11.92	-105.408	35.2106
-161.28	23.66	-134.881	60.6597
-145.91	11.7	-111.374	35.5169
-150.57	15.12	-118.637	42.4339
-145.07	11.22	-109.95	34.5293
-144.75	11.2	-109.29	34.4275
-144.42	11.32	-108.498	34.5421
-144.09	11.31	-107.786	34.4457
-143.76	11.39	-107.01	34.5058
-143.07	11.53	-105.435	34.5646
-144.94	10.78	-110.034	33.7776
-144.23	10.96	-108.377	33.9085
-143.95	11.06	-107.674	34.0087
-143.61	11.06	-106.965	33.937
-143.21	11.12	-106.055	33.9315
-142.6	11.2	-104.693	33.9229
-152.94	16.78	-122.419	45.9325
-145.04	10.48	-110.472	33.2969
-144.16	10.48	-108.592	33.1132
-143.79	10.65	-107.671	33.3086
-143.46	10.66	-106.964	33.2555
-142.76	10.81	-105.365	33.3298
-142.47	10.81	-104.717	33.2797
-142.14	10.86	-103.98	33.2716
-146.74	7.62	-109.281	31.3757
-151.78	9.28	-118.83	35.1269
-150.35	8	-116.672	32.68
-150.76	8.89	-116.921	34.2623
-149.99	8.63	-115.454	33.6552
-153.43	11.83	-120.36	39.8666
-151.08	8.84	-117.659	34.2388
-151.27	8.33	-118.415	33.4019
-153.04	10.82	-120.387	38.0345
-150.54	8.51	-116.737	33.5654
-151.39	8.82	-118.334	34.2535
-150.69	8.54	-117.009	33.65
-150.08	8.03	-116.101	32.6591
-151.36	9.19	-117.994	34.8811
-151.27	8.52	-118.294	33.7126
-150.47	8.48	-116.602	33.4947
-149.59	8.31	-114.827	33.0515
-150.3	9.26	-115.66	34.7846
-150.92	9.49	-116.806	35.3018
-155.13	13.18	-122.957	42.6071
-149.95	8.92	-115.145	34.1574
-150.57	8.59	-116.712	33.7141
-155.29	12.89	-123.603	42.1578
-151.69	8.7	-119.066	34.1082
-151.34	9.54	-117.682	35.4795
-150.42	8.4	-116.562	33.3516
-154.81	12.52	-122.854	41.392
-154.14	10.74	-122.88	38.1448
-150.28	8.14	-116.422	32.892
-152.17	9.1	-119.814	34.8885
-150.76	8.5	-117.195	33.6
-151.27	8.81	-118.058	34.2236
-154.66	12.3	-122.705	40.974
-149.84	9.3	-114.619	34.7676
-149.53	9.07	-114.142	34.3034
-150.56	8.38	-116.863	33.3536
-150.6	8.54	-116.848	33.63
-153.25	10.05	-121.447	36.764
-150.81	9.86	-116.275	35.8996
-151.25	9.79	-117.283	35.8909
-150.72	8.43	-117.171	33.4577
-152.33	9.32	-119.996	35.3142
-150.49	8.51	-116.613	33.5519
-150.64	8.07	-117.248	32.841
-150.81	8.8	-117.098	34.1065
-151.9	10.4	-118.23	37.0542
-150.56	9.61	-115.924	35.4358
-151.34	8.96	-118.118	34.4837
-150.52	8.51	-116.675	33.5736
-149.59	8.72	-114.524	33.7503
-148.95	8.92	-113.005	33.9383
