15-AUG-1996_19:36:28.610 -2.394300e+01 -1.798950e+02 5.125000e+02 -25.30 167.67
27-MAR-1997_10:02:10.560 -2.377000e+01 1.799140e+02 5.500000e+02 -25.15 167.59
17-JUN-1997_13:52:21.480 -2.383100e+01 1.799900e+02 5.262000e+02 -25.21 167.60
18-JUN-1997_02:29:15.820 -2.408200e+01 1.788250e+02 5.553000e+02 -25.33 166.64
10-SEP-1997_11:11:13.730 -2.373900e+01 1.798100e+02 5.893000e+02 -25.12 167.59
25-NOV-1997_11:43:34.120 -2.388400e+01 -1.799830e+02 5.385000e+02 -25.25 167.65
11-OCT-1998_10:00:27.230 -2.381000e+01 1.799100e+02 5.430000e+02 -25.18 167.57
21-NOV-1998_09:34:27.250 -2.405000e+01 1.799800e+02 5.160000e+02 -25.37 167.56
10-APR-1999_19:31:27.640 -2.379000e+01 1.799900e+02 5.500000e+02 -25.17 167.66
21-APR-1999_04:40:11.000 -2.403000e+01 1.799800e+02 5.210000e+02 -25.36 167.57
28-JUN-1999_09:34:50.920 -2.368000e+01 1.789400e+02 5.680000e+02 -25.03 166.80
04-JUL-1999_09:40:14.730 -2.372000e+01 1.800000e+02 5.000000e+02 -25.13 167.57
30-AUG-1999_19:57:38.550 -2.368000e+01 1.798300e+02 6.180000e+02 -25.07 167.67
20-MAY-2000_09:59:35.240 -2.377000e+01 1.799600e+02 5.470000e+02 -25.16 167.63
25-NOV-2000_02:12:41.570 -2.376000e+01 1.799600e+02 5.190000e+02 -25.15 167.57
08-DEC-2000_06:18:11.430 -2.410000e+01 1.798000e+02 5.420000e+02 -25.40 167.45
