EQdep EQlat EQlon StatLat StatLon MidLat MidLon Dist Azi BAzi Date       
1 1 558.000 -26.820 296.600 34.946 253.543 4.366 276.032 73.709 324.246 140.533 1991 6 23 21 22 28.000
2 2 558.000 -26.820 296.600 38.056 268.755 5.786 283.566 69.617 336.837 153.559 1991 6 23 21 22 28.000
3 3 558.000 -26.820 296.600 35.303 243.190 4.745 271.182 79.775 318.138 133.189 1991 6 23 21 22 28.000
4 4 558.000 -26.820 296.600 35.663 241.530 4.982 270.466 81.014 317.475 132.119 1991 6 23 21 22 28.000
5 5 558.000 -26.820 296.600 34.148 241.830 4.124 270.334 79.818 316.506 132.128 1991 6 23 21 22 28.000
6 6 558.000 -26.820 296.600 34.442 240.290 3.449 270.346 80.965 315.869 131.158 1991 6 23 21 22 28.000
7 1 221.000 -22.670 293.460 34.946 253.543 6.526 274.732 68.688 325.541 140.492 1993 5 24 23 51 28.024
8 2 221.000 -22.670 293.460 37.876 237.764 8.578 267.969 79.767 318.375 129.166 1993 5 24 23 51 28.024
9 3 221.000 -22.670 293.460 38.035 239.615 8.596 268.835 78.745 319.453 130.500 1993 5 24 23 51 28.024
10 4 221.000 -22.670 293.460 35.303 243.190 6.898 270.027 74.786 319.316 132.596 1993 5 24 23 51 28.024
11 5 221.000 -22.670 293.460 35.663 241.530 5.330 270.732 76.033 318.654 131.470 1993 5 24 23 51 28.024
12 6 221.000 -22.670 293.460 37.342 238.360 8.256 268.131 79.063 318.261 129.507 1993 5 24 23 51 28.024
13 7 221.000 -22.670 293.460 37.631 241.166 6.870 270.543 77.554 319.966 131.553 1993 5 24 23 51 28.024
14 8 221.000 -22.670 293.460 39.556 238.500 9.488 268.648 80.391 320.060 129.914 1993 5 24 23 51 28.024
15 9 221.000 -22.670 293.460 34.148 241.830 6.368 269.151 74.848 317.652 131.389 1993 5 24 23 51 28.024
16 10 221.000 -22.670 293.460 33.609 243.540 5.685 270.135 73.431 318.225 132.494 1993 5 24 23 51 28.024
17 11 221.000 -22.670 293.460 35.889 239.570 7.402 268.407 77.387 317.760 130.123 1993 5 24 23 51 28.024
18 12 221.000 -22.670 293.460 33.744 241.600 6.150 268.978 74.726 317.207 131.144 1993 5 24 23 51 28.024
19 13 221.000 -22.670 293.460 36.765 238.560 7.926 268.109 78.573 317.912 129.559 1993 5 24 23 51 28.024
20 14 221.000 -22.670 293.460 37.404 237.830 8.310 267.904 79.429 318.037 129.145 1993 5 24 23 51 28.024
21 15 221.000 -22.670 293.460 34.104 242.900 5.409 270.356 74.157 318.232 132.141 1993 5 24 23 51 28.024
22 16 221.000 -22.670 293.460 32.310 249.220 5.200 272.362 69.115 320.779 136.392 1993 5 24 23 51 28.024
23 17 221.000 -22.670 293.460 34.021 241.710 6.301 269.075 74.839 317.485 131.278 1993 5 24 23 51 28.024
24 18 221.000 -22.670 293.460 34.567 242.670 5.581 270.389 74.608 318.455 132.072 1993 5 24 23 51 28.024
25 19 221.000 -22.670 293.460 40.580 237.460 10.106 268.414 81.658 320.343 129.292 1993 5 24 23 51 28.024
26 1 272.000 -22.380 294.030 34.946 253.543 6.691 275.058 68.751 325.091 139.850 1993 10 19 4 2 21.000
27 2 272.000 -22.380 294.030 40.878 235.923 10.536 268.165 82.876 319.548 127.631 1993 10 19 4 2 21.000
28 3 272.000 -22.380 294.030 32.680 243.328 5.582 270.046 73.085 316.989 131.526 1993 10 19 4 2 21.000
29 4 272.000 -22.380 294.030 37.876 237.764 8.763 268.315 79.903 318.053 128.571 1993 10 19 4 2 21.000
30 5 272.000 -22.380 294.030 38.056 268.755 8.029 282.423 64.638 338.099 154.066 1993 10 19 4 2 21.000
31 6 272.000 -22.380 294.030 38.035 239.615 8.780 269.179 78.870 319.120 129.901 1993 10 19 4 2 21.000
32 7 272.000 -22.380 294.030 35.303 243.190 7.144 270.308 74.913 318.940 131.987 1993 10 19 4 2 21.000
33 8 272.000 -22.380 294.030 35.663 241.530 6.394 270.395 76.166 318.292 130.866 1993 10 19 4 2 21.000
34 9 272.000 -22.380 294.030 37.342 238.360 8.440 268.475 79.201 317.931 128.911 1993 10 19 4 2 21.000
35 10 272.000 -22.380 294.030 40.345 238.390 10.121 269.120 81.075 320.307 129.337 1993 10 19 4 2 21.000
36 11 272.000 -22.380 294.030 39.556 238.500 9.675 268.997 80.510 319.744 129.317 1993 10 19 4 2 21.000
37 12 272.000 -22.380 294.030 34.148 241.830 5.277 270.515 74.992 317.278 130.784 1993 10 19 4 2 21.000
38 13 272.000 -22.380 294.030 33.609 243.540 6.201 270.197 73.569 317.834 131.884 1993 10 19 4 2 21.000
39 14 272.000 -22.380 294.030 36.765 238.560 8.109 268.451 78.714 317.577 128.963 1993 10 19 4 2 21.000
40 15 272.000 -22.380 294.030 34.104 242.900 6.431 270.024 74.295 317.849 131.533 1993 10 19 4 2 21.000
41 16 272.000 -22.380 294.030 32.310 249.220 5.367 272.686 69.227 320.337 135.761 1993 10 19 4 2 21.000
42 17 272.000 -22.380 294.030 34.567 242.670 6.614 270.055 74.743 318.077 131.465 1993 10 19 4 2 21.000
43 18 272.000 -22.380 294.030 40.580 237.460 10.295 268.766 81.774 320.040 128.696 1993 10 19 4 2 21.000
44 19 272.000 -22.380 294.030 41.732 237.280 10.949 268.956 82.599 320.861 128.689 1993 10 19 4 2 21.000
45 1 596.000 -13.339 290.554 40.878 235.923 15.389 266.945 73.872 319.934 124.285 1994 1 10 15 53 50.000
46 2 596.000 -13.339 290.554 32.680 243.328 10.530 268.753 64.261 316.589 127.516 1994 1 10 15 53 50.000
47 3 596.000 -13.339 290.554 37.876 237.764 13.628 267.120 70.995 318.197 124.925 1994 1 10 15 53 50.000
48 4 596.000 -13.339 290.554 38.035 239.615 13.613 267.956 69.899 319.239 126.407 1994 1 10 15 53 50.000
49 5 596.000 -13.339 290.554 44.586 236.697 17.364 268.121 75.531 323.420 125.729 1994 1 10 15 53 50.000
50 6 596.000 -13.339 290.554 35.303 243.190 11.955 269.075 65.960 318.786 128.364 1994 1 10 15 53 50.000
51 7 596.000 -13.339 290.554 35.663 241.530 12.226 268.390 67.251 318.191 127.168 1994 1 10 15 53 50.000
52 8 596.000 -13.339 290.554 37.342 238.360 13.302 267.280 70.301 318.023 125.229 1994 1 10 15 53 50.000
53 9 596.000 -13.339 290.554 40.345 238.390 14.943 267.876 72.030 320.612 126.084 1994 1 10 15 53 50.000
54 10 596.000 -13.339 290.554 34.823 245.400 11.594 270.004 64.252 319.639 129.987 1994 1 10 15 53 50.000
55 11 596.000 -13.339 290.554 39.556 238.500 14.506 267.764 71.499 319.993 125.961 1994 1 10 15 53 50.000
56 12 596.000 -13.339 290.554 34.148 241.830 11.389 268.287 66.144 317.039 126.883 1994 1 10 15 53 50.000
57 13 596.000 -13.339 290.554 33.609 243.540 11.024 268.981 64.688 317.521 128.033 1994 1 10 15 53 50.000
58 14 596.000 -13.339 290.554 36.765 238.560 12.975 267.263 69.838 317.621 125.212 1994 1 10 15 53 50.000
59 15 596.000 -13.339 290.554 34.442 240.290 11.618 267.639 67.345 316.474 125.796 1994 1 10 15 53 50.000
60 16 596.000 -13.339 290.554 37.404 237.830 13.365 267.060 70.682 317.819 124.841 1994 1 10 15 53 50.000
61 17 596.000 -13.339 290.554 34.104 242.900 11.319 268.763 65.411 317.590 127.707 1994 1 10 15 53 50.000
62 18 596.000 -13.339 290.554 34.021 241.710 11.325 268.213 66.148 316.863 126.745 1994 1 10 15 53 50.000
63 19 596.000 -13.339 290.554 34.567 242.670 11.580 268.729 65.844 317.864 127.691 1994 1 10 15 53 50.000
64 20 596.000 -13.339 290.554 40.580 237.460 15.128 267.530 72.744 320.376 125.412 1994 1 10 15 53 50.000
65 21 596.000 -13.339 290.554 41.732 237.280 15.769 267.702 73.522 321.273 125.554 1994 1 10 15 53 50.000
66 1 561.000 -28.299 296.748 32.680 243.328 2.452 270.687 79.061 316.389 133.845 1994 4 29 7 11 29.000
67 2 561.000 -28.299 296.748 35.303 243.190 3.921 271.066 80.960 318.220 134.086 1994 4 29 7 11 29.000
68 3 561.000 -28.299 296.748 34.823 245.400 3.618 272.038 79.336 319.172 135.513 1994 4 29 7 11 29.000
69 4 561.000 -28.299 296.748 34.148 241.830 3.295 270.211 80.978 316.593 133.059 1994 4 29 7 11 29.000
70 5 561.000 -28.299 296.748 33.609 243.540 2.969 270.942 79.577 317.193 134.109 1994 4 29 7 11 29.000
71 6 561.000 -28.299 296.748 34.104 242.900 3.254 270.717 80.303 317.179 133.752 1994 4 29 7 11 29.000
72 7 561.000 -28.299 296.748 34.021 241.710 3.225 270.131 80.964 316.431 132.967 1994 4 29 7 11 29.000
73 1 600.000 -28.501 296.904 34.946 253.543 3.467 276.016 75.226 324.316 141.321 1994 5 10 6 36 28.000
74 2 600.000 -28.501 296.904 32.680 243.328 2.340 270.740 79.302 316.323 133.885 1994 5 10 6 36 28.000
75 3 600.000 -28.501 296.904 38.056 268.755 4.924 283.618 71.263 336.843 153.995 1994 5 10 6 36 28.000
76 4 600.000 -28.501 296.904 33.650 242.990 2.888 270.737 80.176 316.832 133.792 1994 5 10 6 36 28.000
77 5 600.000 -28.501 296.904 35.303 243.190 3.810 271.120 81.202 318.152 134.118 1994 5 10 6 36 28.000
78 6 600.000 -28.501 296.904 34.148 241.830 3.183 270.264 81.218 316.526 133.098 1994 5 10 6 36 28.000
79 7 600.000 -28.501 296.904 33.609 243.540 2.858 270.995 79.818 317.126 134.146 1994 5 10 6 36 28.000
80 8 600.000 -28.501 296.904 34.104 242.900 3.143 270.771 80.544 317.111 133.789 1994 5 10 6 36 28.000
81 9 600.000 -28.501 296.904 32.310 249.220 2.082 273.556 75.567 319.718 137.776 1994 5 10 6 36 28.000
82 10 600.000 -28.501 296.904 34.021 241.710 3.113 270.183 81.205 316.363 133.006 1994 5 10 6 36 28.000
83 11 600.000 -28.501 296.904 34.567 242.670 3.406 270.741 81.001 317.316 133.692 1994 5 10 6 36 28.000
84 1 564.000 -26.642 296.579 34.946 253.543 4.461 276.038 73.555 324.229 140.441 1994 8 19 10 2 51.800
85 2 564.000 -26.642 296.579 38.056 268.755 5.877 283.565 69.447 336.827 153.503 1994 8 19 10 2 51.800
86 3 564.000 -26.642 296.579 35.303 243.190 4.844 271.194 79.630 318.129 133.083 1994 8 19 10 2 51.800
87 4 564.000 -26.642 296.579 34.823 245.400 4.533 272.156 77.990 319.056 134.527 1994 8 19 10 2 51.800
88 5 564.000 -26.642 296.579 34.148 241.830 4.224 270.346 79.676 316.496 132.018 1994 8 19 10 2 51.800
89 6 564.000 -26.642 296.579 33.609 243.540 3.891 271.069 78.265 317.073 133.077 1994 8 19 10 2 51.800
90 7 564.000 -26.642 296.579 33.744 241.600 4.001 270.166 79.549 316.061 131.812 1994 8 19 10 2 51.800
91 8 564.000 -26.642 296.579 32.949 244.280 3.512 271.317 77.362 317.017 133.470 1994 8 19 10 2 51.800
92 9 564.000 -26.642 296.579 32.310 249.220 3.094 273.603 73.969 319.601 136.762 1994 8 19 10 2 51.800
93 10 564.000 -26.642 296.579 34.021 241.710 4.155 270.267 79.666 316.333 131.922 1994 8 19 10 2 51.800
94 1 276.000 -21.999 294.281 34.946 253.543 6.900 275.221 68.574 324.837 139.412 1997 1 23 2 15 22.000
95 2 276.000 -21.999 294.281 32.680 243.328 5.910 270.124 72.967 316.764 131.078 1997 1 23 2 15 22.000
96 3 276.000 -21.999 294.281 37.876 237.764 8.988 268.494 79.777 317.883 128.138 1997 1 23 2 15 22.000
97 4 276.000 -21.999 294.281 37.919 237.848 9.008 268.541 79.752 317.958 128.202 1997 1 23 2 15 22.000
98 5 276.000 -21.999 294.281 37.874 237.739 8.987 268.482 79.791 317.868 128.120 1997 1 23 2 15 22.000
99 6 276.000 -21.999 294.281 38.035 239.615 7.362 270.643 78.737 318.941 129.469 1997 1 23 2 15 22.000
100 7 276.000 -21.999 294.281 36.440 241.920 8.031 270.096 76.304 318.910 130.851 1997 1 23 2 15 22.000
101 8 276.000 -21.999 294.281 33.650 242.990 6.455 270.116 73.816 317.330 131.055 1997 1 23 2 15 22.000
102 9 276.000 -21.999 294.281 35.303 243.190 7.362 270.480 74.781 318.730 131.547 1997 1 23 2 15 22.000
103 10 276.000 -21.999 294.281 35.663 241.530 7.061 270.221 76.039 318.092 130.427 1997 1 23 2 15 22.000
104 11 276.000 -21.999 294.281 37.404 237.760 8.722 268.395 79.489 317.503 128.067 1997 1 23 2 15 22.000
105 12 276.000 -21.999 294.281 37.342 238.360 8.664 268.653 79.076 317.755 128.476 1997 1 23 2 15 22.000
106 13 276.000 -21.999 294.281 40.345 238.390 8.511 270.698 80.932 320.146 128.910 1997 1 23 2 15 22.000
107 14 276.000 -21.999 294.281 37.631 241.166 8.654 270.025 77.537 319.432 130.517 1997 1 23 2 15 22.000
108 15 276.000 -21.999 294.281 34.823 245.400 7.034 271.423 73.118 319.632 133.060 1997 1 23 2 15 22.000
109 16 276.000 -21.999 294.281 39.556 238.500 9.899 269.177 80.372 319.579 128.888 1997 1 23 2 15 22.000
110 17 276.000 -21.999 294.281 34.148 241.830 5.930 270.343 74.872 317.068 130.341 1997 1 23 2 15 22.000
111 18 276.000 -21.999 294.281 33.609 243.540 6.418 270.367 73.444 317.614 131.439 1997 1 23 2 15 22.000
112 19 276.000 -21.999 294.281 35.950 239.460 7.843 268.883 77.516 317.214 129.020 1997 1 23 2 15 22.000
113 20 276.000 -21.999 294.281 36.765 238.560 8.332 268.629 78.592 317.397 128.527 1997 1 23 2 15 22.000
114 21 276.000 -21.999 294.281 34.442 240.290 6.972 268.993 76.039 316.457 129.323 1997 1 23 2 15 22.000
115 22 276.000 -21.999 294.281 32.310 249.220 5.578 272.850 69.084 320.082 135.310 1997 1 23 2 15 22.000
116 23 276.000 -21.999 294.281 34.567 242.670 6.971 270.117 74.617 317.866 131.023 1997 1 23 2 15 22.000
117 24 276.000 -21.999 294.281 40.580 237.460 10.521 268.949 81.633 319.884 128.269 1997 1 23 2 15 22.000
118 25 276.000 -21.999 294.281 41.732 237.280 11.176 269.140 82.453 320.712 128.266 1997 1 23 2 15 22.000
119 1 256.000 -22.982 293.699 34.946 253.543 6.365 274.836 69.069 325.446 140.486 1997 7 20 10 14 22.000
120 2 256.000 -22.982 293.699 38.056 268.755 7.716 282.215 65.081 338.464 154.625 1997 7 20 10 14 22.000
121 3 256.000 -22.982 293.699 38.035 239.615 8.431 268.933 79.125 319.367 130.536 1997 7 20 10 14 22.000
122 4 256.000 -22.982 293.699 33.650 242.990 5.164 270.290 74.176 317.855 132.155 1997 7 20 10 14 22.000
123 5 256.000 -22.982 293.699 35.303 243.190 6.803 270.071 75.166 319.233 132.632 1997 7 20 10 14 22.000
124 6 256.000 -22.982 293.699 39.556 238.500 9.324 268.747 80.771 319.973 129.945 1997 7 20 10 14 22.000
125 7 256.000 -22.982 293.699 33.609 243.540 5.764 270.038 73.809 318.145 132.539 1997 7 20 10 14 22.000
126 8 256.000 -22.982 293.699 32.310 249.220 5.036 272.461 69.495 320.696 136.420 1997 7 20 10 14 22.000
127 1 586.000 -13.740 291.212 40.878 235.923 15.210 267.302 74.590 319.716 124.044 1997 11 28 22 53 41.000
128 2 586.000 -13.740 291.212 37.876 237.764 13.444 267.468 71.719 317.973 124.704 1997 11 28 22 53 41.000
129 3 586.000 -13.740 291.212 37.874 237.739 13.444 267.456 71.734 317.959 124.684 1997 11 28 22 53 41.000
130 4 586.000 -13.740 291.212 38.035 239.615 13.429 268.304 70.619 319.006 126.170 1997 11 28 22 53 41.000
131 5 586.000 -13.740 291.212 37.700 237.000 13.390 267.101 72.119 317.461 124.078 1997 11 28 22 53 41.000
132 6 586.000 -13.740 291.212 38.993 236.930 14.108 267.329 72.891 318.548 124.362 1997 11 28 22 53 41.000
133 7 586.000 -13.740 291.212 37.404 237.760 13.184 267.376 71.454 317.563 124.571 1997 11 28 22 53 41.000
134 8 586.000 -13.740 291.212 37.320 240.680 12.983 268.640 69.515 318.930 126.793 1997 11 28 22 53 41.000
135 9 586.000 -13.740 291.212 37.342 238.360 13.117 267.626 71.026 317.797 125.009 1997 11 28 22 53 41.000
136 10 586.000 -13.740 291.212 39.556 238.500 14.324 268.117 72.216 319.764 125.716 1997 11 28 22 53 41.000
137 11 586.000 -13.740 291.212 33.609 243.540 9.337 270.681 65.414 317.274 127.811 1997 11 28 22 53 41.000
138 12 586.000 -13.740 291.212 35.950 239.460 12.295 267.860 69.502 317.133 125.439 1997 11 28 22 53 41.000
139 13 586.000 -13.740 291.212 36.765 238.560 12.789 267.608 70.565 317.395 124.997 1997 11 28 22 53 41.000
140 14 586.000 -13.740 291.212 40.580 237.460 14.948 267.886 73.459 320.151 125.164 1997 11 28 22 53 41.000
141 15 586.000 -13.740 291.212 37.620 238.240 13.276 267.626 71.263 317.979 124.995 1997 11 28 22 53 41.000
142 1 219.000 -23.934 293.094 34.946 253.543 5.848 274.439 69.539 326.061 141.547 1998 8 30 7 52 25.000
143 2 219.000 -23.934 293.094 38.056 268.755 7.221 281.844 65.764 339.097 155.572 1998 8 30 7 52 25.000
144 3 219.000 -23.934 293.094 38.035 239.615 7.879 268.497 79.486 319.803 131.591 1998 8 30 7 52 25.000
145 4 219.000 -23.934 293.094 37.342 238.360 7.535 267.791 79.781 318.608 130.612 1998 8 30 7 52 25.000
146 5 219.000 -23.934 293.094 39.556 238.500 8.767 268.305 81.143 320.377 130.992 1998 8 30 7 52 25.000
147 6 219.000 -23.934 293.094 36.765 238.560 7.205 267.770 79.285 318.269 130.671 1998 8 30 7 52 25.000
148 7 219.000 -23.934 293.094 41.732 237.280 10.033 268.250 83.264 321.431 130.343 1998 8 30 7 52 25.000
149 1 218.000 -20.934 292.725 34.946 253.543 7.430 274.463 66.877 325.644 140.046 1999 9 15 3 1 24.000
150 2 218.000 -20.934 292.725 37.954 238.134 9.549 267.925 77.841 318.771 128.798 1999 9 15 3 1 24.000
151 3 218.000 -20.934 292.725 37.876 237.764 9.521 267.745 78.021 318.522 128.519 1999 9 15 3 1 24.000
152 4 218.000 -20.934 292.725 37.874 237.739 9.520 267.733 78.035 318.507 128.501 1999 9 15 3 1 24.000
153 5 218.000 -20.934 292.725 38.035 239.615 9.533 268.603 76.988 319.595 129.885 1999 9 15 3 1 24.000
154 6 218.000 -20.934 292.725 38.345 237.542 9.792 267.740 78.450 318.785 128.436 1999 9 15 3 1 24.000
155 7 218.000 -20.934 292.725 37.404 237.760 9.257 267.649 77.731 318.142 128.437 1999 9 15 3 1 24.000
156 8 218.000 -20.934 292.725 37.320 240.680 9.096 268.945 75.882 319.595 130.533 1999 9 15 3 1 24.000
157 9 218.000 -20.934 292.725 37.342 238.360 9.198 267.906 77.319 318.399 128.855 1999 9 15 3 1 24.000
158 10 218.000 -20.934 292.725 39.556 238.500 10.424 268.415 78.627 320.224 129.322 1999 9 15 3 1 24.000
159 11 218.000 -20.934 292.725 33.609 243.540 6.048 270.366 71.687 318.295 131.823 1999 9 15 3 1 24.000
160 12 218.000 -20.934 292.725 35.950 239.460 8.382 268.143 75.756 317.864 129.384 1999 9 15 3 1 24.000
161 13 218.000 -20.934 292.725 38.200 238.060 9.689 267.942 78.041 318.929 128.785 1999 9 15 3 1 24.000
162 14 218.000 -20.934 292.725 36.765 238.560 8.869 267.885 76.833 318.042 128.895 1999 9 15 3 1 24.000
163 15 218.000 -20.934 292.725 40.580 237.460 11.043 268.180 79.891 320.521 128.710 1999 9 15 3 1 24.000
164 16 218.000 -20.934 292.725 37.620 238.240 9.358 267.906 77.567 318.559 128.817 1999 9 15 3 1 24.000
165 17 218.000 -20.934 292.725 41.732 237.280 11.693 268.363 80.717 321.346 128.731 1999 9 15 3 1 24.000
166 1 609.800 -28.384 297.057 34.946 253.543 3.532 276.109 75.211 324.197 141.137 2000 4 23 17 17 56.982
167 2 609.800 -28.384 297.057 32.680 243.328 2.407 270.834 79.311 316.217 133.704 2000 4 23 17 17 56.982
168 3 609.800 -28.384 297.057 38.035 239.615 5.496 270.070 85.166 318.093 131.816 2000 4 23 17 17 56.982
169 4 609.800 -28.384 297.057 44.586 236.697 9.333 270.380 91.115 321.598 130.007 2000 4 23 17 17 56.982
170 5 609.800 -28.384 297.057 34.637 244.620 3.484 271.783 79.901 318.402 134.811 2000 4 23 17 17 56.982
171 6 609.800 -28.384 297.057 33.650 242.991 2.955 270.832 80.183 316.729 133.611 2000 4 23 17 17 56.982
172 7 609.800 -28.384 297.057 34.106 241.546 3.232 270.216 81.371 316.232 132.730 2000 4 23 17 17 56.982
173 8 609.800 -28.384 297.057 37.698 236.999 5.372 268.782 86.509 316.478 130.099 2000 4 23 17 17 56.982
174 9 609.800 -28.384 297.057 33.052 245.173 2.595 271.790 78.459 317.593 134.966 2000 4 23 17 17 56.982
175 10 609.800 -28.384 297.057 35.302 243.194 3.878 271.218 81.202 318.053 133.940 2000 4 23 17 17 56.982
176 11 609.800 -28.384 297.057 35.663 241.526 4.111 270.491 82.438 317.372 132.879 2000 4 23 17 17 56.982
177 12 609.800 -28.384 297.057 33.086 243.404 2.634 270.938 79.544 316.559 133.808 2000 4 23 17 17 56.982
178 13 609.800 -28.384 297.057 34.108 240.934 3.041 270.078 81.747 315.887 132.338 2000 4 23 17 17 56.982
179 14 609.800 -28.384 297.057 36.058 242.511 4.314 271.032 82.125 318.215 133.567 2000 4 23 17 17 56.982
180 15 609.800 -28.384 297.057 34.224 241.947 3.292 270.429 81.207 316.548 133.002 2000 4 23 17 17 56.982
181 16 609.800 -28.384 297.057 34.614 241.276 3.523 270.178 81.879 316.457 132.612 2000 4 23 17 17 56.982
182 17 609.800 -28.384 297.057 34.148 241.828 3.252 270.359 81.228 316.425 132.917 2000 4 23 17 17 56.982
183 18 609.800 -28.384 297.057 33.609 243.545 2.925 271.093 79.821 317.025 133.968 2000 4 23 17 17 56.982
184 19 609.800 -28.384 297.057 33.553 242.338 2.909 270.501 80.512 316.279 133.177 2000 4 23 17 17 56.982
185 20 609.800 -28.384 297.057 35.891 242.717 4.216 271.099 81.890 318.209 133.687 2000 4 23 17 17 56.982
186 21 609.800 -28.384 297.057 34.106 242.902 3.212 270.867 80.551 317.012 133.609 2000 4 23 17 17 56.982
187 22 609.800 -28.384 297.057 34.156 241.181 3.266 270.049 81.627 316.062 132.501 2000 4 23 17 17 56.982
188 23 609.800 -28.384 297.057 32.310 249.215 2.147 273.646 75.568 319.596 137.589 2000 4 23 17 17 56.982
189 1 225.000 -23.548 293.548 35.344 240.896 6.572 268.875 76.917 318.147 131.498 2000 5 12 18 43 18.000
190 2 225.000 -23.548 293.548 32.680 243.328 3.986 270.417 73.637 317.509 132.690 2000 5 12 18 43 18.000
191 3 225.000 -23.548 293.548 37.954 238.134 8.118 268.103 80.299 318.682 129.962 2000 5 12 18 43 18.000
192 4 225.000 -23.548 293.548 37.876 237.764 8.088 267.919 80.475 318.431 129.693 2000 5 12 18 43 18.000
193 5 225.000 -23.548 293.548 37.919 237.848 8.109 267.966 80.451 318.508 129.757 2000 5 12 18 43 18.000
194 6 225.000 -23.548 293.548 37.874 237.739 8.087 267.907 80.488 318.416 129.675 2000 5 12 18 43 18.000
195 7 225.000 -23.548 293.548 34.333 241.974 5.983 269.206 75.584 317.982 132.072 2000 5 12 18 43 18.000
196 8 225.000 -23.548 293.548 33.402 241.585 5.476 268.872 75.206 317.043 131.619 2000 5 12 18 43 18.000
197 9 225.000 -23.548 293.548 38.035 239.613 8.110 268.788 79.463 319.515 131.015 2000 5 12 18 43 18.000
198 10 225.000 -23.548 293.548 38.345 237.542 8.360 267.916 80.909 318.683 129.597 2000 5 12 18 43 18.000
199 11 225.000 -23.548 293.548 36.440 241.920 5.922 270.459 77.030 319.552 132.412 2000 5 12 18 43 18.000
200 12 225.000 -23.548 293.548 34.637 244.620 6.086 270.492 74.194 319.756 134.025 2000 5 12 18 43 18.000
201 13 225.000 -23.548 293.548 33.650 242.991 4.485 270.427 74.501 318.049 132.655 2000 5 12 18 43 18.000
202 14 225.000 -23.548 293.548 34.106 241.546 5.868 268.968 75.696 317.563 131.728 2000 5 12 18 43 18.000
203 15 225.000 -23.548 293.548 37.698 236.999 8.015 267.536 80.830 317.902 129.140 2000 5 12 18 43 18.000
204 16 225.000 -23.548 293.548 33.052 245.173 5.206 270.512 72.763 318.905 134.090 2000 5 12 18 43 18.000
205 17 225.000 -23.548 293.548 38.993 236.928 8.748 267.778 81.691 318.880 129.245 2000 5 12 18 43 18.000
206 18 225.000 -23.548 293.548 35.663 241.526 4.698 270.778 76.745 318.742 131.998 2000 5 12 18 43 18.000
207 19 225.000 -23.548 293.548 37.404 237.761 7.822 267.822 80.175 318.062 129.629 2000 5 12 18 43 18.000
208 20 225.000 -23.548 293.548 34.108 240.934 5.884 268.682 76.078 317.218 131.302 2000 5 12 18 43 18.000
209 21 225.000 -23.548 293.548 41.902 239.697 9.221 270.359 81.964 322.499 131.550 2000 5 12 18 43 18.000
210 22 225.000 -23.548 293.548 36.058 242.511 6.242 270.254 76.420 319.596 132.770 2000 5 12 18 43 18.000
211 23 225.000 -23.548 293.548 34.224 241.947 5.923 269.175 75.527 317.882 132.032 2000 5 12 18 43 18.000
212 24 225.000 -23.548 293.548 34.825 245.401 6.170 270.886 73.865 320.363 134.635 2000 5 12 18 43 18.000
213 25 225.000 -23.548 293.548 39.555 238.500 9.000 268.600 81.113 320.106 130.419 2000 5 12 18 43 18.000
214 26 225.000 -23.548 293.548 34.614 241.276 6.157 268.927 76.201 317.801 131.634 2000 5 12 18 43 18.000
215 27 225.000 -23.548 293.548 34.148 241.829 5.884 269.107 75.550 317.757 131.934 2000 5 12 18 43 18.000
216 28 225.000 -23.548 293.548 33.609 243.545 5.100 270.173 74.134 318.345 133.040 2000 5 12 18 43 18.000
217 29 225.000 -23.548 293.548 35.408 239.454 6.649 268.218 77.848 317.405 130.505 2000 5 12 18 43 18.000
218 30 225.000 -23.548 293.548 35.945 239.458 6.949 268.318 78.194 317.823 130.594 2000 5 12 18 43 18.000
219 31 225.000 -23.548 293.548 33.354 243.137 4.382 270.404 74.210 317.910 132.698 2000 5 12 18 43 18.000
220 32 225.000 -23.548 293.548 38.203 238.065 8.260 268.122 80.501 318.839 129.945 2000 5 12 18 43 18.000
221 33 225.000 -23.548 293.548 33.743 241.596 5.665 268.932 75.425 317.312 131.693 2000 5 12 18 43 18.000
222 34 225.000 -23.548 293.548 36.764 238.553 7.436 268.057 79.280 317.976 130.089 2000 5 12 18 43 18.000
223 35 225.000 -23.548 293.548 34.441 240.285 6.086 268.434 76.701 317.111 130.913 2000 5 12 18 43 18.000
224 36 225.000 -23.548 293.548 33.553 242.338 3.644 270.749 74.838 317.595 132.175 2000 5 12 18 43 18.000
225 37 225.000 -23.548 293.548 35.891 242.717 6.322 270.188 76.185 319.587 132.888 2000 5 12 18 43 18.000
226 38 225.000 -23.548 293.548 34.106 242.902 4.809 270.397 74.864 318.345 132.683 2000 5 12 18 43 18.000
227 39 225.000 -23.548 293.548 34.156 241.181 5.905 268.805 75.956 317.394 131.483 2000 5 12 18 43 18.000
228 40 225.000 -23.548 293.548 34.561 242.670 4.969 270.432 75.311 318.555 132.608 2000 5 12 18 43 18.000
229 41 225.000 -23.548 293.548 37.622 238.243 7.928 268.085 80.021 318.480 129.993 2000 5 12 18 43 18.000
230 1 273.000 -19.520 293.750 40.878 235.923 12.135 268.305 80.543 319.407 125.963 2001 6 29 18 35 51.000
231 2 273.000 -19.520 293.750 35.344 240.896 7.345 270.624 74.077 317.340 128.570 2001 6 29 18 35 51.000
232 3 273.000 -19.520 293.750 32.680 243.328 7.263 270.063 70.833 316.515 129.676 2001 6 29 18 35 51.000
233 4 273.000 -19.520 293.750 37.954 238.134 10.384 268.629 77.428 318.056 127.105 2001 6 29 18 35 51.000
234 5 273.000 -19.520 293.750 37.876 237.764 10.358 268.449 77.615 317.812 126.826 2001 6 29 18 35 51.000
235 6 273.000 -19.520 293.750 37.919 237.848 10.378 268.495 77.588 317.888 126.893 2001 6 29 18 35 51.000
236 7 273.000 -19.520 293.750 37.874 237.739 10.358 268.437 77.630 317.798 126.807 2001 6 29 18 35 51.000
237 8 273.000 -19.520 293.750 34.333 241.974 7.509 270.303 72.753 317.101 129.115 2001 6 29 18 35 51.000
238 9 273.000 -19.520 293.750 33.402 241.585 6.269 270.634 72.423 316.130 128.609 2001 6 29 18 35 51.000
239 10 273.000 -19.520 293.750 38.035 239.613 8.648 270.699 76.552 318.854 128.191 2001 6 29 18 35 51.000
240 11 273.000 -19.520 293.750 38.345 237.542 10.631 268.447 78.036 318.088 126.747 2001 6 29 18 35 51.000
241 12 273.000 -19.520 293.750 36.440 241.920 9.383 270.034 74.120 318.768 129.559 2001 6 29 18 35 51.000
242 13 273.000 -19.520 293.750 34.637 244.620 8.297 270.961 71.278 318.825 131.139 2001 6 29 18 35 51.000
243 14 273.000 -19.520 293.750 43.119 236.757 13.341 269.201 81.372 321.606 126.866 2001 6 29 18 35 51.000
244 15 273.000 -19.520 293.750 33.650 242.991 7.807 270.056 71.668 317.111 129.684 2001 6 29 18 35 51.000
245 16 273.000 -19.520 293.750 33.052 245.173 7.413 270.976 69.891 317.884 131.133 2001 6 29 18 35 51.000
246 17 273.000 -19.520 293.750 35.302 243.194 8.709 270.416 72.597 318.551 130.241 2001 6 29 18 35 51.000
247 18 273.000 -19.520 293.750 35.663 241.526 8.294 270.282 73.875 317.933 129.098 2001 6 29 18 35 51.000
248 19 273.000 -19.520 293.750 40.817 235.970 12.099 268.312 80.478 319.379 125.990 2001 6 29 18 35 51.000
249 20 273.000 -19.520 293.750 33.086 243.404 7.484 270.160 71.042 316.888 129.839 2001 6 29 18 35 51.000
250 21 273.000 -19.520 293.750 37.404 237.761 10.094 268.352 77.335 317.424 126.739 2001 6 29 18 35 51.000
251 22 273.000 -19.520 293.750 37.324 240.681 9.037 270.361 75.447 318.826 128.834 2001 6 29 18 35 51.000
252 23 273.000 -19.520 293.750 34.108 240.934 6.250 270.818 73.285 316.354 128.315 2001 6 29 18 35 51.000
253 24 273.000 -19.520 293.750 37.342 238.357 10.032 268.605 76.918 317.666 127.154 2001 6 29 18 35 51.000
254 25 273.000 -19.520 293.750 36.058 242.511 9.150 270.234 73.509 318.780 129.911 2001 6 29 18 35 51.000
255 26 273.000 -19.520 293.750 34.224 241.947 7.380 270.333 72.702 316.997 129.069 2001 6 29 18 35 51.000
256 27 273.000 -19.520 293.750 39.555 238.500 11.260 269.123 78.171 319.533 127.644 2001 6 29 18 35 51.000
257 28 273.000 -19.520 293.750 34.614 241.276 7.054 270.576 73.378 316.951 128.678 2001 6 29 18 35 51.000
258 29 273.000 -19.520 293.750 34.148 241.828 7.189 270.400 72.731 316.871 128.965 2001 6 29 18 35 51.000
259 30 273.000 -19.520 293.750 35.408 239.454 8.907 268.732 75.043 316.639 127.553 2001 6 29 18 35 51.000
260 31 273.000 -19.520 293.750 35.945 239.458 9.206 268.832 75.368 317.080 127.668 2001 6 29 18 35 51.000
261 32 273.000 -19.520 293.750 33.354 243.137 7.640 270.077 71.385 316.954 129.715 2001 6 29 18 35 51.000
262 33 273.000 -19.520 293.750 38.203 238.065 10.527 268.649 77.622 318.225 127.098 2001 6 29 18 35 51.000
263 34 273.000 -19.520 293.750 33.743 241.596 6.585 270.573 72.628 316.414 128.700 2001 6 29 18 35 51.000
264 35 273.000 -19.520 293.750 36.764 238.553 9.701 268.579 76.445 317.291 127.184 2001 6 29 18 35 51.000
265 36 273.000 -19.520 293.750 33.553 242.338 7.170 270.261 72.027 316.668 129.187 2001 6 29 18 35 51.000
266 37 273.000 -19.520 293.750 35.891 242.717 9.050 270.298 73.274 318.759 130.025 2001 6 29 18 35 51.000
267 38 273.000 -19.520 293.750 34.106 242.902 8.062 270.087 72.016 317.430 129.734 2001 6 29 18 35 51.000
268 39 273.000 -19.520 293.750 34.156 241.181 6.540 270.696 73.154 316.526 128.502 2001 6 29 18 35 51.000
269 40 273.000 -19.520 293.750 34.484 241.888 7.560 270.317 72.903 317.176 129.089 2001 6 29 18 35 51.000
270 41 273.000 -19.520 293.750 34.561 242.670 8.320 270.054 72.452 317.667 129.676 2001 6 29 18 35 51.000
271 42 273.000 -19.520 293.750 40.580 237.459 11.885 268.897 79.427 319.869 127.042 2001 6 29 18 35 51.000
272 43 273.000 -19.520 293.750 37.622 238.243 10.194 268.610 77.160 317.839 127.123 2001 6 29 18 35 51.000
273 44 273.000 -19.520 293.750 41.732 237.290 12.537 269.090 80.223 320.724 127.082 2001 6 29 18 35 51.000
