-151.268 3.3384 
-150.997 3.14876 
-150.692 3.0085 
-150.364 2.91746 
-150.02 2.87271 
-149.896 2.73224 
-149.665 2.49593 
-149.395 2.30599 
-149.091 2.16541 
-148.762 2.07406 
-148.419 2.02902 
-148.108 1.90904 
-147.804 1.76832 
-147.476 1.67682 
-147.132 1.63164 
-146.782 1.62784 
-146.433 1.65935 
-146.091 1.71974 
-145.76 1.80287 
-145.444 1.90323 
-145.144 2.01617 
-144.86 2.13789 
-144.592 2.2654 
-144.34 2.39641 
-144.104 2.5292 
-143.881 2.66256 
-143.671 2.79561 
-143.474 2.92778 
-143.286 3.05873 
-143.109 3.18826 
-142.941 3.31633 
-142.78 3.44297 
-142.626 3.56828 
-142.479 3.69242 
-142.337 3.8156 
-142.2 3.93804 
-142.068 4.06001 
-141.94 4.18176 
-141.814 4.3036 
-141.692 4.42583 
-141.572 4.54878 
-141.455 4.67279 
-141.339 4.79823 
-141.224 4.92547 
-141.11 5.05491 
-140.998 5.187 
-140.885 5.32219 
-140.773 5.46098 
-140.66 5.6039 
-140.548 5.75154 
-140.435 5.90451 
-140.321 6.0635 
-140.206 6.22924 
-140.091 6.40254 
-139.974 6.58425 
-139.857 6.7753 
-139.739 6.97667 
-139.621 7.18938 
-139.503 7.4145 
-139.387 7.65307 
-139.272 7.90606 
-139.161 8.17429 
-139.055 8.45834 
-138.958 8.75834 
-138.873 9.07379 
-138.804 9.40331 
-138.756 9.74434 
-138.735 10.0929 
-138.746 10.4433 
-138.797 10.7883 
-138.891 11.1192 
-139.034 11.4265 
-139.148 11.7892 
-139.242 12.1203 
-139.231 12.3309 
-139.16 12.66 
-139.109 13.0008 
-139.086 13.3492 
-139.095 13.6997 
-139.145 14.045 
-139.239 14.3763 
-139.268 14.776 
-139.177 15.0906 
-139.103 15.4195 
-139.051 15.76 
-139.025 16.1083 
-139.033 16.4589 
-139.082 16.8043 
-139.175 17.1361 
-139.319 17.4448 
-139.512 17.721 
-139.668 17.8823 
-139.94 18.0876 
-140.25 18.2443 
-140.596 18.5853 
-140.79 18.8618 
-140.946 19.0234 
-141.22 19.2292 
-141.532 19.3863 
-141.873 19.4941 
-142.234 19.5545 
-142.605 19.5721 
-142.976 19.5524 
-143.341 19.5019 
-143.695 19.4268 
-144.034 19.3326 
-144.356 19.2243 
-144.661 19.106 
-144.947 18.9807 
-145.216 18.8512 
-145.469 18.7191 
-145.706 18.5859 
-145.929 18.4525 
-146.139 18.3197 
-146.337 18.1879 
-146.524 18.0573 
-146.702 17.9279 
-146.871 17.7999 
-147.032 17.6732 
-147.186 17.5475 
-147.334 17.4227 
-147.476 17.2987 
-147.614 17.1751 
-147.747 17.0517 
-147.876 16.9282 
-148.002 16.8044 
-148.125 16.6797 
-148.246 16.5541 
-148.365 16.427 
-148.482 16.2981 
-148.597 16.167 
-148.712 16.0333 
-148.826 15.8965 
-148.939 15.7561 
-149.376 15.6714 
-149.645 15.6878 
-149.981 15.7941 
-150.334 15.8531 
-150.698 15.8693 
-151.061 15.8485 
-151.419 15.7969 
-151.765 15.7209 
-152.097 15.6261 
-152.413 15.5173 
-152.711 15.3985 
-152.991 15.273 
-153.255 15.1433 
-153.503 15.0111 
-153.735 14.8779 
-153.954 14.7446 
-154.16 14.6118 
-154.355 14.4801 
-154.538 14.3496 
-154.713 14.2205 
-154.879 14.0927 
-155.037 13.9662 
-155.189 13.8408 
-155.334 13.7163 
-155.474 13.5925 
-155.61 13.4692 
-155.741 13.3461 
-155.868 13.2229 
-155.992 13.0994 
-156.114 12.9751 
-156.233 12.8497 
-156.35 12.723 
-156.465 12.5945 
-156.579 12.4638 
-156.693 12.3304 
-156.805 12.194 
-156.917 12.054 
-157.029 11.9099 
-157.141 11.7612 
-157.252 11.6071 
-157.365 11.447 
-157.478 11.2803 
-157.591 11.106 
-157.705 10.9234 
-157.819 10.7316 
-157.933 10.5295 
-158.048 10.3161 
-158.161 10.0905 
-158.273 9.85159 
-158.383 9.59837 
-158.488 9.33005 
-158.588 9.04608 
-158.679 8.7463 
-158.757 8.43119 
-158.821 8.10209 
-158.863 7.76148 
-158.879 7.41327 
-158.864 7.06298 
-158.811 6.7178 
-158.716 6.38631 
-158.576 6.07793 
-158.388 5.80201 
-158.156 5.56668 
-157.884 5.37784 
-157.578 5.23841 
-157.198 4.84025 
-157.105 4.50849 
-156.965 4.19971 
-156.779 3.92328 
-156.548 3.68735 
-156.277 3.49783 
-155.973 3.3577 
-155.644 3.26679 
-155.3 3.22217 
-154.818 3.14519 
-154.489 3.0542 
-154.145 3.0095 
-153.795 3.00615 
-153.404 2.98654 
-153.054 2.98318 
-152.704 3.01508 
-152.362 3.07579 
-152.031 3.15919 
-151.715 3.25977 
-151.414 3.37288 
>
