-179.04 9.12 
-179.01 9.08 
-178.99 9.04 
-178.96 8.99 
-178.94 8.95 
-178.91 8.91 
-178.89 8.86 
-178.87 8.82 
-178.84 8.77 
-178.82 8.73 
-178.79 8.69 
-178.77 8.64 
-178.75 8.6 
-178.72 8.55 
-178.7 8.51 
-178.67 8.47 
-178.65 8.42 
-178.63 8.38 
-178.6 8.33 
-178.58 8.29 
-178.56 8.24 
-178.53 8.2 
-178.51 8.16 
-178.49 8.11 
-178.46 8.07 
-178.44 8.02 
-178.42 7.98 
-178.4 7.93 
-178.37 7.89 
-178.35 7.84 
-178.33 7.8 
-178.24 7.84 
-178.15 7.89 
-178.06 7.93 
-177.97 7.98 
-177.88 8.02 
-177.79 8.07 
-177.7 8.11 
-177.61 8.16 
-177.51 8.2 
-177.42 8.24 
-177.33 8.29 
-177.24 8.33 
-177.15 8.38 
-177.06 8.42 
-176.97 8.47 
-176.88 8.51 
-176.79 8.56 
-176.7 8.6 
-176.61 8.64 
-176.52 8.69 
-176.43 8.73 
-176.34 8.78 
-176.25 8.82 
-176.16 8.87 
-176.06 8.91 
-175.97 8.95 
-175.88 9 
-175.79 9.04 
-175.7 9.09 
-175.61 9.13 
-175.52 9.18 
-175.43 9.22 
-175.34 9.26 
-175.25 9.31 
-175.16 9.35 
-175.06 9.4 
-174.97 9.44 
-174.88 9.48 
-174.79 9.53 
-174.7 9.57 
-174.61 9.61 
-174.52 9.66 
-174.43 9.7 
-174.34 9.75 
-174.24 9.79 
-174.15 9.83 
-174.06 9.88 
-173.97 9.92 
-173.88 9.96 
-173.79 10.01 
-173.7 10.05 
-173.6 10.1 
-173.51 10.14 
-173.42 10.18 
-173.33 10.23 
-173.24 10.27 
-173.15 10.31 
-173.06 10.36 
-172.96 10.4 
-172.87 10.44 
-172.78 10.49 
-172.69 10.53 
-172.6 10.57 
-172.51 10.62 
-172.41 10.66 
-172.32 10.7 
-172.23 10.75 
-172.14 10.79 
-172.05 10.83 
-171.96 10.88 
-171.86 10.92 
-171.77 10.96 
-171.68 11 
-171.59 11.05 
-171.5 11.09 
-171.4 11.13 
-171.31 11.18 
-171.22 11.22 
-171.13 11.26 
-171.03 11.3 
-170.94 11.35 
-170.85 11.39 
-170.76 11.43 
-170.67 11.48 
-170.57 11.52 
-170.48 11.56 
-170.39 11.6 
-170.3 11.65 
-170.2 11.69 
-170.11 11.73 
-170.02 11.77 
-169.93 11.82 
-169.83 11.86 
-169.74 11.9 
-169.65 11.94 
-169.56 11.99 
-169.46 12.03 
-169.37 12.07 
-169.28 12.11 
-169.19 12.16 
-169.09 12.2 
-169 12.24 
-168.91 12.28 
-168.81 12.32 
-168.72 12.37 
-168.63 12.41 
-168.54 12.45 
-168.44 12.49 
-168.35 12.53 
-168.26 12.58 
-168.16 12.62 
-168.07 12.66 
-167.98 12.7 
-167.88 12.74 
-167.79 12.79 
-167.7 12.83 
-167.61 12.87 
-167.51 12.91 
-167.42 12.95 
-167.33 12.99 
-167.35 13.05 
-167.38 13.12 
-167.41 13.18 
-167.44 13.24 
-167.47 13.3 
-167.5 13.36 
-167.53 13.42 
-167.56 13.48 
-167.59 13.54 
-167.62 13.6 
-167.65 13.66 
-167.67 13.72 
-167.7 13.78 
-167.73 13.84 
-167.76 13.9 
-167.79 13.96 
-167.82 14.02 
-167.85 14.08 
-167.89 14.14 
-167.92 14.2 
-167.95 14.26 
-167.98 14.32 
-168.01 14.38 
-168.04 14.44 
-168.07 14.5 
-168.1 14.56 
-168.13 14.62 
-168.16 14.68 
-168.19 14.74 
-168.23 14.8 
-168.32 14.76 
-168.41 14.71 
-168.5 14.66 
-168.59 14.62 
-168.69 14.57 
-168.78 14.53 
-168.87 14.48 
-168.96 14.44 
-169.05 14.39 
-169.14 14.34 
-169.24 14.3 
-169.33 14.25 
-169.42 14.21 
-169.51 14.16 
-169.6 14.12 
-169.69 14.07 
-169.79 14.02 
-169.88 13.98 
-169.97 13.93 
-170.06 13.89 
-170.15 13.84 
-170.24 13.79 
-170.33 13.75 
-170.43 13.7 
-170.52 13.65 
-170.61 13.61 
-170.7 13.56 
-170.79 13.52 
-170.88 13.47 
-170.97 13.42 
-171.06 13.38 
-171.15 13.33 
-171.25 13.28 
-171.34 13.24 
-171.43 13.19 
-171.52 13.14 
-171.61 13.1 
-171.7 13.05 
-171.79 13 
-171.88 12.96 
-171.97 12.91 
-172.06 12.86 
-172.15 12.82 
-172.24 12.77 
-172.33 12.72 
-172.42 12.67 
-172.52 12.63 
-172.61 12.58 
-172.7 12.53 
-172.79 12.49 
-172.88 12.44 
-172.97 12.39 
-173.06 12.35 
-173.15 12.3 
-173.24 12.25 
-173.33 12.2 
-173.42 12.16 
-173.51 12.11 
-173.6 12.06 
-173.69 12.01 
-173.78 11.97 
-173.87 11.92 
-173.96 11.87 
-174.05 11.82 
-174.14 11.78 
-174.23 11.73 
-174.32 11.68 
-174.41 11.63 
-174.5 11.59 
-174.59 11.54 
-174.68 11.49 
-174.77 11.44 
-174.86 11.4 
-174.95 11.35 
-175.04 11.3 
-175.13 11.25 
-175.21 11.2 
-175.3 11.16 
-175.39 11.11 
-175.48 11.06 
-175.57 11.01 
-175.66 10.97 
-175.75 10.92 
-175.84 10.87 
-175.93 10.82 
-176.02 10.77 
-176.11 10.72 
-176.2 10.68 
-176.29 10.63 
-176.38 10.58 
-176.46 10.53 
-176.55 10.48 
-176.64 10.44 
-176.73 10.39 
-176.82 10.34 
-176.91 10.29 
-177 10.24 
-177.09 10.19 
-177.18 10.15 
-177.27 10.1 
-177.35 10.05 
-177.44 10 
-177.53 9.95 
-177.62 9.9 
-177.71 9.85 
-177.8 9.81 
-177.89 9.76 
-177.98 9.71 
-178.06 9.66 
-178.15 9.61 
-178.24 9.56 
-178.33 9.51 
-178.42 9.47 
-178.51 9.42 
-178.6 9.37 
-178.68 9.32 
-178.77 9.27 
-178.86 9.22 
-178.95 9.17 
>
