173.022 46.5109 
172.948 46.5549 
172.874 46.599 
172.8 46.643 
172.726 46.6871 
172.652 46.7312 
172.578 46.7753 
172.503 46.8195 
172.429 46.8636 
172.355 46.9078 
172.281 46.952 
172.206 46.9962 
172.132 47.0404 
172.057 47.0846 
171.983 47.1289 
171.908 47.1732 
171.834 47.2175 
171.759 47.2618 
171.685 47.3061 
171.61 47.3504 
171.535 47.3948 
171.461 47.4391 
171.386 47.4835 
171.311 47.5279 
171.236 47.5724 
171.161 47.6168 
171.086 47.6613 
171.011 47.7057 
170.936 47.7502 
170.861 47.7947 
170.786 47.8393 
170.711 47.8838 
170.635 47.9283 
170.56 47.9729 
170.485 48.0175 
170.409 48.0621 
170.334 48.1067 
170.259 48.1513 
170.183 48.196 
170.108 48.2407 
170.032 48.2853 
169.956 48.33 
169.881 48.3747 
169.805 48.4195 
169.729 48.4642 
169.653 48.509 
169.578 48.5537 
169.581 48.5567 
169.505 48.6015 
169.429 48.6463 
169.353 48.6911 
169.277 48.7359 
169.201 48.7808 
169.125 48.8256 
169.049 48.8705 
168.973 48.9154 
168.896 48.9603 
168.82 49.0052 
168.744 49.0501 
168.667 49.0951 
168.591 49.14 
168.514 49.185 
168.438 49.23 
168.361 49.275 
168.284 49.32 
168.208 49.365 
168.131 49.4101 
168.054 49.4551 
167.977 49.5002 
167.9 49.5453 
167.823 49.5904 
167.746 49.6355 
167.669 49.6806 
167.592 49.7257 
167.515 49.7709 
167.437 49.8161 
167.36 49.8612 
167.283 49.9064 
167.205 49.9516 
167.128 49.9968 
167.05 50.0421 
166.973 50.0873 
166.895 50.1326 
166.817 50.1778 
166.74 50.2231 
166.662 50.2684 
166.584 50.3137 
166.506 50.359 
166.428 50.4043 
166.35 50.4497 
166.272 50.495 
166.194 50.5404 
166.115 50.5857 
166.037 50.6311 
165.959 50.6765 
165.88 50.7219 
165.802 50.7674 
165.724 50.8128 
165.724 50.8128 
165.617 50.739 
165.51 50.6651 
165.404 50.5911 
165.299 50.517 
165.193 50.4428 
165.088 50.3685 
164.984 50.2941 
164.879 50.2197 
164.775 50.1451 
164.671 50.0705 
164.568 49.9957 
164.465 49.9209 
164.362 49.8459 
164.26 49.7709 
164.158 49.6958 
164.056 49.6206 
163.954 49.5453 
163.853 49.4699 
163.752 49.3945 
163.652 49.3189 
163.551 49.2433 
163.451 49.1675 
163.352 49.0917 
163.252 49.0158 
163.153 48.9398 
163.055 48.8638 
162.956 48.7876 
162.858 48.7114 
162.76 48.6351 
162.663 48.5587 
162.565 48.4822 
162.468 48.4056 
162.372 48.329 
162.275 48.2522 
162.179 48.1754 
162.083 48.0985 
161.988 48.0216 
161.893 47.9445 
161.798 47.8674 
161.703 47.7902 
161.609 47.7129 
161.514 47.6356 
161.421 47.5581 
161.327 47.4806 
161.234 47.403 
161.141 47.3254 
161.048 47.2476 
160.956 47.1698 
160.863 47.0919 
160.771 47.014 
160.68 46.9359 
160.588 46.8578 
160.497 46.7796 
160.406 46.7014 
160.316 46.6231 
160.226 46.5447 
160.135 46.4662 
160.046 46.3877 
159.956 46.3091 
159.867 46.2304 
159.778 46.1516 
159.689 46.0728 
159.6 45.9939 
159.512 45.915 
159.424 45.836 
159.336 45.7569 
159.249 45.6777 
159.162 45.5985 
159.074 45.5192 
158.988 45.4399 
158.901 45.3605 
158.815 45.281 
158.729 45.2014 
158.643 45.1218 
158.557 45.0422 
158.472 44.9624 
158.387 44.8826 
158.302 44.8027 
158.217 44.7228 
158.133 44.6428 
158.049 44.5628 
157.965 44.4827 
157.881 44.4025 
157.798 44.3222 
157.714 44.242 
157.631 44.1616 
157.549 44.0812 
157.466 44.0007 
157.384 43.9202 
157.302 43.8396 
157.22 43.7589 
157.138 43.6782 
157.056 43.5974 
156.975 43.5166 
156.894 43.4357 
156.813 43.3548 
156.733 43.2738 
156.652 43.1927 
156.572 43.1116 
156.492 43.0304 
156.413 42.9492 
156.333 42.8679 
156.254 42.7866 
156.175 42.7052 
156.096 42.6238 
156.017 42.5423 
155.938 42.4607 
155.86 42.3791 
155.782 42.2975 
155.704 42.2158 
155.626 42.134 
155.549 42.0522 
155.472 41.9703 
155.395 41.8884 
155.318 41.8064 
155.241 41.7244 
155.164 41.6423 
155.088 41.5602 
155.012 41.478 
154.936 41.3958 
154.86 41.3135 
154.785 41.2312 
154.71 41.1489 
154.634 41.0664 
154.559 40.984 
154.485 40.9015 
154.41 40.8189 
154.336 40.7363 
154.261 40.6536 
154.187 40.5709 
154.113 40.4881 
154.04 40.4053 
153.966 40.3225 
153.893 40.2396 
153.82 40.1567 
153.747 40.0737 
153.674 39.9906 
153.602 39.9076 
153.529 39.8244 
153.457 39.7413 
153.385 39.6581 
153.313 39.5748 
153.241 39.4915 
153.17 39.4082 
153.098 39.3248 
153.027 39.2413 
152.956 39.1579 
152.885 39.0743 
152.814 38.9908 
152.744 38.9072 
152.673 38.8235 
152.603 38.7398 
152.533 38.6561 
152.463 38.5723 
152.393 38.4885 
152.324 38.4047 
152.255 38.3208 
152.185 38.2368 
152.116 38.1528 
152.047 38.0688 
151.978 37.9848 
151.91 37.9007 
151.841 37.8165 
151.773 37.7324 
151.705 37.6481 
151.637 37.5639 
151.569 37.4796 
151.502 37.3953 
151.434 37.3109 
151.367 37.2265 
151.299 37.142 
151.232 37.0575 
151.165 36.973 
151.099 36.8885 
151.032 36.8039 
150.965 36.7192 
150.899 36.6345 
150.833 36.5498 
150.767 36.4651 
150.701 36.3803 
150.635 36.2955 
150.57 36.2106 
150.504 36.1257 
150.439 36.0408 
150.374 35.9559 
150.309 35.8709 
150.244 35.7858 
150.179 35.7008 
150.114 35.6157 
150.05 35.5305 
149.985 35.4454 
149.921 35.3602 
149.857 35.2749 
149.793 35.1896 
149.729 35.1043 
149.666 35.019 
149.602 34.9336 
149.539 34.8482 
149.475 34.7628 
149.412 34.6773 
149.349 34.5918 
149.286 34.5063 
149.224 34.4207 
149.161 34.3351 
149.098 34.2495 
149.036 34.1638 
148.974 34.0781 
148.912 33.9924 
148.85 33.9067 
148.788 33.8209 
148.726 33.7351 
148.664 33.6492 
148.603 33.5633 
148.541 33.4774 
148.528 33.4588 
148.62 33.413 
148.713 33.3671 
148.805 33.3212 
148.897 33.2753 
148.989 33.2294 
149.081 33.1835 
149.173 33.1376 
149.265 33.0917 
149.357 33.0458 
149.449 32.9998 
149.541 32.9539 
149.632 32.908 
149.724 32.862 
149.816 32.816 
149.907 32.7701 
149.999 32.7241 
150.09 32.6781 
150.182 32.6321 
150.273 32.5861 
150.364 32.5401 
150.455 32.4941 
150.547 32.4481 
150.638 32.4021 
150.729 32.356 
150.82 32.31 
150.911 32.264 
151.002 32.2179 
151.093 32.1719 
151.184 32.1258 
151.275 32.0797 
151.365 32.0337 
151.456 31.9876 
151.547 31.9415 
151.637 31.8954 
151.728 31.8493 
151.818 31.8033 
151.909 31.7572 
151.999 31.7111 
152.089 31.6649 
152.18 31.6188 
152.27 31.5727 
152.36 31.5266 
152.45 31.4805 
152.541 31.4344 
152.631 31.3882 
152.721 31.3421 
152.811 31.296 
152.901 31.2498 
152.991 31.2037 
153.08 31.1575 
153.08 31.1575 
153.141 31.2432 
153.201 31.3289 
153.261 31.4146 
153.322 31.5002 
153.382 31.5858 
153.443 31.6714 
153.504 31.757 
153.565 31.8425 
153.626 31.928 
153.687 32.0135 
153.749 32.0989 
153.81 32.1843 
153.872 32.2697 
153.933 32.355 
153.995 32.4403 
154.057 32.5256 
154.119 32.6109 
154.181 32.6961 
154.243 32.7813 
154.306 32.8664 
154.368 32.9516 
154.431 33.0367 
154.494 33.1217 
154.557 33.2068 
154.62 33.2918 
154.683 33.3768 
154.746 33.4617 
154.809 33.5466 
154.873 33.6315 
154.936 33.7163 
155 33.8011 
155.064 33.8859 
155.128 33.9707 
155.192 34.0554 
155.256 34.1401 
155.321 34.2247 
155.385 34.3093 
155.45 34.3939 
155.514 34.4784 
155.579 34.5629 
155.644 34.6474 
155.709 34.7319 
155.775 34.8163 
155.84 34.9006 
155.906 34.985 
155.907 34.9857 
155.995 34.9395 
156.083 34.8933 
156.172 34.8471 
156.26 34.801 
156.348 34.7548 
156.436 34.7086 
156.524 34.6624 
156.612 34.6163 
156.7 34.5701 
156.788 34.5239 
156.876 34.4777 
156.964 34.4316 
157.052 34.3854 
157.14 34.3392 
157.227 34.2931 
157.315 34.2469 
157.403 34.2008 
157.49 34.1546 
157.578 34.1084 
157.665 34.0623 
157.753 34.0161 
157.84 33.97 
157.927 33.9239 
158.015 33.8777 
158.102 33.8316 
158.189 33.7855 
158.276 33.7393 
158.363 33.6932 
158.45 33.6471 
158.538 33.601 
158.625 33.5548 
158.711 33.5087 
158.798 33.4626 
158.885 33.4165 
158.972 33.3704 
159.059 33.3243 
159.146 33.2782 
159.232 33.2322 
159.319 33.1861 
159.405 33.14 
159.492 33.0939 
159.579 33.0479 
159.665 33.0018 
159.752 32.9558 
159.838 32.9097 
159.924 32.8637 
160.011 32.8176 
160.011 32.8176 
160.074 32.902 
160.138 32.9864 
160.202 33.0708 
160.267 33.1551 
160.331 33.2394 
160.395 33.3236 
160.46 33.4078 
160.525 33.492 
160.589 33.5761 
160.654 33.6603 
160.72 33.7443 
160.785 33.8284 
160.85 33.9124 
160.915 33.9964 
160.981 34.0803 
161.047 34.1642 
161.113 34.2481 
161.179 34.3319 
161.245 34.4157 
161.311 34.4995 
161.397 34.4543 
161.482 34.4084 
161.567 34.3625 
161.653 34.3166 
161.738 34.2707 
161.823 34.2248 
161.908 34.1789 
161.993 34.133 
162.079 34.0871 
162.164 34.0413 
162.249 33.9954 
162.334 33.9495 
162.418 33.9037 
162.503 33.8579 
162.588 33.812 
162.673 33.7662 
162.758 33.7204 
162.842 33.6746 
162.927 33.6288 
163.012 33.583 
163.096 33.5373 
163.181 33.4915 
163.266 33.4457 
163.35 33.4 
163.434 33.3543 
163.519 33.3085 
163.603 33.2628 
163.688 33.2171 
163.772 33.1714 
163.856 33.1257 
163.94 33.08 
164.025 33.0344 
164.109 32.9887 
164.193 32.9431 
164.277 32.8974 
164.361 32.8518 
164.445 32.8062 
164.529 32.7606 
164.613 32.715 
164.697 32.6694 
164.781 32.6238 
164.865 32.5783 
164.949 32.5327 
165.032 32.4872 
165.116 32.4417 
165.2 32.3961 
165.284 32.3506 
165.367 32.3052 
165.451 32.2597 
165.451 32.2597 
165.515 32.3438 
165.579 32.4278 
165.643 32.5118 
165.708 32.5958 
165.772 32.6798 
165.837 32.7637 
165.902 32.8476 
165.966 32.9315 
166.031 33.0153 
166.097 33.0991 
166.162 33.1828 
166.227 33.2665 
166.293 33.3502 
166.358 33.4339 
166.424 33.5175 
166.49 33.6011 
166.556 33.6846 
166.622 33.7682 
166.688 33.8516 
166.755 33.9351 
166.821 34.0185 
166.888 34.1018 
166.955 34.1852 
167.022 34.2685 
167.089 34.3517 
167.156 34.435 
167.223 34.5182 
167.291 34.6013 
167.358 34.6844 
167.426 34.7675 
167.494 34.8505 
167.562 34.9335 
167.63 35.0165 
167.698 35.0994 
167.767 35.1823 
167.835 35.2652 
167.904 35.348 
167.973 35.4308 
168.042 35.5135 
168.111 35.5962 
168.18 35.6788 
168.249 35.7614 
168.319 35.844 
168.389 35.9266 
168.459 36.009 
168.529 36.0915 
168.599 36.1739 
168.669 36.2563 
168.739 36.3386 
168.81 36.4209 
168.881 36.5031 
168.952 36.5854 
169.023 36.6675 
169.094 36.7496 
169.165 36.8317 
169.237 36.9137 
169.308 36.9957 
169.38 37.0777 
169.452 37.1596 
169.524 37.2415 
169.596 37.3233 
169.669 37.405 
169.741 37.4868 
169.814 37.5685 
169.887 37.6501 
169.96 37.7317 
170.033 37.8133 
170.107 37.8948 
170.18 37.9762 
170.254 38.0576 
170.328 38.139 
170.402 38.2203 
170.476 38.3016 
170.55 38.3828 
170.625 38.464 
170.7 38.5451 
170.774 38.6262 
170.849 38.7073 
170.925 38.7883 
171 38.8692 
171.076 38.9501 
171.151 39.0309 
171.227 39.1117 
171.303 39.1925 
171.38 39.2732 
171.456 39.3538 
171.533 39.4344 
171.609 39.515 
171.686 39.5955 
171.763 39.6759 
171.841 39.7563 
171.918 39.8366 
171.996 39.9169 
172.074 39.9972 
172.152 40.0773 
172.23 40.1575 
172.308 40.2376 
172.387 40.3176 
172.466 40.3976 
172.545 40.4775 
172.624 40.5574 
172.703 40.6372 
172.783 40.7169 
172.863 40.7966 
172.943 40.8763 
173.023 40.9559 
173.103 41.0354 
173.183 41.1149 
173.264 41.1943 
173.345 41.2737 
173.426 41.353 
173.507 41.4323 
173.589 41.5114 
173.671 41.5906 
173.752 41.6697 
173.835 41.7487 
173.917 41.8277 
173.999 41.9066 
174.082 41.9854 
174.165 42.0642 
174.248 42.1429 
174.331 42.2216 
174.415 42.3002 
174.499 42.3788 
174.583 42.4572 
174.667 42.5357 
174.751 42.614 
174.836 42.6923 
174.92 42.7706 
175.005 42.8487 
175.091 42.9269 
175.176 43.0049 
175.262 43.0829 
175.348 43.1608 
175.434 43.2387 
175.52 43.3165 
175.606 43.3942 
175.693 43.4719 
175.78 43.5494 
175.867 43.627 
175.955 43.7044 
176.042 43.7818 
176.13 43.8592 
176.218 43.9364 
176.307 44.0136 
176.395 44.0908 
176.484 44.1678 
176.573 44.2448 
176.662 44.3217 
176.679 44.3363 
176.607 44.3794 
176.535 44.4224 
176.462 44.4655 
176.39 44.5086 
176.318 44.5518 
176.245 44.5949 
176.173 44.6381 
176.1 44.6813 
176.027 44.7245 
175.955 44.7677 
175.882 44.811 
175.81 44.8542 
175.737 44.8975 
175.664 44.9409 
175.591 44.9842 
175.519 45.0275 
175.446 45.0709 
175.373 45.1143 
175.3 45.1577 
175.227 45.2012 
175.154 45.2446 
175.081 45.2881 
175.008 45.3316 
174.935 45.3751 
174.862 45.4187 
174.789 45.4622 
174.716 45.5058 
174.643 45.5494 
174.57 45.593 
174.496 45.6366 
174.423 45.6803 
174.35 45.7239 
174.277 45.7676 
174.203 45.8113 
174.13 45.8551 
174.056 45.8988 
173.983 45.9426 
173.909 45.9864 
173.836 46.0302 
173.762 46.074 
173.689 46.1178 
173.615 46.1617 
173.541 46.2056 
173.468 46.2495 
173.394 46.2934 
173.32 46.3373 
173.246 46.3813 
173.173 46.4253 
173.099 46.4692 
173.025 46.5132 
173.025 46.5132 
>
179.286 40.7252 
179.366 40.8045 
179.447 40.8837 
179.528 40.9629 
179.609 41.042 
179.69 41.1211 
179.771 41.2001 
179.853 41.2791 
179.935 41.358 
-179.983 41.4368 
-179.901 41.5156 
-179.819 41.5943 
-179.736 41.673 
-179.653 41.7516 
-179.57 41.8301 
-179.487 41.9086 
-179.403 41.9871 
-179.387 42.0027 
-179.458 42.0445 
-179.529 42.0863 
-179.6 42.1281 
-179.671 42.17 
-179.742 42.2119 
-179.813 42.2538 
-179.884 42.2958 
-179.955 42.3377 
179.974 42.3797 
179.902 42.4217 
179.831 42.4638 
179.76 42.5058 
179.689 42.5479 
179.617 42.59 
179.546 42.6321 
179.475 42.6743 
179.404 42.7165 
179.332 42.7587 
179.261 42.8009 
179.189 42.8431 
179.118 42.8854 
179.047 42.9277 
178.975 42.97 
178.904 43.0124 
178.832 43.0547 
178.76 43.0971 
178.689 43.1395 
178.617 43.182 
178.546 43.2244 
178.474 43.2669 
178.402 43.3094 
178.331 43.3519 
178.259 43.3945 
178.187 43.437 
178.115 43.4796 
178.044 43.5222 
177.972 43.5649 
177.9 43.6075 
177.828 43.6502 
177.756 43.6929 
177.684 43.7356 
177.612 43.7784 
177.54 43.8211 
177.468 43.8639 
177.396 43.9067 
177.324 43.9496 
177.252 43.9924 
177.18 44.0353 
177.108 44.0782 
177.036 44.1211 
177.036 44.1211 
176.947 44.0441 
176.859 43.967 
176.77 43.8898 
176.682 43.8126 
176.594 43.7352 
176.507 43.6579 
176.419 43.5804 
176.332 43.5029 
176.245 43.4253 
176.159 43.3477 
176.072 43.27 
175.986 43.1922 
175.9 43.1144 
175.814 43.0365 
175.728 42.9585 
175.643 42.8805 
175.558 42.8024 
175.473 42.7242 
175.388 42.646 
175.303 42.5677 
175.219 42.4894 
175.135 42.411 
175.051 42.3325 
174.967 42.254 
174.884 42.1754 
174.8 42.0968 
174.717 42.0181 
174.635 41.9393 
174.552 41.8605 
174.469 41.7816 
174.387 41.7026 
174.305 41.6236 
174.223 41.5446 
174.142 41.4655 
174.06 41.3863 
173.979 41.307 
173.898 41.2278 
173.817 41.1484 
173.736 41.069 
173.656 40.9895 
173.575 40.91 
173.495 40.8305 
173.415 40.7508 
173.336 40.6711 
173.256 40.5914 
173.177 40.5116 
173.098 40.4318 
173.019 40.3519 
172.94 40.2719 
172.861 40.1919 
172.783 40.1119 
172.705 40.0317 
172.627 39.9516 
172.549 39.8714 
172.471 39.7911 
172.394 39.7108 
172.316 39.6304 
172.239 39.55 
172.162 39.4695 
172.086 39.389 
172.009 39.3084 
171.933 39.2278 
171.856 39.1471 
171.78 39.0664 
171.704 38.9856 
171.629 38.9048 
171.553 38.8239 
171.478 38.743 
171.403 38.662 
171.328 38.581 
171.253 38.5 
171.178 38.4188 
171.104 38.3377 
171.029 38.2565 
170.955 38.1752 
170.881 38.0939 
170.807 38.0126 
170.733 37.9312 
170.66 37.8498 
170.586 37.7683 
170.513 37.6868 
170.44 37.6052 
170.367 37.5236 
170.295 37.4419 
170.222 37.3602 
170.15 37.2784 
170.077 37.1966 
170.005 37.1148 
169.933 37.0329 
169.861 36.951 
169.79 36.869 
169.718 36.787 
169.647 36.705 
169.576 36.6229 
169.505 36.5407 
169.434 36.4585 
169.363 36.3763 
169.293 36.2941 
169.222 36.2117 
169.152 36.1294 
169.082 36.047 
169.012 35.9646 
168.942 35.8821 
168.872 35.7996 
168.803 35.7171 
168.733 35.6345 
168.664 35.5518 
168.595 35.4692 
168.526 35.3865 
168.457 35.3037 
168.388 35.2209 
168.32 35.1381 
168.251 35.0552 
168.183 34.9723 
168.115 34.8894 
168.047 34.8064 
167.979 34.7234 
167.911 34.6403 
167.844 34.5572 
167.776 34.4741 
167.709 34.391 
167.642 34.3077 
167.575 34.2245 
167.508 34.1412 
167.441 34.0579 
167.374 33.9746 
167.308 33.8912 
167.241 33.8078 
167.175 33.7243 
167.109 33.6408 
167.043 33.5573 
166.977 33.4737 
166.911 33.3901 
166.846 33.3065 
166.78 33.2229 
166.715 33.1392 
166.65 33.0554 
166.584 32.9717 
166.519 32.8879 
166.455 32.804 
166.39 32.7202 
166.325 32.6363 
166.312 32.6195 
166.395 32.5742 
166.478 32.5289 
166.561 32.4835 
166.644 32.4382 
166.727 32.393 
166.81 32.3477 
166.893 32.3024 
166.976 32.2572 
167.059 32.2119 
167.142 32.1667 
167.224 32.1215 
167.307 32.0763 
167.39 32.0311 
167.473 31.9859 
167.555 31.9408 
167.638 31.8956 
167.72 31.8505 
167.803 31.8054 
167.885 31.7603 
167.968 31.7152 
168.05 31.6701 
168.133 31.6251 
168.215 31.58 
168.298 31.535 
168.38 31.49 
168.462 31.445 
168.545 31.4 
168.627 31.3551 
168.709 31.3101 
168.791 31.2652 
168.874 31.2202 
168.956 31.1753 
169.038 31.1305 
169.12 31.0856 
169.202 31.0407 
169.284 30.9959 
169.366 30.951 
169.448 30.9062 
169.53 30.8614 
169.612 30.8167 
169.694 30.7719 
169.776 30.7272 
169.858 30.6824 
169.939 30.6377 
170.021 30.593 
170.103 30.5483 
170.185 30.5037 
170.267 30.459 
170.348 30.4144 
170.43 30.3698 
170.43 30.3698 
170.492 30.4543 
170.554 30.5387 
170.616 30.6231 
170.679 30.7075 
170.741 30.7919 
170.804 30.8762 
170.867 30.9605 
170.929 31.0448 
170.992 31.129 
171.055 31.2132 
171.118 31.2974 
171.182 31.3816 
171.245 31.4657 
171.309 31.5498 
171.372 31.6338 
171.436 31.7179 
171.5 31.8019 
171.564 31.8858 
171.628 31.9697 
171.692 32.0536 
171.756 32.1375 
171.821 32.2213 
171.885 32.3051 
171.95 32.3889 
171.998 32.4457 
172.078 32.4015 
172.159 32.3572 
172.239 32.313 
172.319 32.2688 
172.399 32.2247 
172.48 32.1805 
172.56 32.1364 
172.64 32.0922 
172.72 32.0481 
172.8 32.0041 
172.88 31.96 
172.96 31.916 
173.04 31.8719 
173.12 31.8279 
173.2 31.784 
173.28 31.74 
173.36 31.696 
173.44 31.6521 
173.52 31.6082 
173.599 31.5643 
173.679 31.5205 
173.759 31.4766 
173.839 31.4328 
173.919 31.389 
173.998 31.3452 
174.078 31.3015 
174.158 31.2577 
174.237 31.214 
174.317 31.1703 
174.397 31.1266 
174.476 31.083 
174.556 31.0393 
174.635 30.9957 
174.715 30.9521 
174.794 30.9085 
174.874 30.865 
174.874 30.865 
174.937 30.9493 
174.999 31.0335 
175.062 31.1177 
175.125 31.2019 
175.189 31.2861 
175.252 31.3702 
175.315 31.4543 
175.379 31.5384 
175.442 31.6224 
175.506 31.7064 
175.57 31.7904 
175.634 31.8743 
175.698 31.9583 
175.762 32.0421 
175.827 32.126 
175.891 32.2098 
175.956 32.2936 
176.02 32.3773 
176.085 32.461 
176.15 32.5447 
176.215 32.6284 
176.28 32.712 
176.346 32.7955 
176.411 32.8791 
176.476 32.9626 
176.542 33.0461 
176.608 33.1295 
176.674 33.2129 
176.74 33.2963 
176.806 33.3796 
176.872 33.4629 
176.939 33.5462 
177.005 33.6294 
177.072 33.7126 
177.139 33.7958 
177.206 33.8789 
177.273 33.962 
177.34 34.0451 
177.407 34.1281 
177.475 34.2111 
177.542 34.294 
177.61 34.3769 
177.678 34.4598 
177.746 34.5426 
177.814 34.6254 
177.882 34.7081 
177.951 34.7909 
178.019 34.8735 
178.088 34.9562 
178.157 35.0388 
178.226 35.1213 
178.295 35.2038 
178.364 35.2863 
178.433 35.3688 
178.503 35.4512 
178.572 35.5335 
178.642 35.6159 
178.712 35.6981 
178.782 35.7804 
178.852 35.8626 
178.923 35.9447 
178.993 36.0269 
179.064 36.1089 
179.135 36.191 
179.206 36.273 
179.277 36.3549 
179.348 36.4368 
179.42 36.5187 
179.491 36.6005 
179.563 36.6823 
179.635 36.764 
179.707 36.8457 
179.779 36.9274 
179.851 37.009 
179.924 37.0906 
179.996 37.1721 
-179.931 37.2536 
-179.858 37.335 
-179.785 37.4164 
-179.711 37.4977 
-179.638 37.579 
-179.564 37.6603 
-179.491 37.7415 
-179.417 37.8226 
-179.343 37.9037 
-179.268 37.9848 
-179.194 38.0658 
-179.119 38.1468 
-179.045 38.2277 
-178.97 38.3086 
-178.895 38.3894 
-178.819 38.4702 
-178.744 38.5509 
-178.668 38.6316 
-178.593 38.7123 
-178.517 38.7928 
-178.441 38.8734 
-178.364 38.9539 
-178.288 39.0343 
-178.211 39.1147 
-178.152 39.1763 
-178.224 39.2176 
-178.296 39.259 
-178.368 39.3004 
-178.44 39.3419 
-178.512 39.3834 
-178.584 39.4248 
-178.656 39.4664 
-178.728 39.5079 
-178.8 39.5495 
-178.873 39.5911 
-178.945 39.6327 
-179.017 39.6743 
-179.089 39.716 
-179.161 39.7577 
-179.233 39.7994 
-179.306 39.8411 
-179.378 39.8829 
-179.45 39.9247 
-179.522 39.9665 
-179.595 40.0084 
-179.667 40.0502 
-179.739 40.0921 
-179.812 40.134 
-179.884 40.176 
-179.956 40.2179 
179.971 40.2599 
179.899 40.3019 
179.826 40.344 
179.754 40.386 
179.681 40.4281 
179.609 40.4702 
179.536 40.5124 
179.464 40.5545 
179.391 40.5967 
179.318 40.6389 
179.246 40.6812 
>
