-83.792 4.85184 
-83.8655 5.13469 
-83.946 5.40212 
-84.0315 5.65448 
-84.1202 5.89245 
-84.2109 6.11694 
-84.3028 6.32897 
-84.3952 6.52956 
-84.4362 6.64867 
-84.5215 6.90116 
-84.61 7.13927 
-84.7006 7.36391 
-84.7924 7.57607 
-84.8847 7.7768 
-84.9772 7.96713 
-85.0695 8.14804 
-85.1615 8.32049 
-85.2532 8.48534 
-85.3445 8.6434 
-85.4356 8.79544 
-85.5264 8.94215 
-85.6172 9.08417 
-85.7082 9.22208 
-85.7995 9.35645 
-85.8912 9.48778 
-85.9837 9.61655 
-86.0773 9.74321 
-86.172 9.86818 
-86.2684 9.99186 
-86.3875 10.2257 
-86.3657 10.5617 
-86.3726 10.8947 
-86.4025 11.2194 
-86.4505 11.5322 
-86.5123 11.8308 
-86.5844 12.1143 
-86.6639 12.3825 
-86.7487 12.6356 
-86.8369 12.8744 
-86.9275 13.0997 
-87.0194 13.3125 
-87.1121 13.5138 
-87.205 13.7048 
-87.2979 13.8863 
-87.3906 14.0593 
-87.483 14.2247 
-87.5997 14.4597 
-87.6925 14.6612 
-87.7856 14.8522 
-87.8787 15.0339 
-87.9716 15.207 
-88.0643 15.3726 
-88.1568 15.5313 
-88.2491 15.684 
-88.3413 15.8313 
-88.4336 15.9739 
-88.526 16.1124 
-88.6189 16.2474 
-88.7124 16.3793 
-88.8067 16.5086 
-88.9021 16.6358 
-88.9989 16.7613 
-89.0973 16.8855 
-89.1977 17.0088 
-89.3004 17.1315 
-89.4058 17.2541 
-89.5143 17.3768 
-89.6263 17.5 
-89.7423 17.624 
-89.863 17.7492 
-89.9888 17.8758 
-90.1204 18.0041 
-90.2585 18.1344 
-90.404 18.267 
-90.5578 18.4019 
-90.7208 18.5394 
-90.8941 18.6795 
-91.0788 18.822 
-91.2763 18.9668 
-91.4877 19.1134 
-91.7145 19.2608 
-91.9579 19.4081 
-92.2189 19.5532 
-92.4985 19.6939 
-92.797 19.8269 
-93.1137 19.9479 
-93.447 20.0515 
-93.7938 20.1316 
-94.1489 20.181 
-94.5054 20.1923 
-94.8542 20.1588 
-95.1853 20.0752 
-95.4882 19.9389 
-95.6689 19.8196 
-95.9274 19.7258 
-96.2296 19.5897 
-96.41 19.4705 
-96.6459 19.2504 
-96.8345 18.9878 
-96.9744 18.6916 
-97.0675 18.3722 
-97.1181 18.0397 
-97.1319 17.7031 
-97.1153 17.3695 
-97.0746 17.0445 
-97.0152 16.7315 
-96.9419 16.4329 
-96.9185 16.0964 
-96.9333 15.7598 
-96.9179 15.4262 
-96.8785 15.101 
-96.8206 14.7879 
-96.7489 14.4891 
-96.6671 14.2057 
-96.5784 13.9378 
-96.4849 13.6851 
-96.4599 13.4542 
-96.5984 13.1592 
-96.6916 12.8405 
-96.7436 12.5084 
-96.7599 12.1719 
-96.7766 11.913 
-96.87 11.5945 
-96.9224 11.2625 
-96.9392 10.926 
-96.9266 10.5923 
-96.8903 10.2669 
-96.8357 9.95339 
-96.7673 9.65411 
-96.6889 9.37011 
-96.6035 9.10166 
-96.5133 8.84843 
-96.42 8.60975 
-96.325 8.3847 
-96.2291 8.17228 
-96.1329 7.97143 
-96.037 7.78111 
-95.9414 7.60032 
-95.8465 7.42811 
-95.7522 7.26358 
-95.6585 7.10592 
-95.5654 6.95437 
-95.5173 6.87533 
-95.4218 6.67433 
-95.3264 6.48387 
-95.2314 6.30294 
-95.137 6.13059 
-95.0432 5.96594 
-94.9499 5.80815 
-94.8572 5.65647 
-94.7649 5.5102 
-94.7129 5.4271 
-94.618 5.2365 
-94.5235 5.05544 
-94.4295 4.88297 
-94.3361 4.71819 
-94.2433 4.56028 
-94.151 4.40849 
-94.059 4.2621 
-93.9673 4.12048 
-93.8756 3.98302 
-93.7838 3.84916 
-93.6916 3.7184 
-93.5989 3.59025 
-93.5054 3.46426 
-93.3296 3.1238 
-93.237 2.89812 
-93.1434 2.68507 
-93.0494 2.48361 
-92.9555 2.29269 
-92.8619 2.11132 
-92.7687 1.93854 
-92.6761 1.77347 
-92.584 1.61529 
-92.4924 1.46322 
-92.4011 1.31657 
-92.31 1.17469 
-92.2189 1.03698 
-92.1276 0.90289 
-92.036 0.771895 
-91.9438 0.643518 
-91.8507 0.517307 
-91.7565 0.392836 
-91.661 0.269701 
-91.5637 0.147515 
-91.4644 0.0259088 
-91.3628 -0.095477 
-91.2584 -0.216989 
-91.1508 -0.338964 
-91.0396 -0.461732 
-90.9243 -0.585611 
-90.8139 -0.701792 
-90.7147 -0.823456 
-90.6131 -0.944899 
-90.5087 -1.06647 
-90.4012 -1.1885 
-90.29 -1.31132 
-90.1747 -1.43525 
-90.0547 -1.5606 
-89.9294 -1.68766 
-89.7982 -1.8167 
-89.6603 -1.94799 
-89.5148 -2.08171 
-89.361 -2.21802 
-89.1977 -2.357 
-89.0241 -2.49861 
-88.8388 -2.64264 
-88.6408 -2.78868 
-88.4289 -2.93604 
-88.2017 -3.08362 
-87.9584 -3.22982 
-87.698 -3.37239 
-87.4203 -3.50828 
-87.1254 -3.63349 
-86.8148 -3.74296 
-86.4911 -3.83059 
-86.1585 -3.88941 
-85.8231 -3.91202 
-85.4927 -3.89134 
-85.1764 -3.82161 
-84.8839 -3.69948 
-84.8239 -3.6623 
-84.62 -3.70824 
-84.3251 -3.83343 
-84.0144 -3.94287 
-83.6906 -4.03047 
-83.3579 -4.08925 
-83.0224 -4.1118 
-82.692 -4.09106 
-82.3756 -4.02127 
-82.0831 -3.89909 
-81.8232 -3.72447 
-81.6029 -3.50102 
-81.4265 -3.23567 
-81.295 -2.93768 
-81.2066 -2.6173 
-81.1573 -2.28455 
-81.1418 -1.94822 
-81.1543 -1.6154 
-81.1894 -1.29129 
-81.2419 -0.979408 
-81.2438 -0.901543 
-81.2559 -0.568703 
-81.2905 -0.244545 
-81.3425 0.0674157 
-81.4077 0.365093 
-81.4826 0.647502 
-81.5644 0.914455 
-81.6509 1.16631 
-81.7406 1.40378 
-81.8321 1.62777 
-81.9246 1.8393 
-82.0175 2.03941 
-82.1104 2.22913 
-82.203 2.40946 
-82.2953 2.58133 
-82.3871 2.74562 
-82.4784 2.90315 
-82.5694 3.05466 
-82.6601 3.20086 
-82.7508 3.34238 
-82.8414 3.47982 
-82.9324 3.61372 
-83.0237 3.7446 
-83.1158 3.87292 
-83.2088 3.99915 
-83.303 4.12369 
-83.3987 4.24696 
-83.4961 4.36934 
-83.5957 4.49119 
-83.6978 4.61287 
>
