156.418 -17.9488 
156.454 -17.9948 
156.492 -18.0386 
156.533 -18.0802 
156.576 -18.1195 
156.62 -18.1564 
156.642 -18.2189 
156.659 -18.2746 
156.68 -18.3291 
156.704 -18.3822 
156.731 -18.4338 
156.761 -18.4837 
156.794 -18.5317 
156.83 -18.5777 
156.869 -18.6215 
156.91 -18.6632 
156.953 -18.7025 
156.997 -18.7394 
157.044 -18.7739 
157.086 -18.8171 
157.099 -18.8737 
157.117 -18.9294 
157.137 -18.9839 
157.161 -19.0371 
157.189 -19.0887 
157.219 -19.1386 
157.252 -19.1866 
157.288 -19.2326 
157.327 -19.2765 
157.368 -19.3181 
157.411 -19.3574 
157.456 -19.3943 
157.503 -19.4288 
157.551 -19.4609 
157.601 -19.4905 
157.652 -19.5176 
157.704 -19.5422 
157.757 -19.5644 
157.811 -19.5842 
157.866 -19.6015 
157.921 -19.6165 
157.976 -19.629 
158.032 -19.6393 
158.088 -19.6472 
158.144 -19.6529 
158.2 -19.6563 
158.256 -19.6575 
158.312 -19.6564 
158.368 -19.6532 
158.424 -19.6478 
158.479 -19.6402 
158.534 -19.6305 
158.588 -19.6187 
158.642 -19.6047 
158.696 -19.5885 
158.749 -19.5702 
158.801 -19.5498 
158.852 -19.5272 
158.902 -19.5024 
158.952 -19.4755 
159 -19.4464 
159.047 -19.4152 
159.092 -19.3818 
159.137 -19.3463 
159.179 -19.3087 
159.22 -19.2689 
159.259 -19.2272 
159.295 -19.1834 
159.33 -19.1377 
159.362 -19.0901 
159.391 -19.0408 
159.418 -18.9899 
159.441 -18.9374 
159.462 -18.8836 
159.479 -18.8286 
159.493 -18.7725 
159.504 -18.7157 
159.511 -18.6582 
159.514 -18.6003 
159.514 -18.5423 
159.51 -18.4844 
159.502 -18.4267 
159.491 -18.3697 
159.476 -18.3134 
159.458 -18.2581 
159.436 -18.2041 
159.41 -18.1515 
159.382 -18.1004 
159.351 -18.0512 
159.316 -18.0039 
159.28 -17.9587 
159.241 -17.9156 
159.199 -17.8748 
159.156 -17.8363 
159.11 -17.8001 
159.063 -17.7664 
159.025 -17.7148 
159.01 -17.6585 
158.991 -17.6033 
158.969 -17.5492 
158.944 -17.4966 
158.916 -17.4456 
158.885 -17.3963 
158.851 -17.349 
158.814 -17.3038 
158.775 -17.2607 
158.734 -17.2198 
158.691 -17.1813 
158.645 -17.1452 
158.641 -17.1319 
158.626 -17.0757 
158.608 -17.0204 
158.586 -16.9663 
158.561 -16.9137 
158.533 -16.8627 
158.501 -16.8134 
158.468 -16.7661 
158.431 -16.7209 
158.392 -16.6778 
158.351 -16.6369 
158.335 -16.6181 
158.298 -16.5729 
158.283 -16.5367 
158.286 -16.4788 
158.286 -16.4208 
158.312 -16.3666 
158.341 -16.3173 
158.368 -16.2664 
158.391 -16.214 
158.412 -16.1602 
158.429 -16.1052 
158.443 -16.0491 
158.453 -15.9923 
158.46 -15.9348 
158.464 -15.8769 
158.463 -15.8189 
158.459 -15.761 
158.452 -15.7033 
158.441 -15.6463 
158.426 -15.59 
158.421 -15.5154 
158.428 -15.4579 
158.432 -15.4 
158.432 -15.342 
158.428 -15.2841 
158.42 -15.2264 
158.409 -15.1694 
158.394 -15.1131 
158.376 -15.0578 
158.355 -15.0037 
158.33 -14.9511 
158.302 -14.9 
158.288 -14.8712 
158.288 -14.8131 
158.284 -14.7552 
158.276 -14.6976 
158.265 -14.6405 
158.251 -14.5842 
158.232 -14.5289 
158.211 -14.4748 
158.186 -14.4222 
158.159 -14.3711 
158.128 -14.3218 
158.094 -14.2745 
158.058 -14.2292 
158.02 -14.1861 
157.979 -14.1452 
157.937 -14.1067 
157.892 -14.0705 
157.846 -14.0368 
157.799 -14.0055 
157.75 -13.9766 
157.7 -13.9502 
157.649 -13.9263 
157.561 -13.8745 
157.515 -13.8408 
157.467 -13.8095 
157.418 -13.7806 
157.368 -13.7542 
157.318 -13.7303 
157.266 -13.7088 
157.213 -13.6897 
157.16 -13.673 
157.107 -13.6587 
157.053 -13.6467 
156.999 -13.6369 
156.945 -13.6295 
156.891 -13.6243 
156.836 -13.6213 
156.782 -13.6206 
156.727 -13.622 
156.673 -13.6255 
156.619 -13.6312 
156.566 -13.6391 
156.513 -13.649 
156.46 -13.6611 
156.408 -13.6753 
156.356 -13.6916 
156.305 -13.71 
156.254 -13.7306 
156.204 -13.7533 
156.156 -13.7782 
156.108 -13.8051 
156.061 -13.8343 
156.015 -13.8655 
155.971 -13.899 
155.928 -13.9345 
155.887 -13.9721 
155.847 -14.0119 
155.809 -14.0536 
155.773 -14.0974 
155.74 -14.1431 
155.708 -14.1906 
155.68 -14.2399 
155.654 -14.2909 
155.63 -14.3433 
155.61 -14.3971 
155.593 -14.4521 
155.579 -14.5082 
155.568 -14.565 
155.561 -14.6225 
155.558 -14.6804 
155.558 -14.7384 
155.562 -14.7964 
155.567 -14.8347 
155.576 -14.892 
155.59 -14.9486 
155.607 -15.0042 
155.627 -15.0587 
155.651 -15.1119 
155.678 -15.1634 
155.708 -15.2133 
155.74 -15.2612 
155.776 -15.3072 
155.813 -15.351 
155.854 -15.3926 
155.896 -15.4318 
155.94 -15.4687 
155.986 -15.5032 
156.006 -15.5599 
155.988 -15.6149 
155.975 -15.6709 
155.964 -15.7278 
155.957 -15.7853 
155.953 -15.8431 
155.954 -15.9012 
155.957 -15.9591 
155.962 -15.9974 
155.972 -16.0547 
155.964 -16.0945 
155.941 -16.147 
155.92 -16.2008 
155.903 -16.2558 
155.889 -16.3118 
155.878 -16.3687 
155.871 -16.4261 
155.867 -16.484 
155.868 -16.542 
155.871 -16.6 
155.876 -16.6383 
155.886 -16.6956 
155.899 -16.7522 
155.916 -16.8079 
155.937 -16.8624 
155.961 -16.9155 
155.988 -16.9671 
156.018 -17.017 
156.051 -17.065 
156.087 -17.1109 
156.106 -17.162 
156.103 -17.2198 
156.103 -17.2779 
156.107 -17.3358 
156.111 -17.3741 
156.121 -17.4314 
156.135 -17.488 
156.152 -17.5437 
156.172 -17.5982 
156.196 -17.6514 
156.224 -17.703 
156.254 -17.7528 
156.287 -17.8008 
156.323 -17.8468 
156.361 -17.8906 
156.402 -17.9323 
>
165.368 -24.4236 
165.318 -24.4574 
165.269 -24.4936 
165.222 -24.5323 
165.177 -24.5734 
165.134 -24.617 
165.093 -24.6628 
165.056 -24.711 
165.021 -24.7613 
164.989 -24.8136 
164.961 -24.8677 
164.937 -24.9235 
164.916 -24.9808 
164.899 -25.0392 
164.887 -25.0986 
164.879 -25.1587 
164.876 -25.1987 
164.875 -25.2592 
164.879 -25.3196 
164.887 -25.3796 
164.899 -25.4389 
164.915 -25.4972 
164.936 -25.5544 
164.96 -25.6101 
164.988 -25.6641 
165.019 -25.7164 
165.053 -25.7666 
165.09 -25.8148 
165.13 -25.8608 
165.173 -25.9045 
165.217 -25.9459 
165.264 -25.9849 
165.312 -26.0216 
165.362 -26.0558 
165.413 -26.0877 
165.466 -26.1173 
165.519 -26.1445 
165.574 -26.1695 
165.629 -26.1922 
165.685 -26.2126 
165.742 -26.2309 
165.799 -26.247 
165.856 -26.261 
165.914 -26.2729 
165.972 -26.2827 
166.03 -26.2905 
166.089 -26.2962 
166.148 -26.3118 
166.2 -26.3437 
166.252 -26.3733 
166.306 -26.4005 
166.36 -26.4255 
166.416 -26.4481 
166.472 -26.4686 
166.528 -26.4869 
166.586 -26.503 
166.643 -26.517 
166.701 -26.5289 
166.759 -26.5387 
166.818 -26.5465 
166.877 -26.5522 
166.935 -26.5559 
166.994 -26.5576 
167.053 -26.5573 
167.112 -26.5549 
167.171 -26.5505 
167.23 -26.544 
167.289 -26.5354 
167.347 -26.5247 
167.405 -26.5119 
167.463 -26.4969 
167.521 -26.4796 
167.578 -26.4601 
167.634 -26.4383 
167.69 -26.4141 
167.744 -26.3875 
167.788 -26.3754 
167.847 -26.3647 
167.905 -26.3519 
167.963 -26.3369 
168.02 -26.3196 
168.077 -26.3001 
168.133 -26.2783 
168.189 -26.2541 
168.243 -26.2275 
168.297 -26.1985 
168.349 -26.167 
168.4 -26.1331 
168.449 -26.0967 
168.497 -26.0578 
168.542 -26.0164 
168.585 -25.9727 
168.626 -25.9266 
168.663 -25.8783 
168.698 -25.8278 
168.73 -25.7753 
168.757 -25.7209 
168.782 -25.665 
168.802 -25.6076 
168.818 -25.549 
168.83 -25.4896 
168.837 -25.4295 
168.84 -25.369 
168.839 -25.3085 
168.833 -25.2483 
168.823 -25.1886 
168.823 -25.1707 
168.831 -25.1106 
168.834 -25.0501 
168.833 -24.9896 
168.827 -24.9294 
168.832 -24.9078 
168.87 -24.8595 
168.904 -24.809 
168.935 -24.7565 
168.963 -24.7022 
168.987 -24.6462 
169.007 -24.5889 
169.054 -24.5212 
169.104 -24.4873 
169.152 -24.4509 
169.199 -24.412 
169.244 -24.3707 
169.287 -24.327 
169.327 -24.2809 
169.364 -24.2326 
169.398 -24.1821 
169.429 -24.1296 
169.457 -24.0753 
169.481 -24.0194 
169.501 -23.962 
169.517 -23.9035 
169.528 -23.844 
169.536 -23.7839 
169.539 -23.7235 
169.538 -23.663 
169.532 -23.6027 
169.531 -23.5867 
169.583 -23.5577 
169.634 -23.5263 
169.684 -23.4924 
169.732 -23.456 
169.779 -23.4172 
169.823 -23.3759 
169.865 -23.3322 
169.905 -23.2861 
169.942 -23.2378 
169.976 -23.1873 
170.007 -23.1349 
170.034 -23.0806 
170.058 -23.0246 
170.078 -22.9673 
170.094 -22.9087 
170.106 -22.8493 
170.113 -22.7892 
170.116 -22.7287 
170.115 -22.6682 
170.109 -22.608 
170.1 -22.5482 
170.086 -22.4893 
170.068 -22.4315 
170.046 -22.3749 
170.021 -22.3199 
169.993 -22.2666 
169.961 -22.2151 
169.926 -22.1657 
169.888 -22.1185 
169.848 -22.0734 
169.806 -22.0307 
169.762 -21.9903 
169.716 -21.9522 
169.668 -21.9165 
169.62 -21.8832 
169.569 -21.8522 
169.518 -21.8235 
169.466 -21.7972 
169.413 -21.7731 
169.359 -21.7512 
169.305 -21.7315 
169.25 -21.7139 
169.195 -21.6985 
169.139 -21.6851 
169.083 -21.6738 
169.027 -21.6645 
168.971 -21.6572 
168.914 -21.6519 
168.858 -21.6486 
168.801 -21.6473 
168.744 -21.648 
168.687 -21.6506 
168.631 -21.6553 
168.574 -21.6619 
168.518 -21.6707 
168.461 -21.6815 
168.39 -21.6815 
168.334 -21.6742 
168.277 -21.6689 
168.221 -21.6656 
168.164 -21.6643 
168.107 -21.665 
168.05 -21.6676 
167.994 -21.6723 
167.937 -21.6789 
167.88 -21.6877 
167.824 -21.6985 
167.768 -21.7114 
167.712 -21.7265 
167.657 -21.7438 
167.602 -21.7633 
167.547 -21.7851 
167.494 -21.8092 
167.441 -21.8357 
167.361 -21.8645 
167.305 -21.8817 
167.25 -21.9013 
167.196 -21.9231 
167.142 -21.9472 
167.089 -21.9737 
167.037 -22.0026 
166.986 -22.0339 
166.937 -22.0677 
166.889 -22.1039 
166.843 -22.1426 
166.798 -22.1838 
166.756 -22.2274 
166.717 -22.2733 
166.679 -22.3214 
166.645 -22.3718 
166.614 -22.4241 
166.587 -22.4783 
166.563 -22.5341 
166.542 -22.5914 
166.526 -22.6498 
166.514 -22.7092 
166.468 -22.7217 
166.412 -22.7325 
166.355 -22.7454 
166.299 -22.7604 
166.243 -22.7777 
166.188 -22.7972 
166.133 -22.819 
166.079 -22.8431 
166.025 -22.8696 
165.973 -22.8985 
165.922 -22.9298 
165.872 -22.9636 
165.824 -22.9998 
165.777 -23.0385 
165.733 -23.0797 
165.69 -23.1232 
165.65 -23.1691 
165.613 -23.2173 
165.579 -23.2676 
165.547 -23.3199 
165.52 -23.3741 
165.495 -23.4299 
165.475 -23.4871 
165.459 -23.5456 
165.446 -23.605 
165.438 -23.6651 
165.436 -23.7051 
165.435 -23.7656 
165.438 -23.826 
165.419 -23.8898 
165.398 -23.947 
165.382 -24.0055 
165.37 -24.0649 
165.362 -24.1249 
165.359 -24.165 
165.358 -24.2255 
165.362 -24.2859 
165.37 -24.3459 
165.382 -24.4052 
>
