167.247 -24.809 
167.201 -24.8151 
167.156 -24.8227 
167.111 -24.8318 
167.067 -24.8426 
167.022 -24.8549 
166.979 -24.8688 
166.935 -24.8843 
166.893 -24.9014 
166.851 -24.9201 
166.809 -24.9405 
166.768 -24.9625 
166.729 -24.9862 
166.69 -25.0116 
166.652 -25.0386 
166.615 -25.0674 
166.579 -25.0978 
166.545 -25.1299 
166.512 -25.1638 
166.481 -25.1992 
166.452 -25.2363 
166.425 -25.2749 
166.4 -25.3151 
166.378 -25.3566 
166.357 -25.3994 
166.34 -25.4434 
166.325 -25.4885 
166.314 -25.5344 
166.305 -25.581 
166.3 -25.6281 
166.298 -25.6755 
166.3 -25.7229 
166.304 -25.7703 
166.309 -25.8015 
166.32 -25.8481 
166.333 -25.9003 
166.338 -25.9315 
166.349 -25.9781 
166.362 -26.024 
166.38 -26.0689 
166.4 -26.1127 
166.423 -26.1552 
166.449 -26.1962 
166.478 -26.2356 
166.509 -26.2732 
166.542 -26.3089 
166.578 -26.3427 
166.615 -26.3745 
166.654 -26.4042 
166.695 -26.4319 
166.737 -26.4575 
166.78 -26.4809 
166.824 -26.5023 
166.869 -26.5216 
166.914 -26.5389 
166.96 -26.5543 
167.007 -26.5676 
167.053 -26.579 
167.1 -26.5886 
167.148 -26.5963 
167.195 -26.6022 
167.242 -26.6064 
167.289 -26.6088 
167.337 -26.6095 
167.384 -26.6086 
167.43 -26.606 
167.477 -26.6018 
167.523 -26.5959 
167.569 -26.5885 
167.615 -26.5794 
167.66 -26.5688 
167.705 -26.5566 
167.749 -26.5427 
167.793 -26.5273 
167.836 -26.5102 
167.879 -26.4914 
167.921 -26.4711 
167.962 -26.449 
168.002 -26.4253 
168.042 -26.3999 
168.08 -26.3728 
168.117 -26.3439 
168.153 -26.3134 
168.187 -26.2812 
168.22 -26.2473 
168.251 -26.2117 
168.28 -26.1746 
168.307 -26.1358 
168.332 -26.0956 
168.355 -26.054 
168.375 -26.0112 
168.392 -25.9671 
168.406 -25.922 
168.423 -25.8712 
168.441 -25.8271 
168.455 -25.7821 
168.466 -25.7361 
168.474 -25.6895 
168.479 -25.6424 
168.481 -25.595 
168.479 -25.5475 
168.474 -25.5002 
168.466 -25.4533 
168.454 -25.4069 
168.439 -25.3614 
168.421 -25.3169 
168.4 -25.2736 
168.376 -25.2316 
168.349 -25.1913 
168.319 -25.1525 
168.287 -25.1156 
168.253 -25.0806 
168.217 -25.0475 
168.18 -25.0165 
168.14 -24.9875 
168.1 -24.9606 
168.058 -24.9357 
168.015 -24.913 
167.971 -24.8923 
167.927 -24.8736 
167.882 -24.8569 
167.836 -24.8422 
167.79 -24.8294 
167.744 -24.8186 
167.698 -24.8095 
167.651 -24.8022 
167.604 -24.7968 
167.558 -24.793 
167.511 -24.7909 
167.465 -24.7905 
167.419 -24.7917 
167.373 -24.7946 
167.327 -24.799 
167.281 -24.8051 
>
