167.05 -23.0526 
167.007 -23.0649 
166.964 -23.0789 
166.921 -23.0944 
166.879 -23.1115 
166.837 -23.1302 
166.797 -23.1506 
166.757 -23.1726 
166.717 -23.1963 
166.679 -23.2217 
166.641 -23.2487 
166.605 -23.2775 
166.57 -23.308 
166.536 -23.3401 
166.504 -23.3739 
166.474 -23.4094 
166.445 -23.4465 
166.418 -23.4852 
166.394 -23.5253 
166.371 -23.5669 
166.351 -23.6097 
166.334 -23.6537 
166.332 -23.6594 
166.303 -23.6965 
166.276 -23.7351 
166.252 -23.7753 
166.229 -23.8168 
166.21 -23.8596 
166.195 -23.8951 
166.171 -23.9353 
166.148 -23.9768 
166.13 -24.0152 
166.108 -24.0568 
166.088 -24.0996 
166.082 -24.11 
166.049 -24.1439 
166.019 -24.1793 
165.99 -24.2164 
165.963 -24.2551 
165.938 -24.2952 
165.916 -24.3367 
165.896 -24.3796 
165.878 -24.4236 
165.864 -24.4686 
165.852 -24.5145 
165.844 -24.5611 
165.839 -24.6082 
165.837 -24.6556 
165.838 -24.7031 
165.843 -24.7504 
165.848 -24.7817 
165.858 -24.8283 
165.872 -24.8742 
165.889 -24.9191 
165.909 -24.9629 
165.932 -25.0054 
165.958 -25.0464 
165.986 -25.0857 
165.972 -25.1014 
165.93 -25.1201 
165.888 -25.1405 
165.847 -25.1625 
165.808 -25.1862 
165.769 -25.2115 
165.731 -25.2386 
165.694 -25.2673 
165.658 -25.2978 
165.624 -25.3299 
165.591 -25.3637 
165.56 -25.3992 
165.531 -25.4363 
165.504 -25.4749 
165.479 -25.515 
165.456 -25.5566 
165.436 -25.5994 
165.418 -25.6434 
165.404 -25.6884 
165.392 -25.7343 
165.384 -25.7809 
165.378 -25.828 
165.376 -25.8754 
165.378 -25.9229 
165.37 -25.9848 
165.344 -26.025 
165.322 -26.0665 
165.301 -26.1093 
165.284 -26.1533 
165.269 -26.1983 
165.258 -26.2442 
165.249 -26.2908 
165.244 -26.3379 
165.242 -26.3853 
165.243 -26.4328 
165.248 -26.4802 
165.253 -26.5114 
165.264 -26.558 
165.277 -26.6039 
165.294 -26.6488 
165.315 -26.6926 
165.338 -26.7351 
165.364 -26.7761 
165.393 -26.8155 
165.424 -26.8531 
165.458 -26.8889 
165.494 -26.9227 
165.531 -26.9545 
165.571 -26.9842 
165.611 -27.0119 
165.654 -27.0374 
165.697 -27.0609 
165.741 -27.0823 
165.786 -27.1016 
165.832 -27.1189 
165.878 -27.1342 
165.902 -27.16 
165.907 -27.1913 
165.917 -27.2379 
165.931 -27.2838 
165.948 -27.3287 
165.969 -27.3725 
165.992 -27.415 
166.018 -27.456 
166.047 -27.4954 
166.079 -27.533 
166.113 -27.5688 
166.149 -27.6026 
166.187 -27.6344 
166.226 -27.6641 
166.267 -27.6918 
166.31 -27.7174 
166.353 -27.7409 
166.398 -27.7623 
166.443 -27.7816 
166.489 -27.7989 
166.535 -27.8142 
166.582 -27.8276 
166.63 -27.839 
166.677 -27.8486 
166.725 -27.8563 
166.773 -27.8622 
166.821 -27.8664 
166.868 -27.8688 
166.916 -27.8695 
166.964 -27.8686 
167.011 -27.866 
167.058 -27.8618 
167.105 -27.8559 
167.151 -27.8485 
167.197 -27.8394 
167.243 -27.8288 
167.289 -27.8165 
167.333 -27.8027 
167.378 -27.7872 
167.421 -27.7701 
167.465 -27.7514 
167.507 -27.731 
167.549 -27.709 
167.589 -27.6852 
167.629 -27.6598 
167.668 -27.6327 
167.705 -27.6038 
167.741 -27.5733 
167.776 -27.5411 
167.809 -27.5071 
167.841 -27.4716 
167.87 -27.4344 
167.898 -27.3957 
167.923 -27.3555 
167.945 -27.3139 
167.966 -27.271 
167.983 -27.2269 
168.011 -27.1755 
168.034 -27.1339 
168.054 -27.091 
168.071 -27.0469 
168.086 -27.0019 
168.097 -26.9559 
168.106 -26.9093 
168.111 -26.8622 
168.112 -26.8148 
168.111 -26.7673 
168.105 -26.72 
168.097 -26.6731 
168.085 -26.6267 
168.121 -26.5627 
168.158 -26.5339 
168.194 -26.5034 
168.228 -26.4712 
168.261 -26.4373 
168.292 -26.4017 
168.322 -26.3645 
168.349 -26.3258 
168.374 -26.2856 
168.396 -26.244 
168.416 -26.2011 
168.433 -26.1571 
168.448 -26.112 
168.459 -26.0661 
168.467 -26.0194 
168.472 -25.9723 
168.491 -25.9257 
168.513 -25.8841 
168.533 -25.8412 
168.55 -25.7971 
168.565 -25.7521 
168.576 -25.7061 
168.584 -25.6595 
168.589 -25.6124 
168.591 -25.565 
168.589 -25.5175 
168.584 -25.4702 
168.595 -25.4418 
168.624 -25.4047 
168.651 -25.3659 
168.676 -25.3257 
168.698 -25.2842 
168.718 -25.2413 
168.725 -25.2258 
168.743 -25.1918 
168.772 -25.1547 
168.799 -25.116 
168.824 -25.0758 
168.846 -25.0342 
168.866 -24.9913 
168.883 -24.9473 
168.897 -24.9022 
168.909 -24.8563 
168.917 -24.8096 
168.922 -24.7625 
168.924 -24.7151 
168.922 -24.6677 
168.917 -24.6204 
168.929 -24.5519 
168.958 -24.5148 
168.985 -24.4761 
169.009 -24.4359 
169.031 -24.3943 
169.051 -24.3514 
169.068 -24.3074 
169.082 -24.2623 
169.094 -24.2164 
169.102 -24.1698 
169.107 -24.1226 
169.108 -24.0753 
169.107 -24.0278 
169.102 -23.9805 
169.093 -23.9335 
169.082 -23.8872 
169.067 -23.8416 
169.049 -23.7971 
169.028 -23.7538 
169.004 -23.7118 
168.978 -23.6714 
168.949 -23.6327 
168.917 -23.5958 
168.884 -23.5607 
168.848 -23.5277 
168.811 -23.4966 
168.772 -23.4676 
168.732 -23.4407 
168.691 -23.4158 
168.648 -23.393 
168.605 -23.3723 
168.561 -23.3537 
168.516 -23.337 
168.471 -23.3223 
168.426 -23.3095 
168.38 -23.2986 
168.334 -23.2895 
168.288 -23.2823 
168.242 -23.2768 
168.196 -23.273 
168.15 -23.2709 
168.107 -23.2677 
168.069 -23.2366 
168.031 -23.2076 
167.991 -23.1807 
167.949 -23.1558 
167.907 -23.1331 
167.864 -23.1123 
167.82 -23.0937 
167.775 -23.077 
167.731 -23.0623 
167.685 -23.0495 
167.64 -23.0386 
167.594 -23.0295 
167.548 -23.0223 
167.556 -23.0066 
167.599 -22.9928 
167.641 -22.9773 
167.683 -22.9603 
167.725 -22.9416 
167.766 -22.9212 
167.806 -22.8992 
167.845 -22.8755 
167.883 -22.8501 
167.92 -22.823 
167.956 -22.7942 
167.991 -22.7637 
168.025 -22.7315 
168.056 -22.6976 
168.087 -22.6621 
168.115 -22.625 
168.142 -22.5863 
168.166 -22.5461 
168.188 -22.5045 
168.207 -22.4617 
168.224 -22.4176 
168.238 -22.3726 
168.249 -22.3267 
168.257 -22.2801 
168.262 -22.233 
168.264 -22.1856 
168.262 -22.1381 
168.257 -22.0908 
168.249 -22.0438 
168.238 -21.9975 
168.223 -21.9519 
168.206 -21.9074 
168.185 -21.864 
168.161 -21.8221 
168.135 -21.7817 
168.107 -21.7429 
168.076 -21.706 
168.042 -21.6709 
168.007 -21.6378 
167.971 -21.6068 
167.932 -21.5777 
167.893 -21.5508 
167.852 -21.5259 
167.81 -21.5031 
167.768 -21.4824 
167.724 -21.4637 
167.68 -21.447 
167.636 -21.4323 
167.591 -21.4195 
167.546 -21.4086 
167.501 -21.3995 
167.455 -21.3923 
167.41 -21.3868 
167.365 -21.383 
167.319 -21.3809 
167.274 -21.3805 
167.229 -21.3817 
167.184 -21.3846 
167.14 -21.389 
167.095 -21.3951 
167.051 -21.4027 
167.007 -21.4119 
166.964 -21.4226 
166.921 -21.435 
166.878 -21.4489 
166.836 -21.4644 
166.794 -21.4815 
166.753 -21.5003 
166.713 -21.5207 
166.673 -21.5427 
166.634 -21.5664 
166.596 -21.5918 
166.559 -21.6188 
166.524 -21.6476 
166.489 -21.6781 
166.456 -21.7103 
166.424 -21.7441 
166.394 -21.7796 
166.365 -21.8167 
166.339 -21.8554 
166.315 -21.8955 
166.293 -21.9371 
166.273 -21.9799 
166.256 -22.0239 
166.242 -22.069 
166.231 -22.1149 
166.223 -22.1615 
166.217 -22.2086 
166.216 -22.256 
166.217 -22.3035 
166.222 -22.3508 
166.227 -22.3821 
166.237 -22.4287 
166.251 -22.4745 
166.267 -22.5194 
166.287 -22.5632 
166.309 -22.6057 
166.335 -22.6467 
166.363 -22.686 
166.393 -22.7236 
166.426 -22.7593 
166.46 -22.7931 
166.497 -22.8248 
166.535 -22.8545 
166.574 -22.8821 
166.615 -22.9077 
166.657 -22.9311 
166.7 -22.9525 
166.743 -22.9718 
166.787 -22.9891 
166.832 -23.0043 
166.877 -23.0177 
166.923 -23.0291 
166.968 -23.0386 
167.014 -23.0463 
>
