-172.26 -9.70103 
-172.319 -9.6681 
-172.38 -9.63917 
-172.442 -9.61436 
-172.507 -9.59373 
-172.572 -9.57732 
-172.638 -9.5651 
-172.704 -9.55703 
-172.771 -9.55301 
-172.837 -9.55292 
-172.903 -9.55662 
-172.968 -9.56394 
-173.032 -9.57471 
-173.095 -9.58874 
-173.157 -9.60584 
-173.218 -9.62583 
-173.277 -9.64851 
-173.334 -9.67371 
-173.39 -9.70126 
-173.444 -9.73099 
-173.496 -9.76277 
-173.546 -9.79644 
-173.595 -9.8319 
-173.642 -9.86903 
-173.687 -9.90773 
-173.73 -9.9479 
-173.771 -9.98949 
-173.811 -10.0324 
-173.848 -10.0766 
-173.884 -10.122 
-173.919 -10.1687 
-173.951 -10.2164 
-173.982 -10.2653 
-174.01 -10.3153 
-174.037 -10.3664 
-174.062 -10.4186 
-174.085 -10.4717 
-174.106 -10.5259 
-174.125 -10.5811 
-174.142 -10.6372 
-174.157 -10.6943 
-174.17 -10.7523 
-174.18 -10.8111 
-174.188 -10.8707 
-174.193 -10.931 
-174.195 -10.992 
-174.195 -11.0535 
-174.192 -11.1154 
-174.186 -11.1775 
-174.176 -11.2398 
-174.163 -11.3019 
-174.147 -11.3638 
-174.128 -11.4251 
-174.104 -11.4857 
-174.077 -11.5452 
-174.047 -11.6034 
-174.012 -11.6599 
-173.974 -11.7145 
-173.933 -11.7667 
-173.888 -11.8164 
-173.839 -11.8631 
-173.788 -11.9067 
-173.733 -11.9468 
-173.676 -11.9832 
-173.616 -12.0157 
-173.555 -12.0442 
-173.491 -12.0685 
-173.426 -12.0887 
-173.36 -12.1045 
-173.294 -12.1162 
-173.227 -12.1237 
-173.16 -12.1272 
-173.093 -12.1267 
-173.027 -12.1224 
-172.961 -12.1145 
-172.896 -12.1031 
-172.833 -12.0885 
-172.771 -12.0709 
-172.71 -12.0503 
-172.651 -12.0271 
-172.594 -12.0014 
-172.538 -11.9733 
-172.484 -11.943 
-172.432 -11.9108 
-172.382 -11.8766 
-172.333 -11.8407 
-172.286 -11.8031 
-172.242 -11.7639 
-172.199 -11.7233 
-172.158 -11.6813 
-172.118 -11.6379 
-172.081 -11.5933 
-172.045 -11.5475 
-172.012 -11.5004 
-171.98 -11.4523 
-171.95 -11.403 
-171.921 -11.3526 
-171.895 -11.3012 
-171.871 -11.2487 
-171.848 -11.1952 
-171.828 -11.1407 
-171.81 -11.0852 
-171.793 -11.0288 
-171.779 -10.9714 
-171.768 -10.9132 
-171.758 -10.8542 
-171.752 -10.7944 
-171.747 -10.7339 
-171.746 -10.6729 
-171.747 -10.6113 
-171.751 -10.5494 
-171.759 -10.4873 
-171.769 -10.4251 
-171.783 -10.3631 
-171.8 -10.3014 
-171.821 -10.2403 
-171.845 -10.1801 
-171.873 -10.121 
-171.904 -10.0633 
-171.939 -10.0073 
-171.978 -9.9534 
-172.02 -9.90182 
-172.066 -9.85291 
-172.115 -9.80695 
-172.167 -9.76424 
-172.222 -9.72502 
>
