155.378 -22.3122 
155.224 -22.332 
155.069 -22.3565 
154.915 -22.3858 
154.761 -22.4199 
154.608 -22.4591 
154.455 -22.5034 
154.303 -22.553 
154.151 -22.6081 
154 -22.6689 
153.85 -22.7356 
153.701 -22.8084 
153.555 -22.8874 
153.41 -22.973 
153.267 -23.0653 
153.128 -23.1645 
152.993 -23.2707 
152.861 -23.3841 
152.735 -23.5046 
152.615 -23.6323 
152.502 -23.7671 
152.397 -23.9087 
152.301 -24.0569 
152.214 -24.2114 
152.138 -24.3714 
152.074 -24.5365 
152.023 -24.7057 
151.985 -24.8784 
151.96 -25.0533 
151.951 -25.2297 
151.952 -25.3469 
151.967 -25.523 
151.996 -25.6975 
152.04 -25.8693 
152.097 -26.0375 
152.168 -26.2011 
152.251 -26.3592 
152.346 -26.5112 
152.451 -26.6565 
152.416 -26.7381 
152.338 -26.898 
152.272 -27.0628 
152.219 -27.232 
152.179 -27.4045 
152.154 -27.5794 
152.143 -27.7557 
152.144 -27.8729 
152.159 -28.049 
152.188 -28.2236 
152.232 -28.3956 
152.29 -28.5639 
152.362 -28.7277 
152.446 -28.8861 
152.542 -29.0384 
152.65 -29.184 
152.767 -29.3224 
152.893 -29.4533 
153.027 -29.5766 
153.167 -29.692 
153.314 -29.7995 
153.465 -29.8991 
153.62 -29.9911 
153.779 -30.0755 
153.941 -30.1524 
154.105 -30.2223 
154.27 -30.2851 
154.437 -30.3413 
154.605 -30.391 
154.773 -30.4344 
154.942 -30.4718 
155.111 -30.5034 
155.28 -30.5294 
155.448 -30.5498 
155.617 -30.565 
155.785 -30.5749 
155.953 -30.5797 
156.121 -30.5794 
156.288 -30.5742 
156.455 -30.564 
156.621 -30.5487 
156.787 -30.5285 
156.953 -30.5033 
157.118 -30.4729 
157.282 -30.4373 
157.446 -30.3963 
157.608 -30.35 
157.77 -30.298 
157.931 -30.2402 
158.09 -30.1764 
158.248 -30.1065 
158.404 -30.0303 
158.557 -29.9476 
158.708 -29.8581 
158.855 -29.7618 
158.998 -29.6584 
159.136 -29.548 
159.27 -29.4303 
159.396 -29.3055 
159.516 -29.1736 
159.628 -29.0347 
159.731 -28.8891 
159.823 -28.7372 
159.905 -28.5795 
159.975 -28.4165 
160.032 -28.249 
160.076 -28.0777 
160.106 -27.9037 
160.121 -27.7279 
160.121 -27.5514 
160.106 -27.3753 
160.077 -27.2006 
160.057 -27.0716 
160.207 -26.9892 
160.353 -26.9001 
160.497 -26.8041 
160.636 -26.7011 
160.771 -26.591 
160.901 -26.4737 
161.025 -26.3492 
161.142 -26.2176 
161.251 -26.0791 
161.352 -25.9338 
161.433 -25.8373 
161.568 -25.7273 
161.697 -25.6101 
161.82 -25.4857 
161.936 -25.3542 
162.045 -25.2158 
162.145 -25.0706 
162.235 -24.9191 
162.315 -24.7617 
162.384 -24.599 
162.44 -24.4318 
162.483 -24.2607 
162.513 -24.0868 
162.528 -23.9111 
162.53 -23.7346 
162.517 -23.5584 
162.489 -23.3836 
162.447 -23.2113 
162.392 -23.0426 
162.324 -22.8783 
162.244 -22.7192 
162.153 -22.5662 
162.051 -22.4199 
161.94 -22.2806 
161.821 -22.1488 
161.695 -22.0247 
161.562 -21.9083 
161.424 -21.7998 
161.282 -21.6992 
161.136 -21.6061 
160.987 -21.5207 
160.835 -21.4425 
160.682 -21.3714 
160.528 -21.3071 
160.372 -21.2495 
160.216 -21.1981 
160.06 -21.1529 
159.903 -21.1135 
159.746 -21.0797 
159.59 -21.0514 
159.434 -21.0283 
159.278 -21.0104 
159.122 -20.9973 
158.967 -20.9891 
158.812 -20.9857 
158.658 -20.987 
158.504 -20.9928 
158.35 -21.0034 
158.196 -21.0185 
158.043 -21.0383 
157.89 -21.0628 
157.737 -21.0922 
157.585 -21.1264 
157.433 -21.1656 
157.282 -21.21 
157.13 -21.2597 
156.98 -21.3149 
156.831 -21.3758 
156.682 -21.4426 
156.535 -21.5155 
156.39 -21.5947 
156.246 -21.6804 
156.105 -21.7729 
155.967 -21.8722 
155.833 -21.9785 
155.703 -22.092 
155.579 -22.2127 
>
