-160.351 -2.35923 
-160.595 -2.20112 
-160.921 -2.1448 
-161.296 -2.17599 
-161.685 -2.27054 
-162.063 -2.40393 
-162.416 -2.55664 
-162.737 -2.71533 
-163.026 -2.8719 
-163.284 -3.02197 
-163.514 -3.16349 
-163.719 -3.29583 
-163.904 -3.41911 
-164.071 -3.53389 
-164.222 -3.64089 
-164.36 -3.74087 
-164.486 -3.83461 
-164.603 -3.92283 
-164.712 -4.00619 
-164.813 -4.08529 
-164.908 -4.16069 
-164.998 -4.23286 
-165.084 -4.30225 
-165.165 -4.36926 
-165.243 -4.43425 
-165.319 -4.49756 
-165.392 -4.5595 
-165.462 -4.62035 
-165.532 -4.68039 
-165.6 -4.73988 
-165.667 -4.79907 
-165.733 -4.85822 
-165.799 -4.91757 
-165.865 -4.97738 
-165.931 -5.03791 
-165.997 -5.09944 
-166.064 -5.16225 
-166.132 -5.22667 
-166.202 -5.29303 
-166.273 -5.3617 
-166.346 -5.43311 
-166.422 -5.50773 
-166.5 -5.5861 
-166.582 -5.66882 
-166.668 -5.7566 
-166.758 -5.85027 
-166.854 -5.95079 
-166.955 -6.05928 
-167.063 -6.17709 
-167.178 -6.30578 
-167.302 -6.44722 
-167.436 -6.60363 
-167.58 -6.77757 
-167.736 -6.97202 
-167.903 -7.19028 
-168.082 -7.43581 
-168.271 -7.71177 
-168.463 -8.02016 
-168.652 -8.36023 
-168.821 -8.72605 
-168.948 -9.10357 
-169.004 -9.46864 
-168.964 -9.78891 
-168.81 -10.0318 
-168.549 -10.1765 
-168.208 -10.2215 
-167.822 -10.1828 
-167.426 -10.0845 
-167.045 -9.95045 
-166.691 -9.79897 
-166.369 -9.64252 
-166.082 -9.48857 
-165.825 -9.34115 
-165.596 -9.20213 
-165.391 -9.07204 
-165.208 -8.95073 
-165.042 -8.83766 
-164.891 -8.73212 
-164.754 -8.63337 
-164.628 -8.54066 
-164.512 -8.45331 
-164.404 -8.37066 
-164.302 -8.29213 
-164.207 -8.21721 
-164.118 -8.1454 
-164.033 -8.07628 
-163.951 -8.00946 
-163.873 -7.94458 
-163.798 -7.88131 
-163.725 -7.81936 
-163.654 -7.75843 
-163.585 -7.69826 
-163.517 -7.63858 
-163.45 -7.57914 
-163.384 -7.5197 
-163.318 -7.45999 
-163.252 -7.39976 
-163.186 -7.33875 
-163.12 -7.27667 
-163.053 -7.21324 
-162.984 -7.14813 
-162.915 -7.08099 
-162.844 -7.01143 
-162.77 -6.93903 
-162.694 -6.8633 
-162.616 -6.78368 
-162.534 -6.69955 
-162.448 -6.61017 
-162.357 -6.51468 
-162.262 -6.4121 
-162.16 -6.30124 
-162.052 -6.18072 
-161.937 -6.04891 
-161.813 -5.90385 
-161.679 -5.74327 
-161.536 -5.56449 
-161.381 -5.36445 
-161.215 -5.13979 
-161.038 -4.88705 
-160.853 -4.60318 
-160.666 -4.28659 
-160.487 -3.93884 
-160.33 -3.56731 
-160.221 -3.18809 
-160.185 -2.82751 
-160.248 -2.51914 
>
-43.8813 -18.4248 
-44.0281 -18.2791 
-44.2288 -18.1783 
-44.4675 -18.1211 
-44.727 -18.1016 
-44.9923 -18.1115 
-45.2521 -18.1425 
-45.4995 -18.1875 
-45.7307 -18.241 
-45.9444 -18.2991 
-46.1409 -18.359 
-46.321 -18.4191 
-46.4861 -18.4782 
-46.6378 -18.5357 
-46.7776 -18.5913 
-46.9068 -18.6449 
-47.0267 -18.6965 
-47.1385 -18.7462 
-47.2432 -18.7941 
-47.3417 -18.8404 
-47.4348 -18.8851 
-47.5232 -18.9286 
-47.6075 -18.9709 
-47.6883 -19.0121 
-47.766 -19.0526 
-47.8411 -19.0923 
-47.914 -19.1316 
-47.985 -19.1704 
-48.0545 -19.209 
-48.1229 -19.2474 
-48.1903 -19.286 
-48.257 -19.3247 
-48.3234 -19.3637 
-48.3897 -19.4033 
-48.4562 -19.4435 
-48.5231 -19.4845 
-48.5908 -19.5265 
-48.6594 -19.5698 
-48.7292 -19.6145 
-48.8006 -19.661 
-48.874 -19.7094 
-48.9495 -19.7601 
-49.0277 -19.8134 
-49.109 -19.8698 
-49.1936 -19.9298 
-49.2823 -19.9937 
-49.3754 -20.0624 
-49.4735 -20.1364 
-49.5773 -20.2167 
-49.6872 -20.3042 
-49.804 -20.4 
-49.928 -20.5055 
-50.0598 -20.622 
-50.1992 -20.7512 
-50.3458 -20.8946 
-50.4982 -21.054 
-50.6537 -21.2306 
-50.8073 -21.4248 
-50.9518 -21.6355 
-51.0763 -21.8596 
-51.1673 -22.0904 
-51.2099 -22.318 
-51.1908 -22.5299 
-51.1028 -22.7132 
-50.948 -22.8578 
-50.7376 -22.9591 
-50.4886 -23.0183 
-50.2193 -23.041 
-49.9452 -23.035 
-49.6778 -23.0082 
-49.4239 -22.9673 
-49.1871 -22.9176 
-48.9686 -22.8631 
-48.7681 -22.8062 
-48.5845 -22.7487 
-48.4163 -22.6918 
-48.2619 -22.6362 
-48.1198 -22.582 
-47.9885 -22.5296 
-47.8667 -22.479 
-47.7532 -22.4301 
-47.6469 -22.3828 
-47.547 -22.3369 
-47.4526 -22.2925 
-47.363 -22.2492 
-47.2776 -22.207 
-47.1958 -22.1656 
-47.1171 -22.1251 
-47.0411 -22.0851 
-46.9674 -22.0456 
-46.8956 -22.0064 
-46.8253 -21.9673 
-46.7563 -21.9284 
-46.6882 -21.8893 
-46.6208 -21.8499 
-46.5538 -21.8101 
-46.4869 -21.7698 
-46.4199 -21.7287 
-46.3524 -21.6867 
-46.2843 -21.6436 
-46.2153 -21.5991 
-46.1451 -21.5531 
-46.0733 -21.5052 
-45.9996 -21.4553 
-45.9238 -21.4029 
-45.8455 -21.3476 
-45.7641 -21.2891 
-45.6795 -21.2269 
-45.591 -21.1603 
-45.4981 -21.0888 
-45.4005 -21.0115 
-45.2975 -20.9276 
-45.1886 -20.836 
-45.0733 -20.7355 
-44.9513 -20.6249 
-44.8223 -20.5025 
-44.6866 -20.3667 
-44.545 -20.2159 
-44.3991 -20.0486 
-44.2523 -19.8636 
-44.1097 -19.661 
-43.9793 -19.4423 
-43.8718 -19.212 
-43.8005 -18.9777 
-43.7791 -18.7506 
-43.8187 -18.5441 
>
169.885 6.08236 
169.75 6.23717 
169.561 6.34858 
169.331 6.41695 
169.079 6.44752 
168.821 6.44803 
168.567 6.42652 
168.325 6.39002 
168.099 6.34406 
167.89 6.29266 
167.697 6.23861 
167.521 6.18374 
167.36 6.12924 
167.212 6.0758 
167.076 6.02381 
166.95 5.97346 
166.833 5.92479 
166.724 5.87777 
166.622 5.83232 
166.527 5.78831 
166.436 5.74562 
166.35 5.70411 
166.268 5.66362 
166.19 5.62401 
166.115 5.58514 
166.042 5.54686 
165.971 5.50905 
165.902 5.47156 
165.835 5.43426 
165.769 5.39701 
165.704 5.35967 
165.639 5.32211 
165.575 5.28417 
165.511 5.24571 
165.446 5.20656 
165.382 5.16655 
165.316 5.1255 
165.25 5.08321 
165.183 5.03944 
165.114 4.99396 
165.043 4.94649 
164.97 4.8967 
164.895 4.84426 
164.817 4.78874 
164.735 4.72967 
164.65 4.66653 
164.56 4.59867 
164.466 4.52537 
164.366 4.44576 
164.26 4.35887 
164.148 4.26354 
164.029 4.15845 
163.902 4.04209 
163.768 3.91283 
163.628 3.76891 
163.481 3.60867 
163.332 3.43077 
163.185 3.23467 
163.046 3.02133 
162.926 2.79413 
162.838 2.5597 
162.797 2.32832 
162.813 2.11295 
162.895 1.92688 
163.04 1.78034 
163.238 1.67791 
163.471 1.6181 
163.724 1.59488 
163.981 1.60021 
164.231 1.62609 
164.469 1.6657 
164.691 1.7138 
164.896 1.7666 
165.084 1.82154 
165.257 1.87692 
165.415 1.93169 
165.56 1.98522 
165.693 2.03719 
165.817 2.08745 
165.932 2.13597 
166.039 2.18282 
166.139 2.22809 
166.234 2.27191 
166.323 2.31441 
166.408 2.35575 
166.489 2.39607 
166.566 2.43551 
166.641 2.47423 
166.713 2.51236 
166.783 2.55004 
166.851 2.58742 
166.918 2.62462 
166.984 2.66178 
167.049 2.69904 
167.114 2.73655 
167.178 2.77444 
167.242 2.81288 
167.306 2.85201 
167.37 2.89203 
167.436 2.93311 
167.502 2.97546 
167.57 3.0193 
167.639 3.06489 
167.71 3.1125 
167.783 3.16246 
167.859 3.21512 
167.938 3.27091 
168.02 3.3303 
168.106 3.39383 
168.197 3.46216 
168.292 3.53602 
168.393 3.61629 
168.501 3.70397 
168.614 3.80024 
168.735 3.90644 
168.864 4.02408 
169 4.15484 
169.143 4.30045 
169.291 4.46256 
169.442 4.64242 
169.59 4.84041 
169.728 5.05529 
169.846 5.2833 
169.929 5.51732 
169.964 5.74667 
169.938 5.95823 
>
157.012 35.1188 
156.819 35.1979 
156.596 35.2296 
156.354 35.2177 
156.107 35.1698 
155.864 35.0951 
155.632 35.0024 
155.416 34.8992 
155.218 34.7911 
155.037 34.682 
154.873 34.5746 
154.724 34.4704 
154.589 34.3702 
154.467 34.2744 
154.355 34.1831 
154.252 34.0961 
154.158 34.0131 
154.071 33.934 
153.99 33.8583 
153.914 33.7858 
153.844 33.716 
153.777 33.6487 
153.714 33.5835 
153.654 33.5203 
153.597 33.4586 
153.542 33.3983 
153.489 33.3391 
153.438 33.2807 
153.389 33.223 
153.34 33.1657 
153.293 33.1087 
153.247 33.0516 
153.201 32.9943 
153.156 32.9366 
153.111 32.8781 
153.066 32.8188 
153.021 32.7584 
152.977 32.6965 
152.931 32.6329 
152.886 32.5673 
152.839 32.4993 
152.792 32.4285 
152.745 32.3547 
152.696 32.2771 
152.646 32.1955 
152.594 32.1091 
152.541 32.0172 
152.487 31.9193 
152.431 31.8143 
152.374 31.7015 
152.316 31.5797 
152.256 31.448 
152.196 31.3053 
152.138 31.1505 
152.081 30.9829 
152.028 30.8021 
151.984 30.6088 
151.951 30.4046 
151.935 30.1934 
151.944 29.9815 
151.983 29.7777 
152.059 29.5933 
152.175 29.4403 
152.33 29.3288 
152.52 29.2645 
152.734 29.2475 
152.961 29.2728 
153.191 29.3317 
153.416 29.4149 
153.629 29.5136 
153.827 29.6208 
154.01 29.7314 
154.178 29.8417 
154.33 29.9495 
154.469 30.0535 
154.595 30.1531 
154.711 30.248 
154.817 30.3382 
154.915 30.4241 
155.005 30.5058 
155.088 30.5836 
155.166 30.6581 
155.239 30.7294 
155.308 30.798 
155.373 30.8641 
155.435 30.9281 
155.494 30.9903 
155.551 31.0508 
155.605 31.1101 
155.658 31.1683 
155.709 31.2256 
155.758 31.2823 
155.807 31.3386 
155.855 31.3947 
155.902 31.4509 
155.948 31.5072 
155.994 31.5641 
156.04 31.6216 
156.086 31.68 
156.133 31.7396 
156.179 31.8006 
156.226 31.8633 
156.274 31.9281 
156.323 31.9952 
156.373 32.0651 
156.423 32.1381 
156.476 32.2148 
156.529 32.2957 
156.585 32.3813 
156.642 32.4723 
156.702 32.5695 
156.763 32.6737 
156.827 32.7859 
156.892 32.9071 
156.96 33.0382 
157.028 33.1805 
157.097 33.335 
157.164 33.5024 
157.227 33.683 
157.283 33.8763 
157.327 34.0804 
157.352 34.2914 
157.352 34.503 
157.316 34.706 
157.24 34.8892 
157.118 35.0407 
>
148.526 6.21746 
148.337 6.39317 
148.069 6.49774 
147.749 6.53634 
147.407 6.52214 
147.064 6.47064 
146.737 6.39576 
146.434 6.30811 
146.157 6.21497 
145.905 6.12101 
145.679 6.02895 
145.474 5.9403 
145.289 5.85574 
145.121 5.77548 
144.968 5.69947 
144.827 5.62746 
144.697 5.55916 
144.577 5.49424 
144.465 5.43234 
144.36 5.37315 
144.262 5.31634 
144.168 5.26161 
144.08 5.20869 
143.995 5.15732 
143.913 5.10726 
143.835 5.05827 
143.759 5.01016 
143.685 4.96271 
143.612 4.91572 
143.541 4.869 
143.471 4.82237 
143.401 4.77564 
143.332 4.72861 
143.263 4.68108 
143.194 4.63285 
143.124 4.58371 
143.054 4.53341 
142.982 4.48171 
142.909 4.42833 
142.835 4.37296 
142.758 4.31526 
142.679 4.25484 
142.596 4.19126 
142.511 4.12402 
142.421 4.05252 
142.327 3.9761 
142.227 3.89395 
142.122 3.80515 
142.01 3.70858 
141.89 3.60296 
141.762 3.48675 
141.624 3.35814 
141.476 3.21504 
141.317 3.05505 
141.147 2.87552 
140.966 2.67369 
140.777 2.44708 
140.584 2.1941 
140.397 1.91524 
140.228 1.61474 
140.097 1.3025 
140.028 0.995315 
140.042 0.715593 
140.152 0.486415 
140.356 0.324238 
140.634 0.233595 
140.957 0.207273 
141.299 0.231077 
141.637 0.289382 
141.958 0.368727 
142.255 0.459088 
142.526 0.5537 
142.771 0.648339 
142.992 0.740555 
143.192 0.829057 
143.373 0.913284 
143.538 0.993108 
143.688 1.06865 
143.826 1.14017 
143.953 1.20799 
144.071 1.27245 
144.181 1.33391 
144.285 1.3927 
144.382 1.44914 
144.474 1.50352 
144.562 1.55613 
144.646 1.60721 
144.727 1.65701 
144.805 1.70576 
144.88 1.75367 
144.954 1.80094 
145.026 1.84777 
145.097 1.89435 
145.166 1.94086 
145.236 1.98751 
145.305 2.03447 
145.374 2.08196 
145.443 2.13017 
145.513 2.17932 
145.583 2.22966 
145.655 2.28143 
145.728 2.33492 
145.803 2.39043 
145.88 2.44832 
145.96 2.50897 
146.043 2.57284 
146.129 2.64044 
146.22 2.71237 
146.315 2.78931 
146.416 2.87209 
146.523 2.96164 
146.636 3.0591 
146.758 3.1658 
146.888 3.28329 
147.028 3.41342 
147.179 3.55832 
147.341 3.72044 
147.515 3.90243 
147.698 4.10702 
147.891 4.33663 
148.085 4.59262 
148.274 4.87406 
148.44 5.17604 
148.566 5.48773 
148.625 5.79146 
148.598 6.06446 
>
116.709 53.8289 
116.721 53.6023 
116.875 53.373 
117.14 53.1525 
117.48 52.9486 
117.859 52.7653 
118.25 52.6036 
118.635 52.4623 
119.003 52.3392 
119.348 52.2321 
119.67 52.1386 
119.967 52.0565 
120.242 51.984 
120.496 51.9197 
120.731 51.8621 
120.95 51.8103 
121.154 51.7633 
121.346 51.7205 
121.526 51.6812 
121.696 51.6449 
121.857 51.6111 
122.011 51.5796 
122.158 51.5501 
122.3 51.5222 
122.437 51.4957 
122.57 51.4704 
122.7 51.4462 
122.826 51.423 
122.951 51.4005 
123.074 51.3787 
123.196 51.3574 
123.317 51.3366 
123.438 51.3162 
123.559 51.2961 
123.681 51.2762 
123.805 51.2564 
123.931 51.2366 
124.059 51.2169 
124.19 51.1971 
124.325 51.1771 
124.465 51.157 
124.61 51.1366 
124.76 51.1159 
124.919 51.0948 
125.085 51.0734 
125.261 51.0514 
125.447 51.0291 
125.647 51.0063 
125.86 50.983 
126.09 50.9595 
126.339 50.9359 
126.608 50.9126 
126.902 50.89 
127.222 50.869 
127.571 50.8509 
127.951 50.8376 
128.361 50.8318 
128.798 50.8376 
129.254 50.8603 
129.713 50.9066 
130.151 50.9842 
130.535 51.0999 
130.83 51.2574 
131.003 51.4545 
131.041 51.6823 
130.948 51.9268 
130.748 52.173 
130.471 52.4086 
130.148 52.6257 
129.804 52.8207 
129.458 52.993 
129.121 53.144 
128.798 53.2758 
128.495 53.3911 
128.21 53.4921 
127.944 53.581 
127.696 53.6597 
127.464 53.7298 
127.246 53.7926 
127.042 53.8492 
126.849 53.9005 
126.667 53.9473 
126.494 53.9902 
126.329 54.0298 
126.17 54.0666 
126.018 54.1008 
125.871 54.133 
125.729 54.1632 
125.59 54.1919 
125.454 54.2191 
125.321 54.245 
125.19 54.2699 
125.06 54.2938 
124.931 54.3169 
124.802 54.3393 
124.673 54.3611 
124.543 54.3823 
124.411 54.4031 
124.278 54.4235 
124.143 54.4436 
124.004 54.4634 
123.862 54.483 
123.715 54.5024 
123.563 54.5216 
123.405 54.5407 
123.24 54.5596 
123.067 54.5783 
122.884 54.5969 
122.69 54.6151 
122.484 54.6329 
122.263 54.6501 
122.026 54.6665 
121.77 54.6816 
121.494 54.6949 
121.193 54.7057 
120.866 54.7129 
120.509 54.7151 
120.121 54.7103 
119.701 54.6958 
119.25 54.6681 
118.775 54.6227 
118.288 54.5546 
117.812 54.4582 
117.376 54.3292 
117.022 54.166 
116.786 53.9715 
>
170.627 -12.9183 
171.013 -13.0549 
171.388 -13.121 
171.719 -13.0889 
171.973 -12.9426 
172.128 -12.6878 
172.181 -12.3509 
172.15 -11.9683 
172.059 -11.5743 
171.931 -11.1932 
171.786 -10.8387 
171.635 -10.5164 
171.487 -10.2268 
171.345 -9.96802 
171.211 -9.73682 
171.086 -9.52979 
170.969 -9.34367 
170.86 -9.17549 
170.758 -9.02269 
170.663 -8.88305 
170.574 -8.75467 
170.49 -8.63596 
170.411 -8.52554 
170.335 -8.42227 
170.263 -8.32514 
170.194 -8.2333 
170.128 -8.14601 
170.063 -8.06262 
170.001 -7.98258 
169.94 -7.90537 
169.881 -7.83055 
169.822 -7.75771 
169.764 -7.68647 
169.707 -7.61651 
169.65 -7.54748 
169.593 -7.47909 
169.535 -7.41103 
169.478 -7.34302 
169.419 -7.27477 
169.359 -7.20599 
169.298 -7.13636 
169.236 -7.06559 
169.171 -6.99334 
169.104 -6.91927 
169.035 -6.84298 
168.962 -6.76407 
168.886 -6.68208 
168.805 -6.5965 
168.719 -6.50676 
168.627 -6.41224 
168.528 -6.31222 
168.421 -6.2059 
168.305 -6.0924 
168.179 -5.97073 
168.039 -5.83983 
167.884 -5.69859 
167.711 -5.54594 
167.518 -5.38097 
167.301 -5.20325 
167.056 -5.01328 
166.781 -4.81332 
166.472 -4.6086 
166.132 -4.40906 
165.767 -4.23123 
165.392 -4.09913 
165.031 -4.04209 
164.717 -4.08733 
164.551 -4.18133 
164.378 -4.41588 
164.303 -4.74005 
164.313 -5.11782 
164.387 -5.51345 
164.501 -5.90025 
164.635 -6.26243 
164.778 -6.59297 
164.92 -6.89046 
164.954 -7.09169 
164.685 -6.93431 
164.384 -6.77084 
164.049 -6.60668 
163.684 -6.45156 
163.296 -6.32108 
162.904 -6.23728 
162.536 -6.22628 
162.228 -6.31115 
162.074 -6.42596 
161.931 -6.6816 
161.899 -7.0141 
161.959 -7.38904 
162.084 -7.77361 
162.249 -8.14412 
162.431 -8.48729 
162.617 -8.79782 
162.798 -9.07541 
162.971 -9.32231 
163.133 -9.54182 
163.284 -9.73749 
163.424 -9.91263 
163.554 -10.0702 
163.675 -10.2129 
163.788 -10.3428 
163.894 -10.4618 
163.993 -10.5715 
164.087 -10.6732 
164.176 -10.768 
164.261 -10.857 
164.342 -10.9409 
164.419 -11.0204 
164.495 -11.0962 
164.567 -11.1688 
164.638 -11.2386 
164.708 -11.3061 
164.776 -11.3717 
164.843 -11.4357 
164.91 -11.4984 
164.976 -11.5602 
165.042 -11.6212 
165.108 -11.6818 
165.175 -11.7423 
165.243 -11.8028 
165.311 -11.8636 
165.381 -11.9251 
165.453 -11.9874 
165.527 -12.0508 
165.604 -12.1158 
165.683 -12.1824 
165.767 -12.2512 
165.854 -12.3224 
165.946 -12.3966 
166.044 -12.4741 
166.148 -12.5554 
166.26 -12.6412 
166.38 -12.732 
166.511 -12.8285 
166.654 -12.9315 
166.811 -13.0417 
166.985 -13.16 
167.178 -13.2869 
167.393 -13.423 
167.635 -13.5683 
167.906 -13.7219 
168.21 -13.8815 
168.549 -14.0418 
168.92 -14.194 
169.318 -14.3232 
169.723 -14.4089 
170.108 -14.4256 
170.435 -14.3502 
170.668 -14.1713 
170.787 -13.8974 
170.793 -13.555 
170.707 -13.1785 
>
-52.3893 -5.15085 
-52.5339 -4.99512 
-52.7362 -4.88739 
-52.9791 -4.82639 
-53.2437 -4.80554 
-53.5138 -4.81583 
-53.7775 -4.84823 
-54.0277 -4.8951 
-54.2607 -4.95059 
-54.4752 -5.01058 
-54.6718 -5.07229 
-54.8514 -5.13396 
-55.0157 -5.1945 
-55.1663 -5.2533 
-55.3047 -5.31008 
-55.4325 -5.36473 
-55.5509 -5.41727 
-55.6611 -5.4678 
-55.7643 -5.51646 
-55.8612 -5.5634 
-55.9527 -5.60881 
-56.0396 -5.65285 
-56.1223 -5.6957 
-56.2016 -5.73753 
-56.2778 -5.77849 
-56.3514 -5.81875 
-56.4228 -5.85846 
-56.4923 -5.89777 
-56.5604 -5.93682 
-56.6273 -5.97577 
-56.6933 -6.01476 
-56.7586 -6.05394 
-56.8236 -6.09347 
-56.8885 -6.1335 
-56.9536 -6.1742 
-57.0191 -6.21576 
-57.0853 -6.25836 
-57.1524 -6.30222 
-57.2208 -6.34756 
-57.2908 -6.39465 
-57.3626 -6.44377 
-57.4367 -6.49524 
-57.5134 -6.54943 
-57.5931 -6.60676 
-57.6762 -6.66772 
-57.7633 -6.73286 
-57.8549 -6.80284 
-57.9515 -6.87841 
-58.0539 -6.96046 
-58.1625 -7.05001 
-58.278 -7.14827 
-58.401 -7.25661 
-58.532 -7.37662 
-58.6711 -7.51003 
-58.818 -7.6587 
-58.9713 -7.82444 
-59.1286 -8.00875 
-59.2851 -8.21231 
-59.4336 -8.43422 
-59.563 -8.67105 
-59.6595 -8.91581 
-59.7071 -9.15752 
-59.6918 -9.3821 
-59.6059 -9.57508 
-59.4514 -9.72536 
-59.2402 -9.82809 
-58.9903 -9.88521 
-58.7209 -9.90355 
-58.4479 -9.89204 
-58.1827 -9.85943 
-57.9321 -9.81303 
-57.6992 -9.75839 
-57.485 -9.69945 
-57.289 -9.63885 
-57.1099 -9.57827 
-56.9461 -9.51873 
-56.796 -9.46084 
-56.658 -9.40486 
-56.5306 -9.35091 
-56.4125 -9.29896 
-56.3025 -9.24894 
-56.1996 -9.2007 
-56.1028 -9.15409 
-56.0113 -9.10895 
-55.9246 -9.06511 
-55.8418 -9.02241 
-55.7626 -8.98067 
-55.6864 -8.93975 
-55.6127 -8.89949 
-55.5412 -8.85973 
-55.4715 -8.82032 
-55.4033 -8.78113 
-55.3363 -8.742 
-55.2702 -8.70279 
-55.2046 -8.66334 
-55.1394 -8.62351 
-55.0743 -8.58312 
-55.009 -8.54201 
-54.9433 -8.5 
-54.8768 -8.45689 
-54.8094 -8.41245 
-54.7407 -8.36647 
-54.6704 -8.31866 
-54.5982 -8.26874 
-54.5238 -8.21637 
-54.4467 -8.16116 
-54.3666 -8.1027 
-54.283 -8.04046 
-54.1954 -7.97387 
-54.1034 -7.90226 
-54.0063 -7.82483 
-53.9035 -7.74067 
-53.7945 -7.6487 
-53.6787 -7.54769 
-53.5554 -7.43619 
-53.4244 -7.3126 
-53.2857 -7.17512 
-53.1397 -7.02189 
-52.988 -6.85113 
-52.8335 -6.66147 
-52.6813 -6.4525 
-52.5393 -6.22559 
-52.4188 -5.98491 
-52.3341 -5.73839 
-52.3004 -5.49795 
-52.3307 -5.27818 
>
-89.3608 40.5009 
-89.5455 40.7546 
-89.8921 40.9568 
-90.3515 41.1025 
-90.8682 41.1963 
-91.3967 41.2482 
-91.9072 41.2689 
-92.3836 41.268 
-92.8196 41.2528 
-93.2146 41.2286 
-93.5711 41.1988 
-93.8928 41.166 
-94.1838 41.1316 
-94.448 41.0967 
-94.6889 41.0619 
-94.9098 41.0275 
-95.1135 40.9937 
-95.3022 40.9607 
-95.4781 40.9284 
-95.6428 40.8968 
-95.798 40.866 
-95.9449 40.8357 
-96.0847 40.806 
-96.2183 40.7768 
-96.3468 40.7479 
-96.4708 40.7193 
-96.591 40.6909 
-96.7082 40.6625 
-96.8228 40.6342 
-96.9355 40.6057 
-97.0467 40.577 
-97.157 40.5479 
-97.2668 40.5184 
-97.3766 40.4884 
-97.4869 40.4576 
-97.598 40.4259 
-97.7106 40.3932 
-97.8252 40.3593 
-97.9422 40.324 
-98.0622 40.287 
-98.1859 40.2481 
-98.3139 40.207 
-98.4471 40.1634 
-98.5862 40.1167 
-98.7322 40.0665 
-98.8862 40.0123 
-99.0493 39.9534 
-99.223 39.8888 
-99.4088 39.8177 
-99.6083 39.7388 
-99.8236 39.6506 
-100.057 39.5513 
-100.31 39.4388 
-100.585 39.3103 
-100.883 39.1627 
-101.206 38.9925 
-101.552 38.7956 
-101.914 38.5686 
-102.282 38.3088 
-102.634 38.0171 
-102.939 37.6998 
-103.152 37.3716 
-103.232 37.055 
-103.149 36.7766 
-102.903 36.5574 
-102.526 36.4061 
-102.064 36.3179 
-101.568 36.2802 
-101.073 36.2783 
-100.602 36.2997 
-100.166 36.335 
-99.7681 36.3777 
-99.4085 36.4239 
-99.0839 36.4709 
-98.7906 36.5175 
-98.5248 36.5628 
-98.2829 36.6063 
-98.0618 36.6481 
-97.8586 36.688 
-97.6707 36.7261 
-97.4962 36.7626 
-97.3331 36.7977 
-97.1799 36.8313 
-97.0353 36.8638 
-96.898 36.8953 
-96.7671 36.9258 
-96.6415 36.9556 
-96.5206 36.9847 
-96.4036 37.0133 
-96.2899 37.0415 
-96.1788 37.0694 
-96.0699 37.0971 
-95.9626 37.1248 
-95.8563 37.1526 
-95.7508 37.1805 
-95.6454 37.2086 
-95.5399 37.2372 
-95.4335 37.2663 
-95.3261 37.2961 
-95.2169 37.3267 
-95.1056 37.3583 
-94.9916 37.3911 
-94.8743 37.4252 
-94.753 37.461 
-94.6271 37.4986 
-94.4957 37.5384 
-94.3579 37.5807 
-94.2128 37.626 
-94.0591 37.6748 
-93.8956 37.7276 
-93.7206 37.7852 
-93.5326 37.8483 
-93.3294 37.9181 
-93.1089 37.9958 
-92.8685 38.0829 
-92.6056 38.1814 
-92.3174 38.2934 
-92.0014 38.4217 
-91.6562 38.5696 
-91.2823 38.7405 
-90.8844 38.938 
-90.4741 39.1652 
-90.0735 39.4228 
-89.7186 39.7074 
-89.4573 40.0093 
-89.3404 40.3112 
>
21.1668 26.0533 
21.027 26.2111 
20.8252 26.3284 
20.5784 26.4048 
20.3056 26.4445 
20.024 26.4545 
19.7463 26.442 
19.4809 26.4139 
19.2322 26.3755 
19.0019 26.3308 
18.7901 26.2826 
18.5959 26.2329 
18.4178 26.1829 
18.2542 26.1334 
18.1036 26.0849 
17.9644 26.0376 
17.8353 25.9917 
17.715 25.9471 
17.6024 25.9039 
17.4965 25.8619 
17.3965 25.821 
17.3017 25.7812 
17.2113 25.7422 
17.1247 25.704 
17.0415 25.6665 
16.9612 25.6295 
16.8832 25.5928 
16.8073 25.5564 
16.7331 25.5202 
16.6602 25.4839 
16.5884 25.4475 
16.5173 25.4109 
16.4466 25.3738 
16.376 25.3362 
16.3054 25.2979 
16.2344 25.2586 
16.1626 25.2184 
16.0899 25.1768 
16.016 25.1338 
15.9404 25.0891 
15.8629 25.0423 
15.7832 24.9933 
15.7008 24.9415 
15.6152 24.8867 
15.5262 24.8284 
15.4332 24.7659 
15.3356 24.6988 
15.2329 24.6262 
15.1245 24.5473 
15.0099 24.4612 
14.8885 24.3666 
14.7598 24.2623 
14.6235 24.1468 
14.4797 24.0184 
14.3291 23.8755 
14.1731 23.7165 
14.0148 23.5399 
13.8592 23.3455 
13.7138 23.1342 
13.5895 22.9095 
13.4996 22.6781 
13.4589 22.4501 
13.4799 22.2384 
13.569 22.0557 
13.7238 21.9118 
13.933 21.8112 
14.1799 21.7521 
14.4467 21.7286 
14.7183 21.7329 
14.9836 21.7572 
15.2359 21.7948 
15.4716 21.8407 
15.6897 21.8913 
15.8902 21.9439 
16.0743 21.997 
16.2433 22.0496 
16.3988 22.101 
16.5422 22.1509 
16.675 22.1992 
16.7984 22.2458 
16.9136 22.2909 
17.0217 22.3344 
17.1235 22.3765 
17.2199 22.4173 
17.3115 22.457 
17.399 22.4958 
17.4829 22.5337 
17.5637 22.5709 
17.6419 22.6075 
17.7179 22.6437 
17.7921 22.6796 
17.8647 22.7154 
17.9362 22.7511 
18.0068 22.7869 
18.0768 22.8229 
18.1465 22.8593 
18.2162 22.8962 
18.2862 22.9338 
18.3566 22.9722 
18.4279 23.0117 
18.5004 23.0523 
18.5742 23.0944 
18.6498 23.1382 
18.7275 23.1839 
18.8077 23.2318 
18.8907 23.2824 
18.9771 23.3359 
19.0673 23.3929 
19.1619 23.4538 
19.2614 23.5193 
19.3663 23.5902 
19.4775 23.6671 
19.5955 23.7512 
19.7211 23.8435 
19.8546 23.9453 
19.9967 24.058 
20.1473 24.1834 
20.3059 24.323 
20.4709 24.4785 
20.6394 24.6512 
20.8059 24.8414 
20.9623 25.0484 
21.0969 25.2686 
21.195 25.4958 
21.2406 25.72 
21.2204 25.9291 
>
-111.351 30.8231 
-111.397 31.0239 
-111.524 31.2142 
-111.717 31.3865 
-111.955 31.5365 
-112.217 31.6633 
-112.488 31.7681 
-112.756 31.8537 
-113.014 31.9229 
-113.258 31.9787 
-113.486 32.0236 
-113.698 32.0599 
-113.895 32.0891 
-114.078 32.1127 
-114.248 32.1318 
-114.406 32.1472 
-114.554 32.1597 
-114.693 32.1697 
-114.824 32.1777 
-114.948 32.184 
-115.065 32.1888 
-115.178 32.1925 
-115.285 32.195 
-115.389 32.1967 
-115.488 32.1976 
-115.585 32.1977 
-115.68 32.1971 
-115.772 32.196 
-115.863 32.1942 
-115.952 32.1919 
-116.04 32.1891 
-116.128 32.1857 
-116.216 32.1817 
-116.304 32.1772 
-116.392 32.1721 
-116.482 32.1663 
-116.572 32.1599 
-116.665 32.1527 
-116.759 32.1448 
-116.855 32.1359 
-116.955 32.126 
-117.058 32.115 
-117.165 32.1026 
-117.277 32.0888 
-117.394 32.0732 
-117.518 32.0556 
-117.648 32.0356 
-117.786 32.0128 
-117.933 31.9867 
-118.09 31.9566 
-118.259 31.9217 
-118.439 31.8809 
-118.634 31.8331 
-118.842 31.7767 
-119.065 31.71 
-119.302 31.6306 
-119.551 31.5362 
-119.807 31.4243 
-120.062 31.2926 
-120.303 31.1397 
-120.514 30.9662 
-120.674 30.7752 
-120.764 30.5735 
-120.771 30.3702 
-120.692 30.1756 
-120.537 29.9982 
-120.324 29.8434 
-120.073 29.713 
-119.804 29.6061 
-119.532 29.5198 
-119.267 29.451 
-119.014 29.3963 
-118.776 29.353 
-118.555 29.3186 
-118.35 29.2913 
-118.159 29.2697 
-117.983 29.2524 
-117.82 29.2387 
-117.667 29.2278 
-117.525 29.2192 
-117.391 29.2125 
-117.265 29.2073 
-117.146 29.2034 
-117.033 29.2006 
-116.925 29.1987 
-116.822 29.1976 
-116.722 29.1972 
-116.626 29.1974 
-116.532 29.1981 
-116.441 29.1993 
-116.352 29.2011 
-116.264 29.2032 
-116.178 29.2058 
-116.092 29.2089 
-116.007 29.2123 
-115.922 29.2162 
-115.837 29.2206 
-115.751 29.2254 
-115.664 29.2308 
-115.576 29.2367 
-115.486 29.2432 
-115.394 29.2504 
-115.299 29.2584 
-115.202 29.2672 
-115.101 29.277 
-114.996 29.2878 
-114.886 29.3 
-114.771 29.3136 
-114.65 29.329 
-114.521 29.3464 
-114.385 29.3662 
-114.239 29.3889 
-114.083 29.4151 
-113.916 29.4455 
-113.736 29.481 
-113.542 29.5228 
-113.333 29.5722 
-113.108 29.631 
-112.869 29.7013 
-112.617 29.7854 
-112.357 29.8862 
-112.096 30.0062 
-111.849 30.1473 
-111.632 30.31 
-111.465 30.4923 
-111.369 30.6889 
>
-87.3518 50.6758 
-87.2052 50.8256 
-87.1283 51.0045 
-87.1172 51.2022 
-87.162 51.4082 
-87.2498 51.6135 
-87.368 51.8114 
-87.5057 51.9977 
-87.654 52.1705 
-87.8069 52.3293 
-87.96 52.4744 
-88.1105 52.6066 
-88.2567 52.7273 
-88.3979 52.8375 
-88.5336 52.9385 
-88.6638 53.0314 
-88.7887 53.1171 
-88.9087 53.1966 
-89.024 53.2706 
-89.1351 53.3398 
-89.2424 53.4048 
-89.3464 53.4662 
-89.4475 53.5244 
-89.546 53.5798 
-89.6423 53.6328 
-89.7369 53.6837 
-89.83 53.7328 
-89.9221 53.7804 
-90.0134 53.8266 
-90.1043 53.8717 
-90.1951 53.9159 
-90.2862 53.9594 
-90.3779 54.0023 
-90.4706 54.0448 
-90.5646 54.0871 
-90.6603 54.1294 
-90.7582 54.1716 
-90.8586 54.2141 
-90.9621 54.257 
-91.0691 54.3003 
-91.1804 54.3443 
-91.2964 54.389 
-91.418 54.4347 
-91.5459 54.4815 
-91.6812 54.5295 
-91.8247 54.5788 
-91.9777 54.6296 
-92.1415 54.6819 
-92.3177 54.7358 
-92.5078 54.7912 
-92.7136 54.8481 
-92.9373 54.906 
-93.1807 54.9645 
-93.4458 55.0226 
-93.734 55.079 
-94.0463 55.1316 
-94.3819 55.1775 
-94.7376 55.2128 
-95.107 55.2323 
-95.4789 55.2301 
-95.8371 55.1999 
-96.1613 55.1364 
-96.4301 55.0366 
-96.6252 54.9015 
-96.7367 54.7363 
-96.7651 54.5497 
-96.7202 54.3515 
-96.6174 54.1512 
-96.4738 53.9561 
-96.3047 53.771 
-96.1223 53.5987 
-95.9354 53.4401 
-95.7499 53.2952 
-95.5695 53.1633 
-95.3962 53.0431 
-95.231 52.9336 
-95.074 52.8335 
-94.9253 52.7417 
-94.7842 52.6572 
-94.6504 52.5791 
-94.5231 52.5065 
-94.4017 52.4388 
-94.2857 52.3753 
-94.1743 52.3155 
-94.0672 52.2589 
-93.9637 52.2052 
-93.8633 52.1539 
-93.7657 52.1046 
-93.6703 52.0573 
-93.5768 52.0114 
-93.4848 51.967 
-93.394 51.9236 
-93.3039 51.8811 
-93.2142 51.8394 
-93.1246 51.7982 
-93.0347 51.7575 
-92.9443 51.717 
-92.8528 51.6765 
-92.7601 51.636 
-92.6656 51.5953 
-92.5689 51.5543 
-92.4697 51.5127 
-92.3674 51.4705 
-92.2614 51.4275 
-92.1513 51.3835 
-92.0364 51.3383 
-91.9158 51.2919 
-91.7889 51.2439 
-91.6547 51.1943 
-91.5122 51.1428 
-91.3602 51.0894 
-91.1975 51.0338 
-91.0226 50.9761 
-90.834 50.9161 
-90.63 50.8542 
-90.409 50.7907 
-90.1693 50.7262 
-89.9098 50.662 
-89.6299 50.5998 
-89.3301 50.5426 
-89.0131 50.4942 
-88.6842 50.4599 
-88.3526 50.4462 
-88.0312 50.4604 
-87.7366 50.5089 
-87.4861 50.5962 
>
-132.688 34.3963 
-132.764 34.6455 
-132.968 34.8773 
-133.27 35.0809 
-133.632 35.2513 
-134.018 35.3891 
-134.406 35.4979 
-134.778 35.5826 
-135.127 35.648 
-135.449 35.6983 
-135.746 35.7369 
-136.017 35.7665 
-136.265 35.789 
-136.493 35.8062 
-136.703 35.8192 
-136.897 35.8288 
-137.077 35.8357 
-137.245 35.8405 
-137.402 35.8437 
-137.55 35.8453 
-137.69 35.8459 
-137.823 35.8454 
-137.95 35.844 
-138.072 35.842 
-138.19 35.8392 
-138.304 35.8359 
-138.414 35.832 
-138.522 35.8276 
-138.629 35.8227 
-138.733 35.8173 
-138.836 35.8115 
-138.939 35.8051 
-139.042 35.7982 
-139.144 35.7907 
-139.248 35.7826 
-139.352 35.7739 
-139.458 35.7645 
-139.566 35.7544 
-139.676 35.7433 
-139.79 35.7313 
-139.907 35.7182 
-140.028 35.7038 
-140.154 35.6879 
-140.286 35.6704 
-140.425 35.651 
-140.572 35.6292 
-140.728 35.6048 
-140.894 35.5772 
-141.071 35.5458 
-141.262 35.5097 
-141.468 35.4681 
-141.692 35.4197 
-141.935 35.363 
-142.199 35.296 
-142.485 35.2164 
-142.796 35.1213 
-143.128 35.0071 
-143.479 34.8703 
-143.837 34.7071 
-144.185 34.5151 
-144.497 34.2947 
-144.738 34.0507 
-144.873 33.7937 
-144.876 33.5392 
-144.744 33.3033 
-144.495 33.0981 
-144.164 32.9292 
-143.788 32.796 
-143.398 32.694 
-143.016 32.6174 
-142.654 32.5606 
-142.317 32.5186 
-142.007 32.4879 
-141.724 32.4655 
-141.466 32.4493 
-141.229 32.4378 
-141.013 32.4298 
-140.813 32.4245 
-140.629 32.4213 
-140.458 32.4198 
-140.299 32.4194 
-140.15 32.4202 
-140.009 32.4217 
-139.876 32.4239 
-139.749 32.4267 
-139.628 32.4299 
-139.511 32.4336 
-139.399 32.4376 
-139.29 32.442 
-139.184 32.4467 
-139.081 32.4518 
-138.979 32.4571 
-138.879 32.4628 
-138.78 32.4688 
-138.681 32.4751 
-138.582 32.4818 
-138.484 32.4889 
-138.384 32.4964 
-138.283 32.5044 
-138.181 32.5129 
-138.077 32.522 
-137.97 32.5318 
-137.86 32.5423 
-137.746 32.5537 
-137.628 32.5661 
-137.505 32.5796 
-137.376 32.5945 
-137.24 32.6108 
-137.096 32.629 
-136.944 32.6494 
-136.781 32.6722 
-136.605 32.6982 
-136.416 32.7278 
-136.212 32.7619 
-135.989 32.8016 
-135.747 32.848 
-135.482 32.9029 
-135.193 32.9683 
-134.879 33.0469 
-134.54 33.1418 
-134.181 33.2569 
-133.812 33.3961 
-133.45 33.563 
-133.122 33.7595 
-132.865 33.9838 
-132.715 34.2285 
>
26.512 16.0154 
26.7243 15.917 
26.9795 15.8921 
27.259 15.9314 
27.5448 16.0197 
27.8228 16.1402 
28.0844 16.2789 
28.3252 16.4249 
28.5439 16.5714 
28.7413 16.7139 
28.919 16.8501 
29.079 16.979 
29.2236 17.1003 
29.3546 17.2142 
29.4739 17.3212 
29.5831 17.4217 
29.6836 17.5165 
29.7764 17.6061 
29.8628 17.691 
29.9435 17.7718 
30.0193 17.8491 
30.0909 17.9232 
30.1588 17.9946 
30.2235 18.0636 
30.2856 18.1306 
30.3452 18.1959 
30.4029 18.2599 
30.459 18.3228 
30.5136 18.3848 
30.5671 18.4463 
30.6197 18.5074 
30.6716 18.5685 
30.7231 18.6297 
30.7743 18.6914 
30.8256 18.7538 
30.877 18.8172 
30.9288 18.8817 
30.9811 18.9479 
31.0343 19.0159 
31.0885 19.0861 
31.144 19.159 
31.201 19.2349 
31.2598 19.3144 
31.3207 19.3981 
31.3839 19.4865 
31.4498 19.5804 
31.5188 19.6807 
31.5912 19.7883 
31.6673 19.9043 
31.7476 20.0301 
31.8323 20.167 
31.9216 20.3167 
32.0155 20.4812 
32.1138 20.6622 
32.2155 20.8617 
32.3189 21.0815 
32.4209 21.3223 
32.5164 21.5835 
32.5977 21.862 
32.6539 22.1506 
32.6718 22.4366 
32.6369 22.7024 
32.5379 22.9271 
32.3712 23.0916 
32.1436 23.1844 
31.8715 23.2051 
31.5754 23.1636 
31.2749 23.0752 
30.9844 22.956 
30.7127 22.8197 
30.4639 22.6762 
30.2389 22.5325 
30.0365 22.3925 
29.8549 22.2586 
29.6918 22.1316 
29.5448 22.0119 
29.4119 21.8993 
29.291 21.7934 
29.1807 21.6937 
29.0793 21.5996 
28.9857 21.5105 
28.8988 21.4258 
28.8177 21.3451 
28.7415 21.2679 
28.6698 21.1938 
28.6018 21.1223 
28.537 21.0531 
28.475 20.9857 
28.4154 20.92 
28.3579 20.8557 
28.3021 20.7923 
28.2477 20.7297 
28.1945 20.6676 
28.1423 20.6058 
28.0907 20.544 
28.0397 20.4819 
27.989 20.4194 
27.9383 20.3561 
27.8875 20.2917 
27.8365 20.226 
27.7849 20.1587 
27.7325 20.0894 
27.6793 20.0178 
27.6249 19.9434 
27.569 19.8657 
27.5116 19.7844 
27.4522 19.6987 
27.3907 19.6081 
27.3267 19.5117 
27.2599 19.4087 
27.1901 19.298 
27.1169 19.1786 
27.04 19.0491 
26.9593 18.9079 
26.8747 18.7534 
26.7864 18.5837 
26.6948 18.3969 
26.6012 18.1911 
26.5075 17.9648 
26.4173 17.7173 
26.3358 17.4499 
26.2708 17.1666 
26.2329 16.8759 
26.2345 16.5917 
26.2879 16.3331 
26.402 16.1211 
>
98.6198 47.5518 
98.5712 47.2626 
98.7126 46.9441 
98.9988 46.6209 
99.3735 46.3121 
99.7877 46.0291 
100.207 45.7761 
100.611 45.553 
100.988 45.3576 
101.337 45.1863 
101.656 45.0359 
101.947 44.9031 
102.213 44.7851 
102.457 44.6797 
102.681 44.5848 
102.887 44.4988 
103.079 44.4204 
103.258 44.3484 
103.425 44.2818 
103.583 44.22 
103.732 44.1621 
103.874 44.1077 
104.009 44.0562 
104.139 44.0073 
104.265 43.9605 
104.386 43.9156 
104.505 43.8723 
104.621 43.8303 
104.734 43.7894 
104.846 43.7494 
104.958 43.71 
105.068 43.6712 
105.179 43.6328 
105.289 43.5945 
105.401 43.5562 
105.514 43.5178 
105.629 43.4791 
105.747 43.44 
105.867 43.4002 
105.991 43.3595 
106.12 43.3179 
106.253 43.2751 
106.393 43.2308 
106.54 43.1849 
106.695 43.137 
106.859 43.0869 
107.034 43.0343 
107.222 42.9788 
107.425 42.9202 
107.646 42.8579 
107.886 42.7918 
108.149 42.7214 
108.439 42.6467 
108.761 42.5675 
109.117 42.4846 
109.512 42.399 
109.95 42.3135 
110.43 42.2326 
110.948 42.1642 
111.49 42.1203 
112.03 42.1174 
112.525 42.1747 
112.924 42.3089 
113.179 42.5259 
113.265 42.8152 
113.188 43.1516 
112.982 43.5051 
112.692 43.8501 
112.356 44.1707 
112.006 44.4592 
111.66 44.7144 
111.33 44.9383 
111.019 45.1343 
110.731 45.3062 
110.463 45.4575 
110.216 45.5915 
109.987 45.7108 
109.775 45.8179 
109.577 45.9145 
109.392 46.0024 
109.218 46.0828 
109.055 46.1568 
108.899 46.2254 
108.752 46.2892 
108.61 46.3491 
108.475 46.4055 
108.344 46.459 
108.217 46.5099 
108.093 46.5585 
107.973 46.6053 
107.854 46.6505 
107.737 46.6944 
107.621 46.7371 
107.506 46.779 
107.391 46.8201 
107.276 46.8606 
107.16 46.9009 
107.042 46.9409 
106.923 46.9808 
106.801 47.0209 
106.676 47.0613 
106.548 47.102 
106.415 47.1434 
106.277 47.1856 
106.133 47.2286 
105.981 47.2728 
105.822 47.3182 
105.653 47.3652 
105.472 47.4138 
105.279 47.4643 
105.071 47.5168 
104.845 47.5715 
104.599 47.6286 
104.33 47.6879 
104.033 47.7495 
103.704 47.8129 
103.339 47.8772 
102.933 47.9411 
102.48 48.002 
101.978 48.0559 
101.429 48.0966 
100.841 48.1151 
100.235 48.0994 
99.6483 48.0352 
99.1374 47.9096 
98.7649 47.7159 
>
94.6439 39.9161 
94.6091 39.6252 
94.7435 39.3076 
95.0069 38.9875 
95.3491 38.6836 
95.7262 38.4064 
96.1074 38.1599 
96.4743 37.9436 
96.8179 37.7548 
97.1347 37.59 
97.4247 37.4458 
97.6895 37.3188 
97.9316 37.2064 
98.1532 37.1062 
98.3571 37.0162 
98.5452 36.9348 
98.7198 36.8608 
98.8826 36.7929 
99.0351 36.7303 
99.1787 36.6722 
99.3147 36.6179 
99.444 36.567 
99.5675 36.5189 
99.6862 36.4732 
99.8007 36.4297 
99.9116 36.3879 
100.02 36.3476 
100.125 36.3086 
100.229 36.2707 
100.331 36.2337 
100.433 36.1974 
100.534 36.1616 
100.635 36.1261 
100.736 36.0909 
100.838 36.0557 
100.941 36.0205 
101.046 35.985 
101.154 35.9492 
101.264 35.9129 
101.377 35.8758 
101.495 35.838 
101.617 35.799 
101.745 35.7589 
101.879 35.7174 
102.021 35.6742 
102.171 35.6291 
102.332 35.582 
102.504 35.5324 
102.69 35.4801 
102.892 35.425 
103.112 35.3666 
103.353 35.3049 
103.619 35.2399 
103.913 35.1717 
104.24 35.1011 
104.602 35.0296 
105.003 34.9599 
105.442 34.8968 
105.916 34.8481 
106.41 34.8254 
106.899 34.8442 
107.344 34.9221 
107.696 35.0734 
107.911 35.3018 
107.967 35.5954 
107.872 35.9292 
107.659 36.2744 
107.371 36.6076 
107.045 36.9144 
106.709 37.1887 
106.38 37.43 
106.068 37.6408 
105.776 37.8246 
105.506 37.9853 
105.256 38.1264 
105.026 38.251 
104.814 38.3619 
104.618 38.4611 
104.435 38.5506 
104.265 38.6318 
104.105 38.706 
103.954 38.7742 
103.812 38.8373 
103.676 38.8961 
103.547 38.9511 
103.423 39.0029 
103.303 39.0519 
103.187 39.0985 
103.075 39.1431 
102.965 39.1859 
102.857 39.2272 
102.751 39.2673 
102.645 39.3063 
102.541 39.3445 
102.436 39.3819 
102.332 39.4189 
102.227 39.4554 
102.12 39.4918 
102.012 39.5281 
101.902 39.5645 
101.789 39.601 
101.673 39.638 
101.553 39.6754 
101.429 39.7135 
101.299 39.7524 
101.163 39.7922 
101.019 39.8331 
100.867 39.8753 
100.705 39.9189 
100.532 39.9642 
100.345 40.0111 
100.143 40.0599 
99.9233 40.1106 
99.6826 40.1631 
99.4177 40.2174 
99.1248 40.2728 
98.7997 40.3287 
98.4383 40.3834 
98.0366 40.4346 
97.5923 40.4782 
97.1065 40.5082 
96.5873 40.5159 
96.0532 40.4897 
95.5381 40.4159 
95.0909 40.2823 
94.7675 40.0827 
>
19.7953 29.5464 
19.6944 29.7395 
19.5128 29.905 
19.2694 30.0383 
18.9871 30.1396 
18.6872 30.2122 
18.386 30.261 
18.0945 30.2912 
17.8188 30.3074 
17.5618 30.3131 
17.324 30.3114 
17.105 30.3044 
16.9033 30.2937 
16.7175 30.2804 
16.5458 30.2652 
16.3866 30.2489 
16.2386 30.2317 
16.1003 30.214 
15.9705 30.1959 
15.8482 30.1776 
15.7325 30.1592 
15.6224 30.1407 
15.5172 30.1221 
15.4163 30.1034 
15.3191 30.0847 
15.2251 30.0659 
15.1336 30.0469 
15.0444 30.0277 
14.957 30.0083 
14.8709 29.9887 
14.7859 29.9686 
14.7015 29.9482 
14.6175 29.9273 
14.5335 29.9058 
14.4492 29.8836 
14.3641 29.8606 
14.278 29.8368 
14.1906 29.8119 
14.1013 29.7859 
14.0099 29.7585 
13.9158 29.7295 
13.8187 29.6988 
13.7179 29.666 
13.613 29.6309 
13.5032 29.593 
13.388 29.5519 
13.2666 29.5072 
13.1381 29.4582 
13.0016 29.4042 
12.8563 29.3442 
12.701 29.2774 
12.5349 29.2024 
12.3572 29.1177 
12.1671 29.0217 
11.9649 28.9124 
11.7513 28.7876 
11.5292 28.6453 
11.3034 28.4837 
11.0827 28.3019 
10.8796 28.1008 
10.7114 27.8843 
10.5978 27.6596 
10.5572 27.4374 
10.601 27.2303 
10.7293 27.0494 
10.9302 26.9018 
11.1837 26.7893 
11.4678 26.7093 
11.7631 26.6567 
12.0556 26.6256 
12.3361 26.6106 
12.5999 26.6071 
12.8449 26.6117 
13.0711 26.6219 
13.2793 26.6359 
13.471 26.6522 
13.6477 26.6702 
13.811 26.6891 
13.9626 26.7085 
14.1037 26.7281 
14.2357 26.7479 
14.3597 26.7675 
14.4768 26.7871 
14.5877 26.8066 
14.6933 26.8259 
14.7944 26.8451 
14.8914 26.8642 
14.9851 26.8833 
15.0759 26.9023 
15.1642 26.9213 
15.2506 26.9404 
15.3353 26.9597 
15.4188 26.9791 
15.5015 26.9988 
15.5836 27.0188 
15.6655 27.0392 
15.7475 27.0602 
15.83 27.0817 
15.9133 27.1038 
15.9977 27.1268 
16.0837 27.1507 
16.1716 27.1757 
16.2617 27.2019 
16.3547 27.2295 
16.4509 27.2587 
16.5509 27.2899 
16.6552 27.3232 
16.7645 27.359 
16.8796 27.3978 
17.0013 27.4399 
17.1304 27.486 
17.2678 27.5368 
17.4147 27.5931 
17.5722 27.6557 
17.7413 27.726 
17.923 27.8053 
18.118 27.8952 
18.3266 27.9976 
18.5479 28.1146 
18.7793 28.2483 
19.0157 28.4006 
19.2483 28.5726 
19.4635 28.7639 
19.6431 28.9715 
19.766 29.1891 
19.8127 29.4071 
>
