160.54 9.78495 
160.578 10.1639 
160.581 10.4596 
160.58 10.8406 
160.547 11.2159 
160.489 11.5795 
160.412 11.9279 
160.32 12.259 
160.219 12.5718 
160.111 12.8665 
159.999 13.1436 
159.884 13.4041 
159.768 13.6491 
159.652 13.88 
159.535 14.0978 
159.419 14.3039 
159.304 14.4995 
159.19 14.6855 
159.077 14.8631 
158.965 15.0331 
158.854 15.1963 
158.743 15.3536 
158.632 15.5058 
158.522 15.6533 
158.411 15.7969 
158.3 15.9371 
158.188 16.0744 
158.076 16.2094 
157.962 16.3424 
157.846 16.474 
157.728 16.6045 
157.608 16.7343 
157.485 16.8639 
157.358 16.9935 
157.227 17.1236 
157.092 17.2545 
156.952 17.3865 
156.806 17.5199 
156.654 17.6551 
156.494 17.7923 
156.326 17.9318 
156.148 18.0738 
155.96 18.2183 
155.761 18.3655 
155.548 18.5151 
155.321 18.667 
155.078 18.8205 
154.818 18.9748 
154.538 19.1285 
154.239 19.2796 
153.919 19.4255 
153.577 19.5624 
153.215 19.6855 
152.834 19.789 
152.439 19.8656 
152.036 19.9073 
151.633 19.9059 
151.242 19.8535 
150.874 19.7445 
150.542 19.5761 
150.347 19.4322 
150.098 19.1703 
149.69 19.0405 
149.301 18.9886 
148.935 18.88 
148.604 18.712 
148.41 18.5683 
148.163 18.3068 
147.972 17.9988 
147.84 17.6551 
147.762 17.2879 
147.734 16.9086 
147.747 16.5275 
147.793 16.1525 
147.865 15.7893 
147.957 15.4416 
148.062 15.1116 
148.176 14.8001 
148.297 14.5069 
148.42 14.2315 
148.561 13.9311 
148.685 13.6556 
148.81 13.3969 
148.935 13.1537 
149.06 12.9249 
149.184 12.7091 
149.306 12.5051 
149.427 12.3117 
149.546 12.1278 
149.664 11.9525 
149.78 11.7847 
149.895 11.6237 
150.009 11.4686 
150.122 11.3187 
150.235 11.1734 
150.347 11.032 
150.46 10.894 
150.572 10.7589 
150.685 10.6262 
150.8 10.4953 
150.915 10.366 
151.032 10.2377 
151.151 10.1101 
151.273 9.98276 
151.398 9.85533 
151.526 9.72745 
151.658 9.59877 
151.795 9.46895 
151.937 9.33765 
152.085 9.20455 
152.269 9.03488 
152.397 8.90694 
152.529 8.7782 
152.665 8.64831 
152.806 8.51695 
152.954 8.38381 
153.108 8.24858 
153.27 8.111 
153.44 7.97084 
153.619 7.82795 
153.81 7.68222 
154.011 7.53371 
154.226 7.38261 
154.456 7.22936 
154.701 7.0747 
154.963 6.91981 
155.244 6.76641 
155.544 6.61696 
155.863 6.47482 
156.201 6.34441 
156.557 6.23137 
156.927 6.14258 
157.307 6.08593 
157.688 6.0699 
158.062 6.10262 
158.418 6.19073 
158.744 6.33809 
158.939 6.38004 
159.295 6.46804 
159.621 6.61527 
159.907 6.82169 
160.145 7.08293 
160.331 7.39074 
160.463 7.73418 
160.545 8.10122 
160.581 8.48027 
160.578 8.8613 
160.544 9.23641 
>
