-171.393 19.4247 
-171.468 19.4113 
-171.541 19.3651 
-171.607 19.2947 
-171.664 19.2105 
-171.711 19.121 
-171.75 19.0325 
-171.782 18.9483 
-171.808 18.8702 
-171.829 18.7986 
-171.847 18.7333 
-171.862 18.6738 
-171.874 18.6197 
-171.884 18.5702 
-171.893 18.5247 
-171.901 18.4829 
-171.907 18.4441 
-171.913 18.408 
-171.918 18.3742 
-171.923 18.3424 
-171.927 18.3123 
-171.931 18.2837 
-171.934 18.2565 
-171.937 18.2303 
-171.94 18.2051 
-171.942 18.1807 
-171.944 18.1569 
-171.947 18.1337 
-171.948 18.1109 
-171.95 18.0885 
-171.952 18.0662 
-171.953 18.0441 
-171.955 18.022 
-171.956 17.9999 
-171.957 17.9776 
-171.959 17.9551 
-171.96 17.9322 
-171.96 17.9088 
-171.961 17.8849 
-171.962 17.8602 
-171.962 17.8347 
-171.963 17.8082 
-171.963 17.7805 
-171.963 17.7515 
-171.963 17.7209 
-171.963 17.6885 
-171.962 17.654 
-171.961 17.6171 
-171.959 17.5773 
-171.957 17.5343 
-171.954 17.4875 
-171.95 17.4364 
-171.945 17.3803 
-171.938 17.3186 
-171.929 17.2507 
-171.916 17.1759 
-171.9 17.0941 
-171.879 17.0059 
-171.851 16.9128 
-171.815 16.8186 
-171.769 16.7297 
-171.712 16.6552 
-171.646 16.6055 
-171.573 16.589 
-171.499 16.6084 
-171.428 16.6593 
-171.365 16.7326 
-171.31 16.8182 
-171.264 16.9078 
-171.227 16.9957 
-171.196 17.0788 
-171.171 17.1558 
-171.15 17.2262 
-171.133 17.2905 
-171.119 17.3489 
-171.107 17.4022 
-171.097 17.4509 
-171.088 17.4957 
-171.08 17.537 
-171.074 17.5753 
-171.068 17.611 
-171.063 17.6444 
-171.058 17.6758 
-171.054 17.7056 
-171.05 17.7339 
-171.047 17.761 
-171.044 17.787 
-171.041 17.812 
-171.038 17.8363 
-171.036 17.86 
-171.034 17.8831 
-171.032 17.9058 
-171.03 17.9282 
-171.028 17.9504 
-171.026 17.9725 
-171.025 17.9946 
-171.024 18.0167 
-171.022 18.039 
-171.021 18.0616 
-171.02 18.0846 
-171.019 18.108 
-171.018 18.1321 
-171.017 18.1569 
-171.016 18.1825 
-171.016 18.2092 
-171.016 18.2371 
-171.015 18.2663 
-171.015 18.2972 
-171.016 18.33 
-171.016 18.3649 
-171.017 18.4023 
-171.019 18.4426 
-171.021 18.4862 
-171.024 18.5337 
-171.028 18.5856 
-171.033 18.6426 
-171.04 18.7053 
-171.049 18.7744 
-171.062 18.8504 
-171.078 18.9334 
-171.101 19.0228 
-171.13 19.1165 
-171.168 19.2104 
-171.216 19.2978 
-171.275 19.369 
-171.344 19.4137 
>
-162.633 17.8676 
-162.709 17.8743 
-162.791 17.8486 
-162.874 17.798 
-162.953 17.7317 
-163.024 17.658 
-163.087 17.5829 
-163.141 17.5102 
-163.188 17.4418 
-163.229 17.3784 
-163.265 17.3201 
-163.296 17.2668 
-163.323 17.2178 
-163.347 17.1729 
-163.368 17.1315 
-163.387 17.0932 
-163.405 17.0576 
-163.421 17.0244 
-163.435 16.9932 
-163.449 16.9638 
-163.461 16.9359 
-163.473 16.9094 
-163.484 16.884 
-163.494 16.8596 
-163.504 16.836 
-163.513 16.8132 
-163.522 16.7909 
-163.531 16.7691 
-163.539 16.7477 
-163.547 16.7266 
-163.555 16.7056 
-163.563 16.6848 
-163.571 16.6639 
-163.578 16.643 
-163.586 16.6218 
-163.593 16.6004 
-163.601 16.5786 
-163.608 16.5564 
-163.616 16.5335 
-163.623 16.51 
-163.631 16.4856 
-163.639 16.4602 
-163.647 16.4337 
-163.655 16.4058 
-163.664 16.3763 
-163.673 16.345 
-163.682 16.3116 
-163.691 16.2757 
-163.701 16.2371 
-163.711 16.1951 
-163.721 16.1493 
-163.732 16.0991 
-163.743 16.0437 
-163.754 15.9826 
-163.764 15.9148 
-163.774 15.8397 
-163.781 15.7568 
-163.786 15.6664 
-163.785 15.5695 
-163.777 15.4695 
-163.758 15.3719 
-163.725 15.2855 
-163.675 15.2204 
-163.61 15.1857 
-163.534 15.1852 
-163.452 15.2159 
-163.371 15.27 
-163.295 15.3383 
-163.226 15.4126 
-163.165 15.4875 
-163.113 15.5596 
-163.067 15.6272 
-163.027 15.6897 
-162.993 15.7471 
-162.963 15.7996 
-162.936 15.8478 
-162.913 15.8921 
-162.892 15.9329 
-162.873 15.9707 
-162.856 16.0058 
-162.84 16.0386 
-162.826 16.0694 
-162.813 16.0985 
-162.8 16.1261 
-162.789 16.1524 
-162.778 16.1776 
-162.767 16.2018 
-162.758 16.2252 
-162.748 16.2479 
-162.739 16.27 
-162.731 16.2917 
-162.722 16.313 
-162.714 16.3341 
-162.706 16.355 
-162.698 16.3758 
-162.691 16.3967 
-162.683 16.4176 
-162.675 16.4388 
-162.668 16.4602 
-162.66 16.482 
-162.653 16.5043 
-162.645 16.5272 
-162.637 16.5509 
-162.629 16.5754 
-162.621 16.6009 
-162.613 16.6276 
-162.604 16.6558 
-162.596 16.6855 
-162.587 16.7171 
-162.577 16.7508 
-162.568 16.787 
-162.558 16.8262 
-162.547 16.8687 
-162.536 16.9152 
-162.525 16.9661 
-162.514 17.0223 
-162.503 17.0845 
-162.492 17.1534 
-162.482 17.2297 
-162.474 17.3138 
-162.47 17.4055 
-162.471 17.5031 
-162.48 17.6033 
-162.501 17.6998 
-162.537 17.7836 
-162.589 17.8443 
>
-161.497 18.1927 
-161.541 18.216 
-161.617 18.2226 
-161.7 18.1969 
-161.783 18.1462 
-161.861 18.0798 
-161.932 18.0061 
-161.995 17.931 
-162.05 17.8583 
-162.097 17.7898 
-162.138 17.7264 
-162.173 17.6681 
-162.204 17.6147 
-162.232 17.5657 
-162.256 17.5208 
-162.277 17.4794 
-162.296 17.441 
-162.314 17.4054 
-162.33 17.3722 
-162.344 17.341 
-162.358 17.3116 
-162.37 17.2837 
-162.382 17.2572 
-162.393 17.2318 
-162.403 17.2074 
-162.413 17.1838 
-162.422 17.161 
-162.431 17.1387 
-162.44 17.1169 
-162.448 17.0955 
-162.456 17.0743 
-162.464 17.0534 
-162.472 17.0325 
-162.48 17.0116 
-162.487 16.9907 
-162.495 16.9695 
-162.502 16.9481 
-162.51 16.9263 
-162.517 16.9041 
-162.525 16.8812 
-162.532 16.8577 
-162.54 16.8333 
-162.548 16.8079 
-162.556 16.7813 
-162.564 16.7534 
-162.573 16.7239 
-162.582 16.6926 
-162.591 16.6592 
-162.6 16.6234 
-162.61 16.5847 
-162.62 16.5427 
-162.63 16.4969 
-162.641 16.4466 
-162.652 16.3913 
-162.662 16.3301 
-162.673 16.2624 
-162.682 16.1872 
-162.69 16.1044 
-162.694 16.0139 
-162.694 15.9171 
-162.686 15.817 
-162.666 15.7194 
-162.633 15.633 
-162.583 15.568 
-162.518 15.5334 
-162.442 15.5328 
-162.36 15.5636 
-162.278 15.6178 
-162.202 15.6861 
-162.133 15.7605 
-162.073 15.8355 
-162.02 15.9076 
-161.974 15.9752 
-161.935 16.0377 
-161.9 16.0951 
-161.87 16.1477 
-161.844 16.1959 
-161.82 16.2402 
-161.799 16.281 
-161.769 16.2939 
-161.704 16.2586 
-161.628 16.2573 
-161.545 16.2872 
-161.463 16.3405 
-161.385 16.408 
-161.315 16.4817 
-161.254 16.556 
-161.2 16.6275 
-161.153 16.6946 
-161.113 16.7567 
-161.078 16.8138 
-161.047 16.866 
-161.02 16.9139 
-160.996 16.9579 
-160.974 16.9985 
-160.955 17.0361 
-160.937 17.0711 
-160.921 17.1038 
-160.906 17.1344 
-160.892 17.1634 
-160.88 17.1909 
-160.868 17.217 
-160.857 17.2421 
-160.846 17.2662 
-160.836 17.2895 
-160.826 17.3121 
-160.817 17.3341 
-160.808 17.3557 
-160.799 17.377 
-160.791 17.398 
-160.783 17.4188 
-160.775 17.4395 
-160.767 17.4603 
-160.759 17.4812 
-160.751 17.5022 
-160.743 17.5236 
-160.735 17.5453 
-160.727 17.5675 
-160.719 17.5904 
-160.711 17.6139 
-160.703 17.6384 
-160.695 17.6638 
-160.686 17.6904 
-160.677 17.7185 
-160.668 17.7481 
-160.659 17.7796 
-160.649 17.8132 
-160.639 17.8494 
-160.628 17.8884 
-160.617 17.9308 
-160.606 17.9772 
-160.594 18.028 
-160.582 18.0841 
-160.57 18.1461 
-160.559 18.2149 
-160.548 18.2911 
-160.539 18.3752 
-160.533 18.4667 
-160.533 18.5644 
-160.541 18.6647 
-160.561 18.7614 
-160.597 18.8455 
-160.649 18.9068 
-160.692 18.9305 
-160.768 18.9379 
-160.852 18.9131 
-160.936 18.8633 
-161.016 18.7978 
-161.088 18.7248 
-161.152 18.6504 
-161.207 18.5783 
-161.256 18.5103 
-161.297 18.4473 
-161.334 18.3894 
-161.365 18.3363 
-161.393 18.2877 
-161.418 18.243 
-161.44 18.2018 
-161.46 18.1637 
>
-159.095 18.4116 
-159.17 18.4226 
-159.254 18.4018 
-159.341 18.356 
-159.424 18.2943 
-159.499 18.2248 
-159.567 18.1535 
-159.626 18.0841 
-159.678 18.0185 
-159.723 17.9576 
-159.762 17.9014 
-159.796 17.8499 
-159.827 17.8026 
-159.854 17.7592 
-159.878 17.7191 
-159.899 17.6819 
-159.919 17.6474 
-159.937 17.6151 
-159.954 17.5848 
-159.969 17.5563 
-159.983 17.5292 
-159.996 17.5033 
-160.009 17.4786 
-160.021 17.4549 
-160.032 17.4319 
-160.043 17.4097 
-160.053 17.388 
-160.063 17.3667 
-160.073 17.3458 
-160.082 17.3252 
-160.092 17.3047 
-160.101 17.2843 
-160.11 17.2639 
-160.119 17.2434 
-160.127 17.2228 
-160.136 17.2018 
-160.145 17.1805 
-160.154 17.1588 
-160.163 17.1364 
-160.172 17.1133 
-160.181 17.0894 
-160.191 17.0645 
-160.201 17.0385 
-160.211 17.0111 
-160.221 16.9822 
-160.232 16.9515 
-160.243 16.9186 
-160.255 16.8834 
-160.267 16.8453 
-160.28 16.804 
-160.293 16.7589 
-160.307 16.7093 
-160.321 16.6547 
-160.336 16.5943 
-160.35 16.5272 
-160.365 16.4528 
-160.377 16.3706 
-160.388 16.2805 
-160.393 16.1838 
-160.391 16.0834 
-160.378 15.9849 
-160.35 15.8967 
-160.304 15.829 
-160.242 15.7906 
-160.165 15.7856 
-160.081 15.8116 
-159.997 15.861 
-159.916 15.9247 
-159.843 15.995 
-159.777 16.0663 
-159.72 16.1352 
-159.67 16.2001 
-159.627 16.2602 
-159.589 16.3155 
-159.555 16.3663 
-159.526 16.4128 
-159.499 16.4556 
-159.476 16.4952 
-159.455 16.5318 
-159.435 16.5659 
-159.418 16.5978 
-159.401 16.6277 
-159.386 16.656 
-159.372 16.6828 
-159.359 16.7084 
-159.346 16.7329 
-159.335 16.7565 
-159.323 16.7792 
-159.313 16.8014 
-159.302 16.823 
-159.292 16.8441 
-159.282 16.8649 
-159.273 16.8855 
-159.264 16.9059 
-159.255 16.9262 
-159.245 16.9466 
-159.237 16.9671 
-159.228 16.9877 
-159.219 17.0087 
-159.21 17.03 
-159.201 17.0518 
-159.192 17.0743 
-159.182 17.0974 
-159.173 17.1214 
-159.163 17.1465 
-159.153 17.1727 
-159.143 17.2002 
-159.132 17.2294 
-159.121 17.2604 
-159.11 17.2935 
-159.098 17.3292 
-159.085 17.3677 
-159.072 17.4095 
-159.058 17.4553 
-159.044 17.5055 
-159.029 17.5609 
-159.014 17.6223 
-158.999 17.6905 
-158.984 17.7661 
-158.971 17.8496 
-158.961 17.9409 
-158.955 18.0384 
-158.958 18.139 
-158.973 18.2365 
-159.004 18.3222 
-159.053 18.3858 
>
