178.799 12.4974 
178.869 12.5199 
178.933 12.5745 
178.987 12.6522 
179.03 12.7426 
179.064 12.837 
179.09 12.9295 
179.11 13.0167 
179.125 13.0973 
179.136 13.1709 
179.145 13.2378 
179.151 13.2985 
179.156 13.3537 
179.16 13.404 
179.163 13.4502 
179.165 13.4926 
179.166 13.5319 
179.167 13.5684 
179.168 13.6025 
179.168 13.6346 
179.168 13.6649 
179.168 13.6937 
179.168 13.7212 
179.167 13.7475 
179.166 13.7728 
179.166 13.7973 
179.165 13.8212 
179.164 13.8445 
179.163 13.8673 
179.162 13.8898 
179.161 13.9121 
179.159 13.9342 
179.158 13.9562 
179.156 13.9784 
179.155 14.0006 
179.153 14.0231 
179.151 14.046 
179.149 14.0693 
179.146 14.0931 
179.144 14.1177 
179.141 14.143 
179.138 14.1693 
179.135 14.1968 
179.131 14.2256 
179.127 14.2559 
179.122 14.288 
179.117 14.3222 
179.111 14.3587 
179.105 14.398 
179.097 14.4404 
179.088 14.4865 
179.077 14.5367 
179.065 14.5917 
179.05 14.6521 
179.032 14.7184 
179.011 14.7911 
178.985 14.8703 
178.952 14.9553 
178.913 15.0443 
178.864 15.1333 
178.807 15.2158 
178.742 15.2828 
178.67 15.3239 
178.596 15.3313 
178.525 15.3029 
178.463 15.2436 
178.41 15.1629 
178.368 15.0712 
178.335 14.9767 
178.311 14.8848 
178.292 14.7985 
178.278 14.7191 
178.267 14.6466 
178.259 14.5808 
178.253 14.521 
178.249 14.4667 
178.246 14.4171 
178.243 14.3716 
178.242 14.3297 
178.24 14.2909 
178.24 14.2548 
178.239 14.221 
178.239 14.1893 
178.239 14.1592 
178.239 14.1307 
178.24 14.1035 
178.24 14.0773 
178.241 14.0521 
178.242 14.0277 
178.243 14.004 
178.244 13.9808 
178.245 13.958 
178.246 13.9356 
178.248 13.9134 
178.249 13.8913 
178.251 13.8692 
178.252 13.8471 
178.254 13.8248 
178.256 13.8023 
178.258 13.7793 
178.26 13.756 
178.263 13.732 
178.265 13.7074 
178.268 13.6819 
178.271 13.6554 
178.275 13.6277 
178.279 13.5987 
178.283 13.5681 
178.288 13.5357 
178.293 13.5011 
178.299 13.4642 
178.306 13.4244 
178.314 13.3815 
178.324 13.3348 
178.334 13.2838 
178.347 13.228 
178.363 13.1667 
178.381 13.0994 
178.404 13.0256 
178.431 12.9455 
178.464 12.8597 
178.505 12.7705 
178.554 12.6821 
178.612 12.6015 
178.678 12.5382 
178.75 12.5023 
>
-177.037 14.2426 
-176.963 14.2558 
-176.892 14.3017 
-176.828 14.3718 
-176.772 14.4558 
-176.725 14.545 
-176.687 14.6333 
-176.655 14.7172 
-176.629 14.7952 
-176.608 14.8667 
-176.59 14.9319 
-176.575 14.9912 
-176.563 15.0453 
-176.552 15.0947 
-176.543 15.1401 
-176.535 15.1819 
-176.528 15.2207 
-176.522 15.2567 
-176.517 15.2905 
-176.512 15.3222 
-176.508 15.3523 
-176.504 15.3808 
-176.501 15.4081 
-176.498 15.4342 
-176.495 15.4594 
-176.492 15.4838 
-176.489 15.5075 
-176.487 15.5307 
-176.485 15.5535 
-176.483 15.5759 
-176.481 15.5982 
-176.48 15.6202 
-176.478 15.6423 
-176.476 15.6644 
-176.475 15.6867 
-176.474 15.7092 
-176.473 15.7321 
-176.471 15.7555 
-176.47 15.7794 
-176.47 15.8041 
-176.469 15.8296 
-176.468 15.8561 
-176.468 15.8837 
-176.467 15.9127 
-176.467 15.9433 
-176.467 15.9757 
-176.468 16.0103 
-176.469 16.0472 
-176.47 16.087 
-176.472 16.1301 
-176.474 16.1769 
-176.478 16.228 
-176.482 16.2841 
-176.489 16.3459 
-176.497 16.4139 
-176.509 16.4887 
-176.524 16.5706 
-176.545 16.6591 
-176.572 16.7523 
-176.607 16.8468 
-176.653 16.936 
-176.709 17.0108 
-176.776 17.0609 
-176.848 17.0777 
-176.923 17.0586 
-176.994 17.0079 
-177.058 16.9347 
-177.112 16.8493 
-177.158 16.7598 
-177.196 16.6719 
-177.227 16.5888 
-177.252 16.5119 
-177.272 16.4414 
-177.289 16.3772 
-177.304 16.3187 
-177.315 16.2654 
-177.326 16.2167 
-177.334 16.1719 
-177.342 16.1306 
-177.348 16.0923 
-177.354 16.0567 
-177.359 16.0232 
-177.364 15.9918 
-177.368 15.962 
-177.372 15.9337 
-177.375 15.9066 
-177.378 15.8806 
-177.381 15.8556 
-177.383 15.8313 
-177.386 15.8076 
-177.388 15.7845 
-177.39 15.7618 
-177.392 15.7394 
-177.393 15.7172 
-177.395 15.6951 
-177.396 15.673 
-177.398 15.6509 
-177.399 15.6286 
-177.4 15.606 
-177.401 15.583 
-177.402 15.5595 
-177.403 15.5355 
-177.404 15.5107 
-177.404 15.485 
-177.405 15.4584 
-177.405 15.4305 
-177.405 15.4012 
-177.405 15.3704 
-177.405 15.3376 
-177.404 15.3027 
-177.403 15.2653 
-177.402 15.225 
-177.4 15.1814 
-177.397 15.1339 
-177.393 15.082 
-177.388 15.025 
-177.381 14.9623 
-177.372 14.8932 
-177.359 14.8172 
-177.343 14.7342 
-177.321 14.6449 
-177.293 14.5511 
-177.256 14.4572 
-177.209 14.3698 
-177.151 14.2985 
-177.084 14.2537 
>
-175.712 14.8716 
-175.638 14.883 
-175.566 14.9272 
-175.499 14.9956 
-175.441 15.0782 
-175.392 15.1661 
-175.35 15.2535 
-175.316 15.3366 
-175.288 15.4139 
-175.265 15.4848 
-175.245 15.5495 
-175.229 15.6085 
-175.215 15.6622 
-175.203 15.7114 
-175.193 15.7565 
-175.184 15.7981 
-175.176 15.8366 
-175.169 15.8726 
-175.163 15.9062 
-175.157 15.9378 
-175.152 15.9677 
-175.148 15.9961 
-175.143 16.0233 
-175.139 16.0493 
-175.136 16.0744 
-175.132 16.0988 
-175.129 16.1224 
-175.126 16.1456 
-175.124 16.1683 
-175.121 16.1907 
-175.119 16.2128 
-175.116 16.2349 
-175.114 16.2569 
-175.112 16.279 
-175.11 16.3012 
-175.108 16.3237 
-175.106 16.3465 
-175.105 16.3699 
-175.103 16.3938 
-175.101 16.4184 
-175.1 16.4439 
-175.099 16.4703 
-175.097 16.498 
-175.096 16.5269 
-175.095 16.5575 
-175.095 16.5899 
-175.094 16.6244 
-175.094 16.6614 
-175.094 16.7012 
-175.095 16.7443 
-175.096 16.7911 
-175.098 16.8424 
-175.101 16.8986 
-175.106 16.9604 
-175.113 17.0286 
-175.122 17.1037 
-175.135 17.186 
-175.154 17.2749 
-175.178 17.3688 
-175.211 17.4641 
-175.255 17.5544 
-175.309 17.6306 
-175.374 17.6822 
-175.447 17.7009 
-175.522 17.6837 
-175.594 17.6348 
-175.66 17.5632 
-175.718 17.4791 
-175.766 17.3908 
-175.806 17.304 
-175.839 17.2217 
-175.867 17.1453 
-175.889 17.0754 
-175.908 17.0117 
-175.924 16.9536 
-175.937 16.9006 
-175.949 16.8521 
-175.959 16.8076 
-175.967 16.7665 
-175.975 16.7284 
-175.982 16.6929 
-175.988 16.6596 
-175.993 16.6282 
-175.998 16.5986 
-176.002 16.5704 
-176.007 16.5434 
-176.01 16.5175 
-176.014 16.4925 
-176.017 16.4683 
-176.02 16.4447 
-176.023 16.4216 
-176.025 16.399 
-176.028 16.3766 
-176.03 16.3545 
-176.032 16.3325 
-176.034 16.3104 
-176.036 16.2883 
-176.038 16.266 
-176.04 16.2435 
-176.042 16.2205 
-176.043 16.1971 
-176.045 16.1731 
-176.046 16.1483 
-176.047 16.1227 
-176.049 16.0961 
-176.05 16.0682 
-176.051 16.039 
-176.051 16.0081 
-176.052 15.9754 
-176.052 15.9404 
-176.052 15.903 
-176.052 15.8627 
-176.051 15.819 
-176.049 15.7715 
-176.047 15.7195 
-176.043 15.6624 
-176.038 15.5995 
-176.03 15.5302 
-176.02 15.454 
-176.006 15.3706 
-175.987 15.2808 
-175.96 15.1864 
-175.926 15.0916 
-175.881 15.0031 
-175.825 14.9304 
-175.759 14.884 
>
-170.506 17.4496 
-170.519 17.5456 
-170.54 17.644 
-170.572 17.7385 
-170.617 17.8204 
-170.675 17.879 
-170.745 17.9057 
-170.822 17.8971 
-170.9 17.8567 
-170.974 17.7931 
-171.042 17.7161 
-171.101 17.6338 
-171.151 17.5521 
-171.195 17.4741 
-171.231 17.4014 
-171.262 17.3345 
-171.289 17.2733 
-171.312 17.2174 
-171.332 17.1663 
-171.349 17.1195 
-171.364 17.0764 
-171.378 17.0365 
-171.39 16.9996 
-171.401 16.965 
-171.412 16.9327 
-171.421 16.9021 
-171.429 16.8732 
-171.437 16.8457 
-171.444 16.8194 
-171.451 16.7941 
-171.458 16.7697 
-171.464 16.746 
-171.47 16.7229 
-171.475 16.7003 
-171.481 16.6781 
-171.486 16.6562 
-171.491 16.6344 
-171.496 16.6128 
-171.501 16.5912 
-171.505 16.5694 
-171.51 16.5475 
-171.515 16.5253 
-171.519 16.5027 
-171.523 16.4797 
-171.528 16.456 
-171.532 16.4315 
-171.537 16.4062 
-171.541 16.3799 
-171.546 16.3524 
-171.55 16.3234 
-171.555 16.2929 
-171.559 16.2604 
-171.564 16.2258 
-171.568 16.1886 
-171.573 16.1485 
-171.577 16.105 
-171.581 16.0576 
-171.585 16.0057 
-171.589 15.9486 
-171.591 15.8856 
-171.592 15.8159 
-171.591 15.739 
-171.587 15.6546 
-171.579 15.5632 
-171.564 15.4666 
-171.541 15.3685 
-171.507 15.2755 
-171.461 15.197 
-171.401 15.1435 
-171.355 15.1259 
-171.28 15.1288 
-171.203 15.1645 
-171.129 15.225 
-171.061 15.3004 
-171.001 15.3822 
-170.95 15.4643 
-170.906 15.543 
-170.868 15.6166 
-170.837 15.6845 
-170.809 15.7465 
-170.786 15.8032 
-170.765 15.855 
-170.748 15.9025 
-170.732 15.9461 
-170.73 15.9317 
-170.704 15.8363 
-170.664 15.7543 
-170.609 15.6961 
-170.565 15.6748 
-170.49 15.6717 
-170.409 15.701 
-170.33 15.7553 
-170.255 15.8249 
-170.189 15.9016 
-170.13 15.9792 
-170.079 16.0541 
-170.036 16.1244 
-169.998 16.1894 
-169.965 16.2491 
-169.937 16.3037 
-169.912 16.3536 
-169.89 16.3995 
-169.87 16.4417 
-169.853 16.4807 
-169.837 16.517 
-169.823 16.5508 
-169.809 16.5825 
-169.797 16.6124 
-169.786 16.6408 
-169.776 16.6677 
-169.766 16.6935 
-169.756 16.7183 
-169.748 16.7422 
-169.739 16.7654 
-169.731 16.788 
-169.723 16.8101 
-169.716 16.8318 
-169.709 16.8532 
-169.702 16.8744 
-169.695 16.8956 
-169.688 16.9167 
-169.681 16.9379 
-169.675 16.9593 
-169.668 16.981 
-169.661 17.003 
-169.655 17.0256 
-169.648 17.0487 
-169.642 17.0725 
-169.635 17.0971 
-169.628 17.1228 
-169.621 17.1496 
-169.614 17.1778 
-169.606 17.2076 
-169.599 17.2392 
-169.591 17.2729 
-169.583 17.3091 
-169.575 17.3481 
-169.566 17.3904 
-169.558 17.4366 
-169.549 17.4871 
-169.54 17.5428 
-169.532 17.6043 
-169.524 17.6724 
-169.517 17.7478 
-169.513 17.8309 
-169.512 17.9215 
-169.516 18.0182 
-169.528 18.1179 
-169.552 18.2147 
-169.589 18.2999 
-169.642 18.363 
-169.709 18.3952 
-169.787 18.3929 
-169.868 18.359 
-169.949 18.3017 
-170.023 18.2304 
-170.089 18.1533 
-170.147 18.0759 
-170.197 18.0017 
-170.24 17.9322 
-170.277 17.8681 
-170.309 17.8092 
-170.337 17.7554 
-170.362 17.7061 
-170.383 17.6609 
-170.402 17.6192 
-170.42 17.5806 
-170.435 17.5447 
-170.449 17.5112 
-170.462 17.4798 
-170.474 17.4501 
-170.485 17.422 
-170.496 17.3952 
>
-160.871 12.9417 
-160.797 12.9311 
-160.715 12.9523 
-160.632 12.9984 
-160.551 13.0604 
-160.477 13.13 
-160.412 13.2015 
-160.354 13.2709 
-160.304 13.3366 
-160.26 13.3975 
-160.221 13.4536 
-160.188 13.5051 
-160.158 13.5524 
-160.132 13.5958 
-160.108 13.6359 
-160.087 13.673 
-160.067 13.7075 
-160.05 13.7397 
-160.033 13.77 
-160.018 13.7986 
-160.004 13.8256 
-159.991 13.8514 
-159.979 13.8761 
-159.967 13.8998 
-159.956 13.9227 
-159.945 13.945 
-159.935 13.9667 
-159.925 13.9879 
-159.915 14.0087 
-159.906 14.0293 
-159.897 14.0498 
-159.888 14.0701 
-159.879 14.0905 
-159.87 14.111 
-159.861 14.1316 
-159.852 14.1525 
-159.844 14.1738 
-159.835 14.1955 
-159.826 14.2178 
-159.817 14.2409 
-159.807 14.2647 
-159.798 14.2896 
-159.788 14.3156 
-159.778 14.3429 
-159.768 14.3718 
-159.757 14.4025 
-159.746 14.4353 
-159.734 14.4705 
-159.722 14.5085 
-159.709 14.5497 
-159.696 14.5948 
-159.682 14.6442 
-159.667 14.6988 
-159.653 14.7591 
-159.638 14.8261 
-159.623 14.9004 
-159.61 14.9826 
-159.599 15.0726 
-159.593 15.1693 
-159.594 15.2696 
-159.607 15.3682 
-159.634 15.4565 
-159.679 15.5245 
-159.742 15.5632 
-159.818 15.5684 
-159.902 15.5428 
-159.987 15.4936 
-160.067 15.43 
-160.141 15.3598 
-160.206 15.2886 
-160.263 15.2197 
-160.312 15.1548 
-160.355 15.0947 
-160.393 15.0394 
-160.426 14.9886 
-160.456 14.9419 
-160.482 14.8991 
-160.505 14.8595 
-160.526 14.8228 
-160.545 14.7887 
-160.562 14.7568 
-160.578 14.7268 
-160.593 14.6984 
-160.607 14.6716 
-160.62 14.6459 
-160.632 14.6214 
-160.644 14.5978 
-160.655 14.575 
-160.666 14.5528 
-160.676 14.5312 
-160.686 14.51 
-160.695 14.4891 
-160.704 14.4685 
-160.713 14.4481 
-160.722 14.4277 
-160.731 14.4073 
-160.74 14.3868 
-160.749 14.3661 
-160.757 14.3451 
-160.766 14.3237 
-160.775 14.3019 
-160.784 14.2794 
-160.793 14.2562 
-160.802 14.2321 
-160.811 14.2071 
-160.821 14.1808 
-160.831 14.1532 
-160.841 14.124 
-160.852 14.0929 
-160.863 14.0597 
-160.875 14.024 
-160.887 13.9854 
-160.899 13.9435 
-160.913 13.8977 
-160.926 13.8474 
-160.94 13.7918 
-160.955 13.7303 
-160.969 13.6621 
-160.983 13.5864 
-160.996 13.5028 
-161.005 13.4115 
-161.009 13.3139 
-161.006 13.2134 
-160.991 13.116 
-160.96 13.0305 
-160.912 12.9672 
>
-158.634 12.9607 
-158.561 12.9448 
-158.478 12.9599 
-158.39 12.9998 
-158.305 13.0557 
-158.227 13.1198 
-158.156 13.1862 
-158.093 13.2513 
-158.037 13.3131 
-157.989 13.3707 
-157.946 13.4238 
-157.909 13.4727 
-157.876 13.5177 
-157.846 13.5591 
-157.819 13.5973 
-157.795 13.6328 
-157.773 13.6658 
-157.753 13.6966 
-157.734 13.7256 
-157.717 13.753 
-157.701 13.779 
-157.686 13.8037 
-157.672 13.8274 
-157.658 13.8502 
-157.645 13.8723 
-157.633 13.8937 
-157.621 13.9145 
-157.609 13.935 
-157.598 13.9551 
-157.587 13.9749 
-157.577 13.9946 
-157.566 14.0143 
-157.556 14.0339 
-157.545 14.0537 
-157.535 14.0736 
-157.524 14.0938 
-157.514 14.1144 
-157.504 14.1354 
-157.493 14.1571 
-157.482 14.1794 
-157.471 14.2025 
-157.459 14.2266 
-157.448 14.2518 
-157.436 14.2783 
-157.423 14.3064 
-157.41 14.3362 
-157.396 14.368 
-157.382 14.4023 
-157.367 14.4393 
-157.351 14.4795 
-157.334 14.5235 
-157.316 14.5717 
-157.298 14.6251 
-157.278 14.6842 
-157.258 14.7499 
-157.238 14.8229 
-157.218 14.9039 
-157.2 14.9929 
-157.187 15.0888 
-157.18 15.189 
-157.185 15.2882 
-157.205 15.3783 
-157.245 15.4494 
-157.304 15.4925 
-157.38 15.5033 
-157.465 15.4838 
-157.554 15.441 
-157.639 15.3835 
-157.718 15.3188 
-157.788 15.2525 
-157.85 15.188 
-157.905 15.1269 
-157.953 15.0701 
-157.994 15.0176 
-158.031 14.9694 
-158.064 14.9251 
-158.094 14.8842 
-158.12 14.8464 
-158.144 14.8114 
-158.165 14.7787 
-158.185 14.7482 
-158.204 14.7194 
-158.221 14.6923 
-158.237 14.6665 
-158.252 14.6419 
-158.266 14.6183 
-158.279 14.5956 
-158.292 14.5737 
-158.304 14.5523 
-158.316 14.5315 
-158.327 14.5111 
-158.338 14.491 
-158.349 14.4711 
-158.36 14.4514 
-158.37 14.4317 
-158.381 14.412 
-158.391 14.3922 
-158.401 14.3722 
-158.412 14.3519 
-158.422 14.3312 
-158.433 14.3101 
-158.443 14.2883 
-158.454 14.2658 
-158.465 14.2425 
-158.476 14.2182 
-158.488 14.1927 
-158.5 14.1659 
-158.513 14.1375 
-158.526 14.1073 
-158.539 14.075 
-158.554 14.0403 
-158.569 14.0027 
-158.585 13.9618 
-158.601 13.9171 
-158.619 13.8679 
-158.637 13.8136 
-158.656 13.7533 
-158.676 13.6863 
-158.696 13.6118 
-158.715 13.5293 
-158.731 13.439 
-158.743 13.342 
-158.747 13.2415 
-158.739 13.1432 
-158.716 13.0558 
-158.673 12.9891 
>
