152.461 -36.9976 
152.497 -37.1752 
152.549 -37.3501 
152.619 -37.521 
152.704 -37.687 
152.804 -37.8471 
152.919 -38.0004 
153.047 -38.1465 
153.186 -38.2846 
153.336 -38.4144 
153.495 -38.5357 
153.662 -38.6484 
153.836 -38.7524 
154.015 -38.8477 
154.199 -38.9346 
154.387 -39.0131 
154.577 -39.0837 
154.769 -39.1464 
154.963 -39.2017 
155.157 -39.2498 
155.352 -39.291 
155.547 -39.3255 
155.741 -39.3538 
155.935 -39.3759 
156.128 -39.3922 
156.321 -39.4028 
156.512 -39.4079 
156.703 -39.4078 
156.892 -39.4024 
157.08 -39.392 
157.267 -39.3766 
157.453 -39.3562 
157.638 -39.3309 
157.821 -39.3007 
158.003 -39.2655 
158.184 -39.2253 
158.364 -39.1801 
158.543 -39.1297 
158.72 -39.074 
158.895 -39.0129 
159.068 -38.9463 
159.24 -38.8739 
159.409 -38.7956 
159.576 -38.7113 
159.74 -38.6208 
159.9 -38.5238 
160.056 -38.4203 
160.208 -38.3101 
160.354 -38.1931 
160.494 -38.0692 
160.627 -37.9384 
160.753 -37.8009 
160.869 -37.6566 
160.976 -37.506 
161.071 -37.3493 
161.155 -37.187 
161.225 -37.0197 
161.281 -36.848 
161.323 -36.6729 
161.348 -36.4953 
161.357 -36.3162 
161.35 -36.1366 
161.326 -35.9579 
161.285 -35.7811 
161.227 -35.6073 
161.154 -35.4377 
161.066 -35.2732 
160.964 -35.1148 
160.848 -34.9633 
160.721 -34.8191 
160.583 -34.683 
160.436 -34.5551 
160.281 -34.4357 
160.119 -34.325 
159.951 -34.2228 
159.779 -34.1291 
159.603 -34.0437 
159.424 -33.9664 
159.243 -33.8969 
159.061 -33.8349 
158.879 -33.7801 
158.695 -33.7322 
158.512 -33.6908 
158.33 -33.6557 
158.148 -33.6265 
157.966 -33.603 
157.786 -33.585 
157.606 -33.5723 
157.428 -33.5645 
157.251 -33.5616 
157.074 -33.5635 
156.899 -33.5699 
156.724 -33.5809 
156.551 -33.5963 
156.378 -33.6161 
156.207 -33.6403 
156.036 -33.669 
155.865 -33.7021 
155.696 -33.7397 
155.527 -33.7819 
155.359 -33.8288 
155.191 -33.8805 
155.025 -33.9372 
154.859 -33.999 
154.694 -34.0662 
154.531 -34.1389 
154.369 -34.2173 
154.209 -34.3016 
154.051 -34.3921 
153.896 -34.4889 
153.744 -34.5922 
153.595 -34.7023 
153.452 -34.8192 
153.313 -34.9429 
153.181 -35.0736 
153.056 -35.2112 
152.939 -35.3556 
152.832 -35.5064 
152.735 -35.6634 
152.65 -35.8261 
152.579 -35.9938 
152.521 -36.1658 
152.478 -36.3414 
152.451 -36.5194 
152.44 -36.6989 
152.447 -36.8787 
>
