-21.2296 -27.3552 
-20.9184 -27.1335 
-20.6499 -26.8807 
-20.4371 -26.5993 
-20.2911 -26.2942 
-20.2347 -26.0819 
-20.2128 -25.7536 
-20.2648 -25.4226 
-20.3837 -25.0975 
-20.5593 -24.7852 
-20.381 -24.6416 
-20.0755 -24.4216 
-19.8113 -24.1702 
-19.6014 -23.89 
-19.4564 -23.5857 
-19.3997 -23.3738 
-19.376 -23.0455 
-19.2775 -22.8562 
-19.1329 -22.5523 
-19.0761 -22.3405 
-19.0517 -22.0123 
-19.099 -21.681 
-19.2116 -21.3549 
-19.3795 -21.0412 
-19.5909 -20.7452 
-19.8339 -20.4701 
-20.0976 -20.2176 
-20.373 -19.9878 
-20.6529 -19.7799 
-20.932 -19.5923 
-21.2066 -19.4235 
-21.4744 -19.2714 
-21.7339 -19.1343 
-21.9843 -19.0104 
-22.2254 -18.8983 
-22.153 -18.571 
-21.9474 -18.2931 
-21.8038 -17.9905 
-21.7464 -17.7793 
-21.7192 -17.4513 
-21.7616 -17.1196 
-21.8677 -16.7925 
-22.0279 -16.4773 
-22.2307 -16.1794 
-22.4647 -15.9023 
-22.7194 -15.6476 
-22.9858 -15.4156 
-23.2569 -15.2056 
-23.5277 -15.016 
-23.7943 -14.8453 
-24.0546 -14.6915 
-24.3069 -14.5529 
-24.5505 -14.4276 
-24.7853 -14.3141 
-25.0114 -14.211 
-25.229 -14.1171 
-25.4386 -14.0312 
-25.4593 -13.9871 
-25.1431 -13.8046 
-24.8524 -13.5904 
-24.5992 -13.3444 
-24.3958 -13.0686 
-24.2524 -12.7674 
-24.1941 -12.5568 
-24.1638 -12.2292 
-24.2015 -11.897 
-24.3015 -11.5688 
-24.4546 -11.252 
-24.6499 -10.9521 
-24.876 -10.6727 
-25.1228 -10.4157 
-25.3814 -10.1814 
-25.6452 -9.96908 
-25.9089 -9.7774 
-26.169 -9.60466 
-26.4229 -9.44902 
-26.6694 -9.30865 
-26.9076 -9.18183 
-27.1372 -9.06695 
-27.3584 -8.9626 
-27.5714 -8.86749 
-27.7768 -8.78053 
-27.975 -8.70073 
-28.1667 -8.62725 
-28.3525 -8.55935 
-28.533 -8.4964 
-28.7087 -8.43785 
-28.8804 -8.3832 
-29.0485 -8.33206 
-29.2137 -8.28407 
-29.3764 -8.2389 
-29.5373 -8.19631 
-29.6968 -8.15605 
-29.8555 -8.11793 
-30.0139 -8.08179 
-30.1724 -8.04749 
-30.3316 -8.01493 
-30.492 -7.98401 
-30.6541 -7.95469 
-30.8185 -7.92694 
-30.9858 -7.90074 
-31.1566 -7.87614 
-31.3314 -7.85318 
-31.511 -7.83198 
-31.6961 -7.81267 
-31.8874 -7.79546 
-32.0857 -7.7806 
-32.2918 -7.76845 
-32.5066 -7.75942 
-32.731 -7.75408 
-32.9659 -7.7531 
-33.2122 -7.75734 
-33.4707 -7.76788 
-33.7419 -7.78602 
-34.0263 -7.81338 
-34.3239 -7.85192 
-34.6339 -7.90397 
-34.9548 -7.97225 
-35.2838 -8.05988 
-35.6166 -8.17023 
-35.947 -8.30675 
-36.2666 -8.4726 
-36.5651 -8.6702 
-36.8309 -8.90054 
-37.0518 -9.16266 
-37.2168 -9.45316 
-37.3179 -9.76624 
-37.3512 -10.0941 
-37.3178 -10.428 
-37.2233 -10.7591 
-37.0765 -11.08 
-36.8881 -11.3846 
-36.6688 -11.6693 
-36.4286 -11.9318 
-36.176 -12.1717 
-35.9177 -12.3896 
-35.6586 -12.5866 
-35.4025 -12.7644 
-35.1516 -12.9249 
-34.9076 -13.0697 
-34.6711 -13.2007 
-34.4427 -13.3194 
-34.2221 -13.4273 
-34.0092 -13.5256 
-33.9738 -13.5903 
-34.2504 -13.6071 
-34.5405 -13.6329 
-34.844 -13.6696 
-35.1605 -13.7196 
-35.4882 -13.7855 
-35.8244 -13.8706 
-36.1648 -13.9781 
-36.5031 -14.1116 
-36.8309 -14.2744 
-37.1377 -14.469 
-37.4117 -14.6964 
-37.6404 -14.9561 
-37.8126 -15.2447 
-37.9198 -15.5565 
-37.958 -15.884 
-37.928 -16.2182 
-37.8353 -16.5505 
-37.6888 -16.873 
-37.4991 -17.1798 
-37.2774 -17.4667 
-37.0337 -17.7318 
-36.7768 -17.9742 
-36.5367 -18.4845 
-36.4445 -18.8172 
-36.2977 -19.1403 
-36.1071 -19.4479 
-35.8838 -19.7359 
-35.6381 -20.002 
-35.3787 -20.2454 
-35.5337 -20.5459 
-35.7151 -20.8325 
-35.8298 -21.1431 
-35.8736 -21.4701 
-35.847 -21.8046 
-35.7555 -22.1379 
-36.051 -22.3361 
-36.3758 -22.526 
-36.667 -22.7492 
-36.9116 -23.0051 
-37.121 -23.2765 
-37.4563 -23.3228 
-37.8039 -23.3846 
-38.161 -23.465 
-38.5231 -23.5676 
-38.8836 -23.6957 
-39.2339 -23.853 
-39.563 -24.042 
-39.8583 -24.2644 
-40.1067 -24.5195 
-40.2962 -24.8046 
-40.4175 -25.1142 
-40.466 -25.4408 
-40.4421 -25.7755 
-40.3512 -26.1096 
-40.2023 -26.435 
-40.0067 -26.7455 
-39.7759 -27.0367 
-39.5206 -27.3062 
-39.2502 -27.5531 
-38.9721 -27.7779 
-38.8952 -28.0536 
-38.7455 -28.3796 
-38.548 -28.6908 
-38.3145 -28.983 
-38.0559 -29.2534 
-37.7816 -29.5014 
-37.4993 -29.7271 
-37.2147 -29.9317 
-36.9321 -30.1166 
-36.6542 -30.2836 
-36.3831 -30.4345 
-36.1196 -30.571 
-35.8644 -30.6948 
-35.6175 -30.8073 
-35.3787 -30.9098 
-35.1476 -31.0035 
-34.9239 -31.0894 
-34.7068 -31.1684 
-34.4958 -31.2414 
-34.2902 -31.3089 
-34.0895 -31.3715 
-33.8929 -31.4299 
-33.7 -31.4844 
-33.51 -31.5353 
-33.3224 -31.5831 
-33.1367 -31.628 
-32.9521 -31.6702 
-32.7682 -31.71 
-32.5844 -31.7475 
-32.4 -31.7829 
-32.2146 -31.8162 
-32.0275 -31.8476 
-31.8381 -31.877 
-31.6458 -31.9045 
-31.4499 -31.9302 
-31.2497 -31.9538 
-31.0445 -31.9753 
-30.8335 -31.9946 
-30.6159 -32.0115 
-30.3909 -32.0258 
-30.1574 -32.0369 
-29.9146 -32.0447 
-29.6615 -32.0485 
-29.3971 -32.0476 
-29.1205 -32.0412 
-28.8306 -32.0284 
-28.5268 -32.0078 
-28.2084 -31.978 
-27.8754 -31.9372 
-27.5282 -31.8831 
-27.168 -31.8134 
-26.7973 -31.7251 
-26.4202 -31.6152 
-26.0425 -31.4806 
-25.6727 -31.3181 
-25.3211 -31.1254 
-25.0005 -30.9014 
-24.7211 -30.7089 
-24.3477 -30.5996 
-23.9738 -30.4655 
-23.3319 -30.2241 
-22.9593 -30.0903 
-22.5942 -29.9287 
-22.2469 -29.737 
-21.93 -29.5139 
-21.6571 -29.2598 
-21.4414 -28.9773 
-21.2942 -28.6714 
-21.238 -28.4588 
-21.2179 -28.1304 
-21.2731 -27.7997 
-21.3967 -27.4752 
>
