129.572 14.1631 
129.508 14.1896 
129.443 14.212 
129.377 14.2303 
129.31 14.2445 
129.242 14.2544 
129.173 14.2603 
129.105 14.2621 
129.037 14.2599 
128.97 14.2539 
128.903 14.2441 
128.837 14.2309 
128.773 14.2142 
128.709 14.1943 
128.648 14.1714 
128.588 14.1457 
128.53 14.1173 
128.473 14.0864 
128.419 14.0531 
128.367 14.0178 
128.316 13.9804 
128.268 13.9411 
128.222 13.9001 
128.178 13.8574 
128.135 13.8133 
128.096 13.7676 
128.058 13.7207 
128.022 13.6725 
127.988 13.6231 
127.957 13.5725 
127.927 13.5209 
127.9 13.4683 
127.875 13.4146 
127.852 13.3601 
127.831 13.3046 
127.812 13.2483 
127.796 13.1912 
127.782 13.1334 
127.77 13.0748 
127.761 13.0155 
127.754 12.9557 
127.749 12.8953 
127.748 12.8344 
127.749 12.7732 
127.752 12.7117 
127.759 12.6501 
127.769 12.5884 
127.781 12.5268 
127.797 12.4655 
127.816 12.4046 
127.838 12.3443 
127.864 12.285 
127.893 12.2267 
127.925 12.1697 
127.961 12.1143 
128 12.0608 
128.042 12.0094 
128.088 11.9604 
128.137 11.9141 
128.188 11.8707 
128.243 11.8304 
128.3 11.7936 
128.359 11.7604 
128.42 11.7309 
128.484 11.7054 
128.548 11.6839 
128.614 11.6665 
128.681 11.6532 
128.748 11.6441 
128.816 11.639 
128.883 11.638 
128.951 11.6408 
129.017 11.6475 
129.083 11.6578 
129.148 11.6716 
129.212 11.6887 
129.274 11.709 
129.335 11.7323 
129.445 11.7309 
129.509 11.7054 
129.573 11.6839 
129.639 11.6665 
129.706 11.6532 
129.773 11.6441 
129.841 11.639 
129.908 11.638 
129.976 11.6408 
130.042 11.6475 
130.108 11.6578 
130.173 11.6716 
130.237 11.6887 
130.299 11.709 
130.36 11.7323 
130.419 11.7583 
130.476 11.7869 
130.532 11.818 
130.586 11.8514 
130.638 11.8869 
130.687 11.9244 
130.735 11.9637 
130.781 12.0047 
130.825 12.0474 
130.866 12.0915 
130.906 12.1371 
130.944 12.184 
130.979 12.2322 
131.013 12.2815 
131.044 12.332 
131.074 12.3836 
131.101 12.4362 
131.126 12.4897 
131.149 12.5442 
131.17 12.5997 
131.189 12.6559 
131.206 12.713 
131.22 12.7709 
131.232 12.8295 
131.241 12.8887 
131.248 12.9486 
131.253 13.0091 
131.255 13.07 
131.254 13.1313 
131.25 13.1928 
131.244 13.2546 
131.234 13.3163 
131.221 13.378 
131.206 13.4394 
131.187 13.5004 
131.164 13.5607 
131.138 13.6201 
131.109 13.6784 
131.077 13.7354 
131.041 13.7908 
131.001 13.8443 
130.958 13.8956 
130.912 13.9445 
130.863 13.9907 
130.811 14.0339 
130.756 14.0739 
130.698 14.1105 
130.638 14.1434 
130.597 14.1631 
130.533 14.1896 
130.468 14.212 
130.402 14.2303 
130.335 14.2445 
130.267 14.2544 
130.198 14.2603 
130.13 14.2621 
130.062 14.2599 
129.995 14.2539 
129.928 14.2441 
129.862 14.2309 
129.798 14.2142 
129.734 14.1943 
129.673 14.1714 
129.613 14.1457 
>
