130.597 17.181 
130.533 17.2074 
130.467 17.2299 
130.4 17.2482 
130.331 17.2624 
130.263 17.2724 
130.193 17.2783 
130.124 17.2801 
130.055 17.2779 
129.986 17.2719 
129.919 17.2621 
129.852 17.2488 
129.786 17.2322 
129.722 17.2123 
129.66 17.1894 
129.599 17.1636 
129.54 17.1352 
129.483 17.1042 
129.428 17.071 
129.375 17.0356 
129.323 16.9982 
129.274 16.9589 
129.228 16.9178 
129.183 16.8751 
129.14 16.8309 
129.1 16.7853 
129.061 16.7383 
129.025 16.69 
128.991 16.6406 
128.959 16.59 
128.929 16.5384 
128.901 16.4857 
128.876 16.4321 
128.853 16.3775 
128.831 16.322 
128.813 16.2657 
128.785 16.2232 
128.721 16.2033 
128.659 16.1804 
128.591 16.171 
128.527 16.1975 
128.462 16.2199 
128.395 16.2383 
128.327 16.2524 
128.258 16.2624 
128.189 16.2683 
128.12 16.2701 
128.052 16.2679 
127.983 16.2619 
127.916 16.2521 
127.85 16.2388 
127.785 16.2222 
127.721 16.2023 
127.659 16.1794 
127.598 16.1536 
127.539 16.1252 
127.483 16.0943 
127.428 16.061 
127.375 16.0256 
127.324 15.9882 
127.275 15.9489 
127.229 15.9079 
127.184 15.8652 
127.142 15.821 
127.101 15.7754 
127.063 15.7284 
127.027 15.6802 
126.993 15.6308 
126.961 15.5802 
126.931 15.5286 
126.904 15.4759 
126.879 15.4223 
126.855 15.3677 
126.834 15.3122 
126.816 15.2559 
126.784 15.2212 
126.72 15.2013 
126.658 15.1784 
126.598 15.1526 
126.54 15.1242 
126.483 15.0933 
126.428 15.0601 
126.376 15.0247 
126.325 14.9873 
126.277 14.948 
126.23 14.907 
126.186 14.8643 
126.144 14.8201 
126.104 14.7745 
126.065 14.7276 
126.03 14.6793 
125.996 14.6299 
125.964 14.5794 
125.934 14.5277 
125.907 14.4751 
125.882 14.4214 
125.859 14.3669 
125.838 14.3114 
125.819 14.2551 
125.803 14.198 
125.788 14.1401 
125.777 14.0815 
125.767 14.0223 
125.76 13.9624 
125.756 13.902 
125.754 13.8412 
125.756 13.78 
125.759 13.7185 
125.766 13.6568 
125.776 13.5951 
125.788 13.5335 
125.804 13.4722 
125.823 13.4114 
125.846 13.3511 
125.844 13.3126 
125.825 13.2563 
125.788 13.2272 
125.725 13.2073 
125.663 13.1844 
125.604 13.1587 
125.546 13.1303 
125.49 13.0994 
125.435 13.0662 
125.383 13.0308 
125.333 12.9934 
125.285 12.9542 
125.239 12.9132 
125.195 12.8705 
125.153 12.8264 
125.113 12.7808 
125.075 12.7338 
125.04 12.6856 
125.006 12.6362 
124.975 12.5857 
124.945 12.5341 
124.918 12.4814 
124.893 12.4278 
124.87 12.3733 
124.849 12.3178 
124.831 12.2615 
124.787 12.2332 
124.725 12.2133 
124.664 12.1904 
124.604 12.1647 
124.546 12.1363 
124.491 12.1054 
124.437 12.0722 
124.385 12.0369 
124.335 11.9995 
124.287 11.9603 
124.241 11.9193 
124.197 11.8766 
124.155 11.8325 
124.115 11.7869 
124.078 11.74 
124.042 11.6918 
124.009 11.6424 
123.978 11.5918 
123.948 11.5402 
123.921 11.4876 
123.896 11.434 
123.873 11.3795 
123.852 11.324 
123.834 11.2677 
123.818 11.2106 
123.804 11.1528 
123.792 11.0942 
123.783 11.035 
123.776 10.9751 
123.771 10.9147 
123.77 10.8539 
123.771 10.7927 
123.774 10.7312 
123.781 10.6695 
123.79 10.6078 
123.803 10.5462 
123.818 10.4849 
123.837 10.424 
123.859 10.3637 
123.856 10.3372 
123.838 10.2809 
123.821 10.2239 
123.807 10.166 
123.796 10.1074 
123.786 10.0482 
123.78 9.98835 
123.775 9.92797 
123.773 9.86712 
123.774 9.8059 
123.778 9.7444 
123.785 9.68273 
123.794 9.62103 
123.807 9.55942 
123.822 9.49809 
123.841 9.43719 
123.863 9.37694 
123.888 9.31754 
123.917 9.25922 
123.949 9.20223 
123.984 9.14682 
124.023 9.09326 
124.064 9.04182 
124.11 8.99277 
124.158 8.9464 
124.209 8.90295 
124.263 8.86268 
124.319 8.82581 
124.378 8.79254 
124.439 8.76306 
124.501 8.7375 
124.565 8.71598 
124.631 8.69855 
124.697 8.68526 
124.763 8.67609 
124.83 8.67102 
124.897 8.66997 
124.964 8.67283 
125.03 8.6795 
125.095 8.68981 
125.16 8.70363 
125.223 8.72077 
125.284 8.74106 
125.345 8.76432 
125.441 8.76306 
125.503 8.7375 
125.567 8.71598 
125.633 8.69855 
125.699 8.68526 
125.765 8.67609 
125.832 8.67102 
125.899 8.66997 
125.966 8.67283 
126.032 8.6795 
126.097 8.68981 
126.162 8.70363 
126.225 8.72077 
126.286 8.74106 
126.347 8.76432 
126.437 8.76306 
126.499 8.7375 
126.563 8.71598 
126.629 8.69855 
126.695 8.68526 
126.761 8.67609 
126.828 8.67102 
126.895 8.66997 
126.962 8.67283 
127.028 8.6795 
127.093 8.68981 
127.158 8.70363 
127.221 8.72077 
127.282 8.74106 
127.343 8.76432 
127.401 8.79037 
127.458 8.81904 
127.513 8.85015 
127.566 8.88354 
127.618 8.91906 
127.667 8.95656 
127.714 8.9959 
127.76 9.03697 
127.803 9.07966 
127.844 9.12385 
127.884 9.16945 
127.921 9.21639 
127.956 9.26458 
127.989 9.31397 
128.02 9.36448 
128.049 9.41607 
128.076 9.46869 
128.101 9.52229 
128.124 9.57682 
128.145 9.63226 
128.163 9.68855 
128.179 9.74566 
128.193 9.80354 
128.205 9.86215 
128.214 9.92142 
128.221 9.98131 
128.226 10.0417 
128.227 10.1027 
128.227 10.1639 
128.223 10.2255 
128.216 10.2872 
128.207 10.349 
128.194 10.4107 
128.179 10.4721 
128.16 10.533 
128.137 10.5933 
128.112 10.6527 
128.083 10.711 
128.051 10.7679 
128.015 10.8233 
127.976 10.8767 
127.934 10.928 
127.888 10.9769 
127.839 11.023 
127.788 11.0662 
127.733 11.1062 
127.676 11.1427 
127.617 11.1756 
127.576 11.1953 
127.513 11.2217 
127.449 11.2441 
127.383 11.2624 
127.317 11.2765 
127.25 11.2865 
127.215 11.3358 
127.202 11.3975 
127.187 11.4588 
127.168 11.5198 
127.145 11.5801 
127.155 11.6129 
127.174 11.6691 
127.225 11.6967 
127.287 11.717 
127.348 11.7403 
127.407 11.7663 
127.464 11.7949 
127.52 11.826 
127.574 11.8594 
127.626 11.8949 
127.675 11.9324 
127.723 11.9717 
127.769 12.0127 
127.813 12.0554 
127.855 12.0995 
127.894 12.1451 
127.932 12.192 
127.967 12.2402 
128.001 12.2895 
128.032 12.34 
128.062 12.3916 
128.089 12.4442 
128.114 12.4977 
128.137 12.5522 
128.158 12.6077 
128.177 12.6639 
128.227 12.6967 
128.289 12.717 
128.35 12.7402 
128.432 12.7379 
128.496 12.7124 
128.561 12.6909 
128.627 12.6735 
128.694 12.6602 
128.761 12.6511 
128.829 12.646 
128.897 12.645 
128.965 12.6478 
129.031 12.6545 
129.098 12.6648 
129.163 12.6786 
129.227 12.6957 
129.289 12.716 
129.35 12.7392 
129.41 12.7653 
129.467 12.7939 
129.523 12.825 
129.577 12.8583 
129.629 12.8938 
129.679 12.9313 
129.727 12.9706 
129.773 13.0116 
129.817 13.0543 
129.859 13.0984 
129.899 13.144 
129.938 13.1765 
129.974 13.1212 
130.013 13.0677 
130.056 13.0163 
130.101 12.9673 
130.15 12.921 
130.202 12.8776 
130.257 12.8373 
130.314 12.8005 
130.374 12.7673 
130.435 12.7379 
130.499 12.7124 
130.564 12.6909 
130.63 12.6735 
130.697 12.6602 
130.764 12.6511 
130.832 12.646 
130.9 12.645 
130.968 12.6478 
131.034 12.6545 
131.101 12.6648 
131.166 12.6786 
131.23 12.6957 
131.292 12.716 
131.353 12.7392 
131.413 12.7653 
131.47 12.7939 
131.526 12.825 
131.58 12.8583 
131.632 12.8938 
131.682 12.9313 
131.73 12.9706 
131.776 13.0116 
131.82 13.0543 
131.862 13.0984 
131.902 13.144 
131.939 13.1909 
131.975 13.239 
132.009 13.2884 
132.041 13.3388 
132.07 13.3904 
132.098 13.443 
132.123 13.4965 
132.146 13.551 
132.167 13.6065 
132.186 13.6627 
132.203 13.7198 
132.217 13.7777 
132.229 13.8363 
132.238 13.8955 
132.245 13.9554 
132.25 14.0158 
132.252 14.0767 
132.251 14.138 
132.247 14.1996 
132.241 14.2613 
132.231 14.3231 
132.219 14.3848 
132.203 14.4462 
132.184 14.5072 
132.161 14.5675 
132.172 14.6052 
132.191 14.6615 
132.208 14.7186 
132.222 14.7764 
132.234 14.835 
132.244 14.8943 
132.251 14.9542 
132.256 15.0146 
132.258 15.0755 
132.257 15.1368 
132.253 15.1983 
132.247 15.2601 
132.237 15.3219 
132.224 15.3836 
132.208 15.445 
132.189 15.5059 
132.167 15.5663 
132.177 15.617 
132.196 15.6733 
132.213 15.7304 
132.227 15.7882 
132.239 15.8468 
132.249 15.906 
132.256 15.9659 
132.261 16.0263 
132.263 16.0872 
132.262 16.1485 
132.258 16.2101 
132.252 16.2719 
132.242 16.3336 
132.229 16.3953 
132.213 16.4568 
132.194 16.5177 
132.172 16.5781 
132.146 16.6375 
132.116 16.6959 
132.083 16.7529 
132.047 16.8083 
132.007 16.8618 
131.963 16.9132 
131.916 16.9621 
131.866 17.0084 
131.813 17.0516 
131.758 17.0917 
131.699 17.1283 
131.638 17.1612 
131.596 17.181 
131.532 17.2074 
131.466 17.2299 
131.399 17.2482 
131.33 17.2624 
131.262 17.2724 
131.192 17.2783 
131.123 17.2801 
131.054 17.2779 
130.985 17.2719 
130.918 17.2621 
130.851 17.2488 
130.785 17.2322 
130.721 17.2123 
130.659 17.1894 
>
