-89.6221 5.24236 
-89.6861 5.34201 
-89.7514 5.44163 
-89.8185 5.54155 
-89.8875 5.64212 
-89.9589 5.74366 
-90.0329 5.84652 
-90.1099 5.95104 
-90.1904 6.05758 
-90.3047 6.25863 
-90.3667 6.39653 
-90.428 6.52817 
-90.4889 6.65428 
-90.5493 6.77554 
-90.6094 6.89255 
-90.6692 7.00587 
-90.729 7.11603 
-90.7889 7.22348 
-90.849 7.32868 
-90.9095 7.43204 
-90.9706 7.53395 
-91.0325 7.63478 
-91.0954 7.7349 
-91.1595 7.83464 
-91.225 7.93435 
-91.2923 8.03436 
-91.3616 8.13502 
-91.4332 8.23665 
-91.5075 8.3396 
-91.5848 8.44421 
-91.6656 8.55084 
-91.7504 8.65984 
-91.8397 8.77159 
-91.9341 8.88645 
-92.0343 9.0048 
-92.1411 9.12699 
-92.2554 9.25334 
-92.3782 9.38416 
-92.5105 9.51962 
-92.6535 9.65981 
-92.8087 9.80459 
-92.9773 9.95353 
-93.1609 10.1058 
-93.3607 10.2598 
-93.5779 10.4133 
-93.8131 10.5629 
-94.066 10.7039 
-94.3354 10.8299 
-94.6178 10.933 
-94.9081 11.0044 
-95.1985 11.0344 
-95.4794 11.0148 
-95.7403 10.94 
-95.8973 10.8589 
-96.1038 10.6918 
-96.2902 10.5184 
-96.4965 10.3512 
-96.5725 10.2725 
-96.8328 10.1978 
-96.9896 10.1169 
-97.1957 9.94979 
-97.361 9.73488 
-97.5674 9.71595 
-97.8273 9.64138 
-97.9838 9.56053 
-98.1896 9.39357 
-98.3548 9.17875 
-98.4778 8.92644 
-98.5604 8.64869 
-98.6071 8.35724 
-98.6236 8.06217 
-98.616 7.77123 
-98.5899 7.48981 
-98.5502 7.22124 
-98.5007 6.96726 
-98.4445 6.72843 
-98.3839 6.50456 
-98.3206 6.29497 
-98.2558 6.09872 
-98.1903 5.91474 
-98.1248 5.74192 
-98.0597 5.57918 
-97.9951 5.42548 
-97.9311 5.27986 
-97.8678 5.14143 
-97.8053 5.00936 
-97.7434 4.88293 
-97.682 4.76144 
-97.6211 4.64428 
-97.5652 4.53157 
-97.5014 4.3859 
-97.4384 4.24742 
-97.376 4.11531 
-97.3142 3.98883 
-97.253 3.8673 
-97.1922 3.7501 
-97.1318 3.63667 
-97.0715 3.52648 
-97.0112 3.41905 
-96.9507 3.31394 
-96.8899 3.21072 
-96.8435 3.13227 
-96.7831 3.02715 
-96.7224 2.92392 
-96.6611 2.8222 
-96.5992 2.72162 
-96.5364 2.6218 
-96.4724 2.52241 
-96.4071 2.4231 
-96.3401 2.32354 
-96.2713 2.22339 
-96.2002 2.12232 
-96.1266 2.01999 
-96.0501 1.91605 
-95.9703 1.81015 
-95.8867 1.70193 
-95.7987 1.59102 
-95.7058 1.47705 
-95.5634 1.2938 
-95.4925 1.1927 
-95.419 1.09033 
-95.3425 0.986357 
-95.2763 0.869677 
-95.2163 0.762136 
-95.1562 0.656914 
-95.0957 0.553593 
-95.0347 0.451781 
-94.9729 0.351101 
-94.9103 0.251194 
-94.8516 0.153875 
-94.7906 0.052046 
-94.7289 -0.0486494 
-94.6663 -0.148571 
-94.6026 -0.248067 
-94.5375 -0.347479 
-94.4707 -0.447141 
-94.4021 -0.54739 
-94.3312 -0.64856 
-94.2578 -0.750992 
-94.1815 -0.85503 
-94.1018 -0.961028 
-94.0183 -1.06934 
-93.9305 -1.18035 
-93.8377 -1.2944 
-93.7394 -1.41189 
-93.6348 -1.53317 
-93.5229 -1.65858 
-93.403 -1.78841 
-93.2739 -1.92289 
-93.1344 -2.06213 
-92.9834 -2.20603 
-92.8193 -2.35424 
-92.641 -2.50599 
-92.4469 -2.65992 
-92.2361 -2.81392 
-92.0077 -2.96479 
-91.7619 -3.10807 
-91.4997 -3.23774 
-91.2241 -3.34622 
-90.9397 -3.42463 
-90.6537 -3.46352 
-90.3752 -3.45419 
-90.1142 -3.39037 
-89.8808 -3.26984 
-89.683 -3.09535 
-89.3096 -2.83993 
-89.0763 -2.7195 
-88.8784 -2.54511 
-88.4557 -2.2815 
-88.2224 -2.16118 
-88.0246 -1.98689 
-87.8669 -1.76607 
-87.7504 -1.50948 
-87.673 -1.22921 
-87.63 -0.936829 
-87.6158 -0.642074 
-87.5926 -0.463539 
-87.5494 -0.171189 
-87.535 0.123555 
-87.5435 0.413294 
-87.5696 0.692966 
-87.6086 0.959501 
-87.657 1.21136 
-87.7117 1.4481 
-87.7707 1.66999 
-87.8324 1.87776 
-87.8955 2.07236 
-87.9593 2.25487 
-88.0232 2.4264 
-88.0868 2.58801 
-88.1501 2.74074 
-88.2127 2.88553 
-88.2747 3.02325 
-88.3362 3.15473 
-88.397 3.28068 
-88.4574 3.40178 
-88.5175 3.51864 
-88.5773 3.63181 
-88.6371 3.74182 
-88.6969 3.84913 
-88.7569 3.95419 
-88.8173 4.05742 
-88.8782 4.15919 
-88.94 4.25989 
-89.0027 4.35988 
-89.0666 4.45949 
-89.1319 4.55908 
-89.1989 4.65897 
-89.2679 4.7595 
-89.3392 4.86101 
-89.4131 4.96384 
-89.4901 5.06833 
-89.5705 5.17484 
>
