-14.215 -43.66 
-14.279 -43.703 
-14.342 -43.747 
-14.404 -43.79 
-14.472 -43.83 
-14.545 -43.889 
-14.606 -43.93 
-14.672 -43.975 
-14.736 -44.017 
-14.797 -44.062 
-14.86 -44.105 
-14.923 -44.149 
-14.984 -44.193 
-15.047 -44.236 
-15.111 -44.28 
-15.175 -44.32 
-15.241 -44.362 
-15.299 -44.407 
-15.354 -44.458 
-15.398 -44.514 
-15.435 -44.555 
-15.472 -44.591 
-15.5 -44.635 
-15.527 -44.69 
-15.56 -44.755 
-15.572 -44.81 
-15.591 -44.865 
-15.592 -44.919 
-15.59 -44.963 
-15.573 -45.018 
-15.563 -45.061 
-15.549 -45.105 
-15.515 -45.17 
-15.481 -45.207 
-15.438 -45.245 
-15.383 -45.29 
-15.324 -45.334 
-15.263 -45.379 
-15.203 -45.424 
-15.149 -45.471 
-15.065 -45.521 
-15.008 -45.564 
-14.95 -45.613 
-14.89 -45.657 
-14.828 -45.7 
-14.768 -45.744 
-14.707 -45.787 
-14.645 -45.83 
-14.586 -45.875 
-14.525 -45.919 
-14.465 -45.962 
-14.411 -46.01 
-14.353 -46.035 
-14.301 -46.082 
-14.241 -46.128 
-14.181 -46.172 
-14.121 -46.215 
-14.06 -46.258 
-14 -46.301 
-13.938 -46.344 
-13.879 -46.388 
-13.818 -46.432 
-13.758 -46.475 
-13.703 -46.522 
-13.622 -46.572 
-13.565 -46.614 
-13.504 -46.66 
-13.445 -46.704 
-13.383 -46.746 
-13.323 -46.789 
-13.262 -46.832 
-13.202 -46.874 
-13.141 -46.918 
-13.08 -46.961 
-13.024 -47.005 
-12.966 -47.05 
-12.915 -47.079 
-12.858 -47.121 
-12.797 -47.166 
-12.735 -47.208 
-12.687 -47.239 
-12.6 -47.264 
-12.539 -47.287 
-12.477 -47.306 
-12.416 -47.316 
-12.354 -47.331 
-12.278 -47.336 
-12.216 -47.336 
-12.155 -47.336 
-12.093 -47.335 
-12.016 -47.323 
-11.955 -47.313 
-11.893 -47.302 
-11.801 -47.279 
-11.74 -47.26 
-11.678 -47.239 
-11.631 -47.21 
-11.586 -47.179 
-11.51 -47.147 
-11.447 -47.106 
-11.385 -47.065 
-11.321 -47.023 
-11.258 -46.982 
-11.192 -46.945 
-11.124 -46.884 
-11.056 -46.848 
-10.99 -46.808 
-10.926 -46.766 
-10.864 -46.725 
-10.802 -46.683 
-10.74 -46.642 
-10.678 -46.599 
-10.614 -46.558 
-10.551 -46.516 
-10.489 -46.475 
-10.421 -46.437 
-10.349 -46.381 
-10.287 -46.341 
-10.221 -46.298 
-10.157 -46.258 
-10.096 -46.215 
-10.033 -46.173 
-9.972 -46.13 
-9.919 -46.08 
-9.874 -46.047 
-9.834 -45.991 
-9.8 -45.948 
-9.766 -45.905 
-9.741 -45.862 
-9.707 -45.798 
-9.694 -45.744 
-9.67 -45.668 
-9.67 -45.614 
-9.686 -45.539 
-9.697 -45.485 
-9.719 -45.431 
-9.758 -45.377 
-9.794 -45.336 
-9.841 -45.281 
-9.887 -45.252 
-9.945 -45.207 
-10.003 -45.16 
-10.065 -45.116 
-10.126 -45.072 
-10.186 -45.028 
-10.248 -44.984 
-10.307 -44.94 
-10.368 -44.894 
-10.427 -44.85 
-10.482 -44.801 
-10.539 -44.775 
-10.594 -44.728 
-10.652 -44.681 
-10.712 -44.635 
-10.772 -44.591 
-10.833 -44.547 
-10.894 -44.502 
-10.955 -44.458 
-11.014 -44.412 
-11.075 -44.366 
-11.134 -44.322 
-11.189 -44.273 
-11.271 -44.222 
-11.328 -44.177 
-11.389 -44.13 
-11.448 -44.084 
-11.51 -44.039 
-11.57 -43.994 
-11.631 -43.949 
-11.692 -43.905 
-11.752 -43.859 
-11.812 -43.812 
-11.87 -43.767 
-11.927 -43.717 
-11.978 -43.688 
-12.036 -43.644 
-12.097 -43.596 
-12.155 -43.549 
-12.217 -43.505 
-12.278 -43.459 
-12.338 -43.414 
-12.4 -43.369 
-12.46 -43.323 
-12.521 -43.277 
-12.586 -43.238 
-12.637 -43.206 
-12.693 -43.183 
-12.754 -43.174 
-12.846 -43.15 
-12.923 -43.141 
-13.031 -43.126 
-13.092 -43.131 
-13.154 -43.141 
-13.231 -43.145 
-13.338 -43.164 
-13.43 -43.185 
-13.492 -43.203 
-13.553 -43.226 
-13.606 -43.253 
-13.659 -43.284 
-13.727 -43.32 
-13.807 -43.375 
-13.87 -43.417 
-13.935 -43.462 
-13.998 -43.505 
-14.06 -43.549 
-14.123 -43.593 
-14.184 -43.637 
>
