-152.635 62.3705 
-152.766 62.3682 
-152.897 62.3631 
-153.027 62.3552 
-153.156 62.3447 
-153.283 62.3316 
-153.408 62.3159 
-153.532 62.2977 
-153.654 62.2769 
-153.773 62.2537 
-153.89 62.2281 
-154.005 62.2 
-154.117 62.1697 
-154.226 62.1369 
-154.331 62.1019 
-154.434 62.0647 
-154.533 62.0252 
-154.628 61.9835 
-154.719 61.9396 
-154.806 61.8937 
-154.889 61.8457 
-154.967 61.7957 
-155.04 61.7438 
-155.107 61.69 
-155.17 61.6345 
-155.226 61.5773 
-155.276 61.5186 
-155.32 61.4585 
-155.358 61.3971 
-155.388 61.3346 
-155.412 61.2712 
-155.428 61.207 
-155.437 61.1423 
-155.438 61.0773 
-155.432 61.0121 
-155.418 60.9471 
-155.396 60.8825 
-155.367 60.8186 
-155.33 60.7555 
-155.286 60.6935 
-155.234 60.6329 
-155.175 60.5738 
-155.11 60.5166 
-155.038 60.4614 
-154.96 60.4084 
-154.876 60.3577 
-154.787 60.3096 
-154.693 60.2641 
-154.594 60.2214 
-154.491 60.1814 
-154.385 60.1444 
-154.275 60.1104 
-154.163 60.0793 
-154.048 60.0512 
-153.931 60.0261 
-153.812 60.0039 
-153.692 59.9848 
-153.488 59.9404 
-153.376 59.9093 
-153.261 59.8812 
-153.145 59.8561 
-153.027 59.834 
-152.907 59.8148 
-152.787 59.7985 
-152.666 59.7851 
-152.544 59.7745 
-152.503 59.7599 
-152.411 59.7144 
-152.314 59.6716 
-152.213 59.6317 
-152.108 59.5947 
-152 59.5606 
-151.89 59.5294 
-151.777 59.5013 
-151.662 59.4762 
-151.545 59.454 
-151.427 59.4348 
-151.308 59.4185 
-151.188 59.4051 
-151.067 59.3946 
-150.947 59.3868 
-150.826 59.3817 
-150.705 59.3794 
-150.643 59.3622 
-150.568 59.3092 
-150.487 59.2585 
-150.401 59.2103 
-150.295 59.1477 
-150.226 59.0924 
-150.151 59.0394 
-150.071 58.9886 
-149.985 58.9404 
-149.895 58.8949 
-149.801 58.852 
-149.702 58.8121 
-149.6 58.775 
-149.495 58.7408 
-149.387 58.7097 
-149.277 58.6815 
-149.164 58.6564 
-149.05 58.6342 
-148.935 58.6149 
-148.819 58.5986 
-148.702 58.5852 
-148.584 58.5746 
-148.466 58.5668 
-148.348 58.5617 
-148.23 58.5594 
-148.113 58.5596 
-147.996 58.5625 
-147.88 58.5679 
-147.764 58.5757 
-147.65 58.5861 
-147.536 58.5988 
-147.424 58.6139 
-147.313 58.6314 
-147.204 58.6511 
-147.096 58.6731 
-146.99 58.6974 
-146.885 58.724 
-146.783 58.7528 
-146.683 58.7837 
-146.585 58.8169 
-146.489 58.8522 
-146.396 58.8897 
-146.306 58.9293 
-146.219 58.971 
-146.135 59.0148 
-146.054 59.0607 
-145.977 59.1086 
-145.904 59.1585 
-145.835 59.2103 
-145.771 59.2639 
-145.736 59.2939 
-145.632 59.3226 
-145.53 59.3536 
-145.431 59.3867 
-145.333 59.422 
-145.239 59.4594 
-145.147 59.499 
-145.058 59.5407 
-144.973 59.5845 
-144.891 59.6304 
-144.812 59.6782 
-144.738 59.7281 
-144.668 59.7798 
-144.603 59.8334 
-144.542 59.8888 
-144.486 59.9459 
-144.436 60.0045 
-144.345 60.0543 
-144.262 60.1001 
-144.183 60.1479 
-144.107 60.1977 
-144.036 60.2495 
-143.97 60.303 
-143.908 60.3584 
-143.852 60.4154 
-143.801 60.474 
-143.756 60.5341 
-143.717 60.5954 
-143.685 60.6579 
-143.66 60.7214 
-143.641 60.7857 
-143.631 60.8505 
-143.627 60.9157 
-143.631 60.9811 
-143.644 61.0463 
-143.664 61.1111 
-143.692 61.1753 
-143.728 61.2387 
-143.756 61.2801 
-143.806 61.3414 
-143.863 61.4011 
-143.927 61.459 
-143.999 61.515 
-144.077 61.5687 
-144.162 61.62 
-144.253 61.6687 
-144.35 61.7148 
-144.452 61.758 
-144.559 61.7982 
-144.67 61.8355 
-144.785 61.8696 
-144.904 61.9007 
-145.025 61.9286 
-145.149 61.9533 
-145.275 61.9749 
-145.403 61.9934 
-145.532 62.0088 
-145.662 62.0211 
-145.793 62.0303 
-145.924 62.0366 
-146.055 62.04 
-146.186 62.0405 
-146.316 62.0382 
-146.446 62.0331 
-146.574 62.0253 
-146.701 62.0148 
-146.827 62.0016 
-146.935 62.0378 
-147.043 62.0781 
-147.155 62.1154 
-147.271 62.1495 
-147.391 62.1806 
-147.513 62.2085 
-147.639 62.2333 
-147.766 62.2549 
-147.895 62.2734 
-148.025 62.2887 
-148.156 62.3011 
-148.245 62.3087 
-148.376 62.321 
-148.444 62.3287 
-148.576 62.341 
-148.708 62.3503 
-148.84 62.3566 
-148.973 62.36 
-149.105 62.3605 
-149.236 62.3582 
-149.367 62.3531 
-149.497 62.3452 
-149.71 62.3695 
-149.83 62.4005 
-149.954 62.4285 
-150.08 62.4532 
-150.208 62.4748 
-150.338 62.4933 
-150.469 62.5087 
-150.602 62.521 
-150.735 62.5303 
-150.868 62.5366 
-151.001 62.54 
-151.134 62.5405 
-151.266 62.5382 
-151.398 62.5331 
-151.529 62.5252 
-151.658 62.5147 
-151.786 62.5016 
-151.912 62.4859 
-152.036 62.4676 
-152.159 62.4469 
-152.279 62.4237 
-152.397 62.398 
>
