167.25 -22.1175 
167.216 -22.1678 
167.196 -22.1916 
167.152 -22.2328 
167.083 -22.2906 
167.035 -22.3269 
166.988 -22.3656 
166.944 -22.4068 
166.902 -22.4503 
166.862 -22.4962 
166.825 -22.5444 
166.79 -22.5947 
166.759 -22.647 
166.732 -22.7012 
166.708 -22.7571 
166.678 -22.7993 
166.621 -22.8059 
166.564 -22.8147 
166.507 -22.8255 
166.451 -22.8384 
166.395 -22.8534 
166.339 -22.8707 
166.283 -22.8902 
166.228 -22.912 
166.174 -22.9361 
166.121 -22.9626 
166.069 -22.9915 
166.017 -23.0228 
165.968 -23.0566 
165.919 -23.0928 
165.873 -23.1315 
165.828 -23.1726 
165.786 -23.2162 
165.746 -23.2621 
165.708 -23.3103 
165.674 -23.3606 
165.643 -23.4129 
165.615 -23.467 
165.59 -23.5229 
165.57 -23.5801 
165.554 -23.6386 
165.542 -23.698 
165.534 -23.758 
165.519 -23.7795 
165.488 -23.8318 
165.46 -23.8859 
165.435 -23.9418 
165.415 -23.999 
165.399 -24.0575 
165.386 -24.1169 
165.378 -24.1769 
165.375 -24.217 
165.36 -24.2666 
165.309 -24.3004 
165.26 -24.3366 
165.213 -24.3753 
165.168 -24.4164 
165.125 -24.46 
165.085 -24.5059 
165.047 -24.554 
165.012 -24.6043 
164.981 -24.6566 
164.953 -24.7108 
164.928 -24.7666 
164.908 -24.8238 
164.891 -24.8823 
164.879 -24.9416 
164.87 -25.0017 
164.868 -25.0418 
164.867 -25.1023 
164.87 -25.1627 
164.878 -25.2227 
164.891 -25.2819 
164.907 -25.3403 
164.927 -25.3974 
164.951 -25.4531 
164.979 -25.5072 
165.01 -25.5594 
165.045 -25.6097 
165.082 -25.6578 
165.122 -25.7038 
165.164 -25.7475 
165.209 -25.7889 
165.255 -25.8279 
165.303 -25.8646 
165.353 -25.8989 
165.404 -25.9308 
165.457 -25.9603 
165.51 -25.9875 
165.55 -26.0391 
165.571 -26.0962 
165.595 -26.1519 
165.623 -26.206 
165.654 -26.2582 
165.689 -26.3085 
165.726 -26.3567 
165.766 -26.4027 
165.809 -26.4464 
165.854 -26.4878 
165.9 -26.5268 
165.949 -26.5635 
165.999 -26.5978 
166.051 -26.6297 
166.103 -26.6593 
166.157 -26.6865 
166.212 -26.7114 
166.267 -26.7341 
166.324 -26.7546 
166.38 -26.7729 
166.438 -26.789 
166.495 -26.803 
166.553 -26.8149 
166.612 -26.8247 
166.67 -26.8325 
166.729 -26.8382 
166.788 -26.8419 
166.847 -26.8436 
166.906 -26.8433 
166.965 -26.8409 
167.025 -26.8365 
167.086 -26.8336 
167.145 -26.8333 
167.204 -26.8309 
167.264 -26.8265 
167.323 -26.82 
167.381 -26.8114 
167.44 -26.8007 
167.498 -26.7879 
167.557 -26.7729 
167.614 -26.7556 
167.671 -26.7361 
167.728 -26.7142 
167.783 -26.69 
167.838 -26.6635 
167.892 -26.6344 
167.944 -26.603 
167.995 -26.569 
168.045 -26.5326 
168.092 -26.4937 
168.138 -26.4524 
168.181 -26.4086 
168.222 -26.3625 
168.26 -26.3142 
168.295 -26.2637 
168.326 -26.2112 
168.354 -26.1568 
168.378 -26.1009 
168.399 -26.0435 
168.415 -25.9849 
168.427 -25.9255 
168.444 -25.8979 
168.502 -25.8829 
168.559 -25.8656 
168.616 -25.8461 
168.672 -25.8243 
168.727 -25.8001 
168.781 -25.7735 
168.835 -25.7445 
168.887 -25.7131 
168.937 -25.6791 
168.987 -25.6427 
169.034 -25.6039 
169.079 -25.5625 
169.122 -25.5188 
169.162 -25.4727 
169.2 -25.4243 
169.235 -25.3739 
169.266 -25.3214 
169.294 -25.2671 
169.318 -25.2111 
169.338 -25.1537 
169.354 -25.0952 
169.366 -25.0357 
169.373 -24.9756 
169.376 -24.9151 
169.375 -24.8546 
169.37 -24.7944 
169.36 -24.7347 
169.345 -24.6758 
169.327 -24.6179 
169.305 -24.5614 
169.28 -24.5064 
169.25 -24.4531 
169.218 -24.4017 
169.182 -24.3523 
169.144 -24.3051 
169.104 -24.2601 
169.08 -24.2309 
169.088 -24.1708 
169.091 -24.1104 
169.09 -24.0499 
169.084 -23.9896 
169.074 -23.9299 
169.06 -23.871 
169.042 -23.8131 
169.041 -23.7951 
169.085 -23.7538 
169.154 -23.693 
169.216 -23.6483 
169.266 -23.6144 
169.314 -23.578 
169.361 -23.5392 
169.405 -23.4979 
169.447 -23.4541 
169.487 -23.4081 
169.524 -23.3598 
169.558 -23.3093 
169.589 -23.2568 
169.617 -23.2025 
169.625 -23.1873 
169.656 -23.1349 
169.683 -23.0806 
169.707 -23.0246 
169.727 -22.9673 
169.743 -22.9087 
169.755 -22.8493 
169.762 -22.7892 
169.78 -22.7067 
169.804 -22.6507 
169.823 -22.5934 
169.839 -22.5348 
169.851 -22.4754 
169.858 -22.4153 
169.862 -22.3548 
169.86 -22.2943 
169.855 -22.2341 
169.845 -22.1743 
169.832 -22.1154 
169.814 -22.0575 
169.792 -22.001 
169.767 -21.946 
169.738 -21.8926 
169.707 -21.8412 
169.672 -21.7918 
169.635 -21.7445 
169.595 -21.6995 
169.553 -21.6567 
169.509 -21.6163 
169.463 -21.5783 
169.415 -21.5426 
169.366 -21.5092 
169.316 -21.4782 
169.265 -21.4496 
169.213 -21.4232 
169.16 -21.3991 
169.107 -21.3772 
169.052 -21.3575 
168.998 -21.3399 
168.943 -21.3245 
168.887 -21.3111 
168.832 -21.2998 
168.776 -21.2905 
168.719 -21.2832 
168.663 -21.2779 
168.606 -21.2746 
168.55 -21.2733 
168.493 -21.274 
168.437 -21.2766 
168.38 -21.2813 
168.324 -21.2879 
168.267 -21.2967 
168.211 -21.3075 
168.155 -21.3204 
168.099 -21.3355 
168.044 -21.3528 
167.989 -21.3723 
167.935 -21.3941 
167.882 -21.4182 
167.829 -21.4447 
167.777 -21.4736 
167.727 -21.5049 
167.677 -21.5387 
167.629 -21.575 
167.583 -21.6137 
167.539 -21.6549 
167.497 -21.6985 
167.458 -21.7444 
167.421 -21.7926 
167.387 -21.8429 
167.356 -21.8952 
167.328 -21.9494 
167.304 -22.0052 
167.284 -22.0625 
>
158.008 -14.5751 
158.012 -14.5172 
158.012 -14.4592 
158.008 -14.4013 
158 -14.3436 
157.989 -14.2865 
157.975 -14.2302 
157.957 -14.1749 
157.935 -14.1209 
157.911 -14.0682 
157.883 -14.0172 
157.852 -13.9679 
157.819 -13.9206 
157.783 -13.8753 
157.744 -13.8321 
157.704 -13.7913 
157.661 -13.7527 
157.617 -13.7166 
157.571 -13.6828 
157.524 -13.6515 
157.475 -13.6226 
157.425 -13.5963 
157.374 -13.5723 
157.323 -13.5508 
157.27 -13.5317 
157.217 -13.515 
157.164 -13.5007 
157.11 -13.4887 
157.056 -13.4789 
157.002 -13.4715 
156.947 -13.4663 
156.893 -13.4633 
156.839 -13.4626 
156.784 -13.464 
156.73 -13.4675 
156.677 -13.4732 
156.623 -13.4811 
156.57 -13.491 
156.517 -13.5031 
156.465 -13.5173 
156.413 -13.5336 
156.362 -13.552 
156.311 -13.5726 
156.262 -13.5953 
156.213 -13.6202 
156.165 -13.6471 
156.118 -13.6763 
156.073 -13.7076 
156.028 -13.741 
155.985 -13.7765 
155.944 -13.8142 
155.904 -13.8539 
155.867 -13.8957 
155.831 -13.9394 
155.797 -13.9851 
155.766 -14.0327 
155.737 -14.0819 
155.711 -14.1329 
155.688 -14.1853 
155.668 -14.2392 
155.651 -14.2942 
155.637 -14.3502 
155.626 -14.4071 
155.619 -14.4646 
155.616 -14.5224 
155.616 -14.5805 
155.62 -14.6384 
155.624 -14.6767 
155.634 -14.734 
155.648 -14.7906 
155.665 -14.8463 
155.685 -14.9008 
155.709 -14.9539 
155.736 -15.0055 
155.765 -15.0553 
155.798 -15.1033 
155.833 -15.1492 
155.871 -15.193 
155.911 -15.2346 
155.953 -15.2738 
155.998 -15.3107 
156.006 -15.3544 
156.003 -15.4122 
156.003 -15.4703 
156.007 -15.5282 
156.011 -15.5665 
156.021 -15.6238 
156.035 -15.6804 
156.052 -15.7361 
156.072 -15.7906 
156.096 -15.8437 
156.123 -15.8953 
156.153 -15.9452 
156.186 -15.9931 
156.221 -16.0391 
156.259 -16.0829 
156.299 -16.1245 
156.342 -16.1637 
156.386 -16.2006 
156.432 -16.2351 
156.48 -16.2671 
156.528 -16.2967 
156.579 -16.3238 
156.63 -16.3484 
156.682 -16.3706 
156.735 -16.3903 
156.788 -16.4076 
156.842 -16.4225 
156.897 -16.4351 
156.951 -16.4453 
157.006 -16.4532 
157.061 -16.4589 
157.117 -16.4623 
157.172 -16.4635 
157.227 -16.4624 
157.282 -16.4592 
157.336 -16.4538 
157.391 -16.4463 
157.445 -16.4366 
157.498 -16.4247 
157.551 -16.4107 
157.604 -16.3946 
157.655 -16.3763 
157.707 -16.3559 
157.757 -16.3333 
157.806 -16.3086 
157.855 -16.2817 
157.902 -16.2527 
157.948 -16.2215 
157.993 -16.1881 
158.037 -16.1526 
158.078 -16.115 
158.118 -16.0753 
158.157 -16.0336 
158.193 -15.9899 
158.226 -15.9442 
158.258 -15.8967 
158.287 -15.8474 
158.313 -15.7965 
158.337 -15.7441 
158.357 -15.6903 
158.374 -15.6353 
158.388 -15.5792 
158.398 -15.5224 
158.405 -15.4649 
158.409 -15.407 
158.409 -15.349 
158.405 -15.2911 
158.397 -15.2334 
158.386 -15.1764 
158.371 -15.1201 
158.353 -15.0648 
158.332 -15.0107 
158.307 -14.9581 
158.279 -14.907 
158.248 -14.8578 
158.215 -14.8104 
158.179 -14.7651 
158.14 -14.722 
158.099 -14.6812 
158.057 -14.6426 
158.012 -14.6065 
>
157.04 -19.9156 
157.05 -19.9729 
157.064 -20.0295 
157.081 -20.0852 
157.102 -20.1397 
157.126 -20.1929 
157.154 -20.2445 
157.184 -20.2944 
157.218 -20.3424 
157.254 -20.3884 
157.293 -20.4323 
157.334 -20.4739 
157.378 -20.5132 
157.423 -20.5502 
157.47 -20.5847 
157.519 -20.6168 
157.569 -20.6464 
157.62 -20.6735 
157.673 -20.6982 
157.726 -20.7204 
157.781 -20.7401 
157.835 -20.7575 
157.891 -20.7724 
157.947 -20.785 
158.003 -20.7953 
158.059 -20.8032 
158.116 -20.8089 
158.172 -20.8123 
158.229 -20.8134 
158.285 -20.8124 
158.342 -20.8092 
158.398 -20.8038 
158.453 -20.7962 
158.509 -20.7865 
158.564 -20.7747 
158.618 -20.7607 
158.672 -20.7445 
158.725 -20.7262 
158.778 -20.7057 
158.829 -20.6831 
158.88 -20.6584 
158.93 -20.6314 
158.978 -20.6024 
159.025 -20.5711 
159.071 -20.5377 
159.116 -20.5022 
159.159 -20.4645 
159.2 -20.4248 
159.239 -20.383 
159.276 -20.3392 
159.31 -20.2935 
159.342 -20.2459 
159.372 -20.1966 
159.399 -20.1457 
159.423 -20.0932 
159.443 -20.0394 
159.461 -19.9843 
159.475 -19.9283 
159.486 -19.8714 
159.493 -19.8139 
159.496 -19.7561 
159.496 -19.698 
159.492 -19.6401 
159.484 -19.5825 
159.472 -19.5254 
159.457 -19.4691 
159.439 -19.4139 
159.417 -19.3598 
159.391 -19.3072 
159.362 -19.2562 
159.331 -19.207 
159.296 -19.1597 
159.259 -19.1145 
159.22 -19.0714 
159.178 -19.0306 
159.134 -18.9921 
159.089 -18.956 
159.042 -18.9223 
158.993 -18.8911 
158.943 -18.8623 
158.891 -18.836 
158.839 -18.8121 
158.786 -18.7906 
158.732 -18.7715 
158.678 -18.7549 
158.623 -18.7406 
158.568 -18.7286 
158.512 -18.7189 
158.457 -18.7115 
158.401 -18.7063 
158.345 -18.7033 
158.289 -18.7026 
158.234 -18.704 
158.178 -18.7075 
158.123 -18.7132 
158.068 -18.721 
158.013 -18.731 
157.959 -18.743 
157.905 -18.7572 
157.852 -18.7735 
157.8 -18.7919 
157.748 -18.8124 
157.697 -18.8351 
157.647 -18.8599 
157.598 -18.8868 
157.549 -18.9159 
157.503 -18.9471 
157.457 -18.9805 
157.413 -19.0159 
157.37 -19.0535 
157.33 -19.0932 
157.291 -19.1349 
157.254 -19.1786 
157.219 -19.2243 
157.187 -19.2718 
157.157 -19.321 
157.13 -19.3719 
157.106 -19.4243 
157.086 -19.4781 
157.068 -19.5331 
157.053 -19.5891 
157.043 -19.6459 
157.035 -19.7034 
157.032 -19.7613 
157.032 -19.8193 
157.035 -19.8772 
>
