-2.77934 -43.5689 
-2.94346 -43.6706 
-3.1039 -43.7753 
-3.26076 -43.8833 
-3.41412 -43.9946 
-3.56402 -44.1093 
-3.71047 -44.2276 
-3.85343 -44.3497 
-3.99281 -44.4756 
-4.12846 -44.6055 
-4.26019 -44.7398 
-4.38771 -44.8784 
-4.51068 -45.0217 
-4.62866 -45.1698 
-4.74113 -45.3227 
-4.84746 -45.4807 
-4.94689 -45.6439 
-5.03858 -45.8122 
-5.12154 -45.9855 
-5.19466 -46.1639 
-5.25671 -46.3471 
-5.30634 -46.5346 
-5.3421 -46.7261 
-5.36246 -46.921 
-5.36588 -47.1183 
-5.35078 -47.3171 
-5.3157 -47.5164 
-5.25927 -47.7146 
-5.18036 -47.9104 
-5.07814 -48.1021 
-4.95211 -48.2882 
-4.80224 -48.4667 
-4.62893 -48.6362 
-4.52815 -48.7853 
-4.69319 -48.8992 
-4.85463 -49.0167 
-5.01242 -49.1378 
-5.16647 -49.2628 
-5.31663 -49.3919 
-5.46269 -49.5253 
-5.60434 -49.6631 
-5.74121 -49.8054 
-5.87283 -49.9526 
-5.99862 -50.1047 
-6.11789 -50.2619 
-6.22983 -50.4243 
-6.3335 -50.5918 
-6.4278 -50.7645 
-6.51151 -50.9423 
-6.58326 -51.1249 
-6.64154 -51.312 
-6.68472 -51.5032 
-6.7111 -51.6978 
-6.7189 -51.8951 
-6.70635 -52.0941 
-6.67174 -52.2936 
-6.61352 -52.4923 
-6.53034 -52.6887 
-6.42118 -52.8813 
-6.28544 -53.0683 
-6.12296 -53.2481 
-5.93413 -53.4188 
-5.71989 -53.5791 
-5.48172 -53.7274 
-5.22162 -53.8625 
-4.94197 -53.9835 
-4.6455 -54.0897 
-4.33516 -54.1807 
-4.01395 -54.2566 
-3.68488 -54.3173 
-3.3508 -54.3635 
-3.01437 -54.3956 
-2.67799 -54.4143 
-2.34375 -54.4205 
-2.01342 -54.4151 
-1.68848 -54.399 
-1.37008 -54.373 
-1.05914 -54.3381 
-0.852347 -54.3803 
-0.529625 -54.4562 
-0.198978 -54.5171 
0.13671 -54.5633 
0.474769 -54.5954 
0.812791 -54.6142 
1.14867 -54.6205 
1.48062 -54.6151 
1.80716 -54.599 
2.12712 -54.573 
2.43959 -54.5381 
2.74391 -54.4949 
3.03963 -54.4444 
3.32647 -54.387 
3.6043 -54.3236 
3.87313 -54.2545 
4.13303 -54.1803 
4.38415 -54.1015 
4.6267 -54.0182 
4.86092 -53.9309 
5.08706 -53.8398 
5.30538 -53.7449 
5.51615 -53.6466 
5.71962 -53.5449 
5.91602 -53.4398 
6.10558 -53.3314 
6.28846 -53.2196 
6.46483 -53.1046 
6.63481 -52.9861 
6.79846 -52.8641 
6.95582 -52.7386 
7.11453 -52.619 
7.34141 -52.5319 
7.56052 -52.4409 
7.77213 -52.3463 
7.97649 -52.2483 
8.17383 -52.1468 
8.3644 -52.0419 
8.54838 -51.9338 
8.72596 -51.8223 
8.89729 -51.7075 
9.06248 -51.5893 
9.2216 -51.4676 
9.37469 -51.3423 
9.52171 -51.2134 
9.66261 -51.0807 
9.79726 -50.9441 
9.92548 -50.8034 
10.047 -50.6586 
10.1615 -50.5095 
10.2687 -50.356 
10.3679 -50.198 
10.4587 -50.0354 
10.5405 -49.8683 
10.6125 -49.6967 
10.6738 -49.5206 
10.7236 -49.3403 
10.761 -49.156 
10.7848 -48.9681 
10.794 -48.7771 
10.7875 -48.5837 
10.8877 -48.4469 
11.0592 -48.3393 
11.2249 -48.2284 
11.3849 -48.1143 
11.5393 -47.9967 
11.6883 -47.8756 
11.8317 -47.751 
11.9696 -47.6227 
12.102 -47.4906 
12.2286 -47.3546 
12.3494 -47.2146 
12.4642 -47.0703 
12.5725 -46.9218 
12.674 -46.7688 
12.7684 -46.6113 
12.855 -46.4493 
12.9332 -46.2826 
13.0024 -46.1114 
13.0618 -45.9357 
13.1106 -45.7556 
13.1477 -45.5716 
13.1723 -45.3838 
13.1832 -45.1929 
13.1795 -44.9994 
13.1601 -44.8042 
13.1239 -44.6083 
13.0701 -44.4126 
13.1694 -44.1829 
13.3752 -44.105 
13.5742 -44.0228 
13.7666 -43.9367 
13.9528 -43.8468 
14.1328 -43.7534 
14.307 -43.6565 
14.4755 -43.5562 
14.6384 -43.4526 
14.7961 -43.3458 
14.9485 -43.2357 
15.0959 -43.1222 
15.2384 -43.0054 
15.3759 -42.8851 
15.5085 -42.7612 
15.6363 -42.6337 
15.7591 -42.5024 
15.8768 -42.3671 
15.9892 -42.2278 
16.0962 -42.0842 
16.1975 -41.9364 
16.2927 -41.7841 
16.3814 -41.6272 
16.4631 -41.4658 
16.5373 -41.2996 
16.6032 -41.1289 
16.6603 -40.9536 
16.7076 -40.7739 
16.7443 -40.5901 
16.7695 -40.4026 
16.7822 -40.2117 
16.7814 -40.0183 
16.766 -39.8229 
16.7352 -39.6267 
16.688 -39.4307 
16.6236 -39.2361 
16.5415 -39.0443 
16.4413 -38.8569 
16.3229 -38.6754 
16.1865 -38.5013 
16.0325 -38.3362 
15.8618 -38.1815 
15.7399 -38.0852 
15.5441 -37.9505 
15.3353 -37.8292 
15.1152 -37.7219 
14.9942 -37.6379 
14.8254 -37.483 
14.7047 -37.3866 
14.511 -37.2519 
14.3042 -37.1304 
14.0863 -37.023 
13.859 -36.9299 
13.6244 -36.8513 
13.3842 -36.7871 
13.1404 -36.7369 
12.8946 -36.7002 
12.6485 -36.6762 
12.4033 -36.6643 
12.1603 -36.6635 
11.9203 -36.673 
11.6843 -36.6919 
11.4528 -36.7195 
11.2262 -36.7548 
11.0048 -36.7973 
10.7889 -36.8461 
10.5782 -36.8232 
10.3516 -36.7301 
10.1175 -36.6515 
9.87801 -36.5873 
9.63484 -36.537 
9.38973 -36.5003 
9.14422 -36.4763 
8.89968 -36.4643 
8.65727 -36.4635 
8.41796 -36.473 
8.18253 -36.492 
7.95159 -36.5195 
7.72559 -36.5548 
7.50482 -36.5973 
7.28949 -36.6461 
7.07969 -36.7008 
6.87542 -36.7607 
6.67664 -36.8254 
6.40697 -36.8642 
6.1633 -36.8634 
5.92274 -36.873 
5.68609 -36.8919 
5.45395 -36.9195 
5.22676 -36.9548 
5.00485 -36.9973 
4.78839 -37.0461 
4.57748 -37.1008 
4.37213 -37.1607 
4.17229 -37.2254 
3.97785 -37.2944 
3.78866 -37.3676 
3.60455 -37.4445 
3.42535 -37.525 
3.25084 -37.6088 
3.08084 -37.6958 
2.91514 -37.786 
2.75356 -37.8792 
2.59591 -37.9755 
2.44204 -38.0748 
2.29179 -38.1772 
2.14506 -38.2828 
2.00173 -38.3915 
1.86174 -38.5036 
1.72506 -38.6191 
1.59168 -38.7382 
1.46164 -38.8611 
1.33504 -38.9878 
1.212 -39.1186 
1.09271 -39.2537 
0.977442 -39.3932 
0.866504 -39.5373 
0.760301 -39.6862 
0.659321 -39.8399 
0.56414 -39.9987 
0.475437 -40.1626 
0.393994 -40.3316 
0.254453 -40.4847 
0.12832 -40.6153 
0.00598653 -40.7501 
-0.112288 -40.8894 
-0.226173 -41.0333 
-0.335259 -41.182 
-0.43905 -41.3355 
-0.529292 -41.4723 
-0.691656 -41.5712 
-0.850275 -41.6731 
-1.00528 -41.7782 
-1.15677 -41.8865 
-1.30483 -41.9981 
-1.44949 -42.1131 
-1.59075 -42.2317 
-1.72858 -42.354 
-1.86289 -42.4803 
-1.99353 -42.6106 
-2.12031 -42.7451 
-2.24297 -42.8841 
-2.36115 -43.0277 
-2.47445 -43.1761 
-2.58235 -43.3293 
-2.68424 -43.4877 
>
