164.2 34.2682 
164.334 34.5271 
164.533 34.9581 
164.653 35.2432 
164.726 35.5298 
164.756 35.7147 
164.836 36.0196 
164.922 36.4165 
164.96 36.5596 
165.055 36.8977 
165.064 37.0614 
165.254 37.574 
165.377 37.9538 
165.408 38.3129 
165.405 38.9459 
165.444 39.3376 
165.482 39.8785 
165.527 40.3056 
165.524 40.4453 
165.704 40.9444 
165.765 41.4164 
165.655 41.8063 
165.471 41.9929 
165.522 42.4268 
165.519 42.9335 
165.392 43.3598 
165.391 43.4498 
165.261 43.8892 
165.24 43.9994 
165.107 44.4537 
164.881 44.6598 
164.347 44.7947 
163.649 44.7255 
162.887 44.5019 
162.146 44.1884 
161.47 43.8388 
160.878 43.4879 
160.367 43.1542 
159.93 42.8458 
159.554 42.5646 
159.23 42.3096 
158.948 42.0787 
158.702 41.869 
158.483 41.6779 
158.289 41.5029 
158.115 41.3418 
157.956 41.1927 
157.812 41.054 
157.68 40.9242 
157.557 40.8021 
157.443 40.6865 
157.336 40.5767 
157.235 40.4717 
157.14 40.3709 
157.049 40.2735 
156.961 40.1791 
156.877 40.0872 
156.796 39.9971 
156.717 39.9086 
156.64 39.8212 
156.564 39.7344 
156.489 39.648 
156.415 39.5614 
156.341 39.4744 
156.268 39.3865 
156.194 39.2973 
156.12 39.2064 
156.044 39.1134 
155.968 39.0177 
155.889 38.9187 
155.809 38.8159 
155.727 38.7085 
155.641 38.5958 
155.552 38.4769 
155.459 38.3507 
155.361 38.216 
155.258 38.0713 
155.149 37.9149 
155.033 37.7448 
154.909 37.5585 
154.775 37.353 
154.632 37.1248 
154.477 36.8695 
154.309 36.5819 
154.129 36.2561 
153.936 35.8855 
153.733 35.463 
153.525 34.9834 
153.326 34.4455 
153.155 33.8585 
153.047 33.25 
153.047 32.6744 
153.2 32.2096 
153.529 31.9332 
153.878 31.7629 
154.172 31.5906 
154.396 31.4403 
154.619 31.2746 
154.781 31.1894 
154.982 31.0359 
155.132 30.9424 
155.309 30.8654 
155.429 30.7571 
155.627 30.57 
155.829 30.449 
155.995 30.2926 
156.235 30.1171 
156.375 30.0067 
156.497 29.9088 
156.643 29.771 
156.798 29.5979 
156.947 29.4623 
157.082 29.3218 
157.276 29.2133 
157.514 29.1567 
157.78 29.147 
158.059 29.1753 
158.336 29.2312 
158.602 29.3052 
158.852 29.3897 
159.084 29.4791 
159.297 29.5696 
159.491 29.6588 
159.668 29.7454 
159.831 29.8286 
159.979 29.9081 
160.116 29.9839 
160.242 30.0561 
160.359 30.1249 
160.468 30.1906 
160.57 30.2535 
160.666 30.3138 
160.756 30.3719 
160.842 30.4279 
160.924 30.4823 
161.002 30.5351 
161.077 30.5866 
161.15 30.6372 
161.221 30.6868 
161.289 30.7358 
161.357 30.7844 
161.423 30.8327 
161.488 30.8809 
161.552 30.9293 
161.616 30.9779 
161.68 31.027 
161.744 31.0768 
161.809 31.1276 
161.874 31.1794 
161.94 31.2327 
162.007 31.2876 
162.075 31.3445 
162.145 31.4036 
162.218 31.4653 
162.292 31.5302 
162.37 31.5985 
162.45 31.6709 
162.535 31.7479 
162.623 31.8303 
162.716 31.9188 
162.814 32.0144 
162.917 32.1181 
163.026 32.2312 
163.141 32.3549 
163.262 32.4908 
163.389 32.6403 
163.521 32.8049 
163.656 32.986 
163.79 33.184 
163.917 33.3985 
164.029 33.627 
164.115 33.864 
164.161 34.1008 
>
147.168 43.1824 
147.406 43.0555 
147.679 42.9543 
147.997 42.8506 
148.085 42.7938 
148.291 42.6761 
148.413 42.6099 
148.51 42.5782 
148.703 42.4615 
148.949 42.3629 
148.981 42.3466 
149.155 42.2367 
149.447 42.1024 
149.619 42.005 
149.88 41.8647 
149.966 41.7874 
150.103 41.6894 
150.243 41.5992 
150.391 41.515 
150.511 41.4234 
150.72 41.2909 
150.855 41.2241 
150.94 41.1912 
151.066 41.1253 
151.091 41.1124 
151.186 41.0339 
151.307 40.9471 
151.39 40.8782 
151.471 40.8009 
151.553 40.7297 
151.651 40.6707 
151.762 40.6248 
151.883 40.5921 
152.01 40.572 
152.141 40.5633 
152.273 40.5646 
152.402 40.5742 
152.529 40.5905 
152.65 40.6121 
152.767 40.6376 
152.877 40.6661 
152.982 40.6966 
153.081 40.7286 
153.174 40.7615 
153.263 40.7949 
153.347 40.8286 
153.426 40.8624 
153.501 40.896 
153.573 40.9296 
153.641 40.9629 
153.706 40.996 
153.769 41.0289 
153.829 41.0617 
153.887 41.0943 
153.943 41.1269 
153.998 41.1594 
154.051 41.192 
154.103 41.2246 
154.153 41.2575 
154.203 41.2906 
154.252 41.3241 
154.301 41.3581 
154.349 41.3926 
154.396 41.4278 
154.444 41.4638 
154.491 41.5007 
154.538 41.5386 
154.586 41.5777 
154.634 41.6182 
154.682 41.6602 
154.73 41.7039 
154.779 41.7496 
154.829 41.7974 
154.879 41.8476 
154.929 41.9005 
154.98 41.9563 
155.031 42.0153 
155.083 42.0778 
155.134 42.1442 
155.185 42.2146 
155.235 42.2895 
155.282 42.3688 
155.327 42.4528 
155.368 42.5414 
155.402 42.6341 
155.429 42.7303 
155.445 42.8291 
155.449 42.929 
155.438 43.0281 
155.41 43.1241 
155.417 43.2216 
155.452 43.3303 
155.476 43.4425 
155.486 43.5563 
155.504 43.7123 
155.535 43.835 
155.55 43.96 
155.546 44.0845 
155.519 44.2051 
155.511 44.2744 
155.508 44.4073 
155.509 44.4887 
155.531 44.6316 
155.53 44.7742 
155.527 45.0477 
155.531 45.2014 
155.504 45.3502 
155.537 45.6436 
155.572 45.8182 
155.581 45.9933 
155.554 46.1626 
155.487 46.3185 
155.375 46.4528 
155.317 46.551 
155.323 46.7438 
155.291 46.9295 
155.214 47.099 
155.164 47.2603 
155.124 47.4322 
155.093 47.6358 
155.104 47.8256 
155.074 48.0425 
154.989 48.2394 
154.916 48.3758 
154.829 48.5796 
154.676 48.7483 
154.621 48.8304 
154.609 48.8608 
154.574 49.1018 
154.5 49.287 
154.466 49.543 
154.364 49.7734 
154.303 49.8886 
154.198 50.128 
154.011 50.3207 
153.898 50.5068 
153.704 50.7036 
153.529 50.7984 
153.203 50.8792 
152.823 50.8855 
152.417 50.8267 
152.01 50.7183 
151.622 50.5773 
151.262 50.4184 
150.937 50.2526 
150.646 50.0871 
150.387 49.9267 
150.157 49.7735 
149.953 49.6288 
149.771 49.4927 
149.607 49.3651 
149.46 49.2453 
149.326 49.1327 
149.205 49.0267 
149.093 48.9266 
148.991 48.8317 
148.895 48.7414 
148.807 48.6552 
148.723 48.5726 
148.645 48.493 
148.571 48.4161 
148.501 48.3415 
148.433 48.2688 
148.369 48.1977 
148.306 48.1278 
148.246 48.059 
148.187 47.9907 
148.13 47.9229 
148.073 47.8553 
148.018 47.7874 
147.963 47.7192 
147.909 47.6503 
147.855 47.5803 
147.801 47.5091 
147.747 47.4362 
147.692 47.3614 
147.637 47.2841 
147.581 47.2041 
147.524 47.1208 
147.466 47.0338 
147.406 46.9423 
147.345 46.8458 
147.282 46.7435 
147.218 46.6345 
147.151 46.5178 
147.082 46.3923 
147.011 46.2568 
146.938 46.1097 
146.863 45.9495 
146.787 45.7745 
146.711 45.5829 
146.637 45.3731 
146.568 45.144 
146.508 44.8954 
146.464 44.6291 
146.443 44.3496 
146.456 44.0659 
146.516 43.792 
146.634 43.5469 
146.815 43.3516 
147.061 43.2239 
>
-99.5636 55.8493 
-99.0655 56.0029 
-98.8437 56.1499 
-98.6991 56.4315 
-98.4708 56.7378 
-97.6716 56.7283 
-96.9461 56.7867 
-96.3758 56.9336 
-96.1199 57.0844 
-95.9502 57.3841 
-96.0353 57.7457 
-96.3286 58.1331 
-96.7621 58.5143 
-97.2712 58.8683 
-97.8071 59.1856 
-98.3382 59.4643 
-98.8469 59.7068 
-99.3246 59.9173 
-99.7687 60.1004 
-100.18 60.2603 
-100.559 60.4008 
-100.911 60.5251 
-101.236 60.6359 
-101.54 60.7353 
-101.823 60.8251 
-102.089 60.9068 
-102.34 60.9816 
-102.577 61.0506 
-102.803 61.1146 
-102.999 61.2526 
-103.306 61.4441 
-103.631 61.6179 
-103.96 61.7738 
-104.282 61.9127 
-104.197 61.8949 
-104.014 61.8536 
-103.832 61.8126 
-103.65 61.7718 
-103.468 61.731 
-103.285 61.69 
-103.1 61.6486 
-102.911 61.6067 
-102.719 61.564 
-102.522 61.5204 
-102.319 61.4756 
-102.109 61.4293 
-101.89 61.3813 
-101.662 61.3314 
-101.422 61.2792 
-101.168 61.2242 
-100.899 61.1661 
-100.612 61.1045 
-100.304 61.0387 
-99.9703 60.9682 
-99.6083 60.8922 
-99.2127 60.8101 
-98.7778 60.7209 
-98.2972 60.6239 
-97.7633 60.5184 
-97.1682 60.4039 
-96.5038 60.2808 
-95.7634 60.1508 
-94.9443 60.018 
-94.0528 59.8912 
-93.1112 59.7856 
-92.1663 59.7248 
-91.2946 59.7396 
-90.593 59.8596 
-90.2664 60.0053 
-90.0239 60.3179 
-90.0786 60.7133 
-90.3771 61.1468 
-90.8401 61.5781 
-91.3925 61.9809 
-91.9778 62.3427 
-92.5598 62.6609 
-93.1183 62.938 
-93.6435 63.1787 
-94.1323 63.3882 
-94.5851 63.5714 
-95.004 63.7326 
-95.392 63.8754 
-95.7522 64.0028 
-96.0879 64.1172 
-96.4018 64.2208 
-96.6968 64.3152 
-96.9751 64.4018 
-97.239 64.4817 
-97.4903 64.556 
-97.7308 64.6254 
-97.9619 64.6906 
-98.1851 64.7522 
-98.4015 64.8107 
-98.6124 64.8666 
-98.8187 64.9201 
-99.0214 64.9718 
-99.2215 65.0218 
-99.4198 65.0704 
-99.6172 65.1179 
-99.8146 65.1645 
-100.013 65.2104 
-100.213 65.2558 
-100.415 65.3009 
-100.621 65.3458 
-100.831 65.3908 
-101.047 65.4361 
-101.269 65.4817 
-101.5 65.5279 
-101.74 65.5749 
-101.991 65.6228 
-102.255 65.6719 
-102.534 65.7223 
-102.831 65.7742 
-103.148 65.8279 
-103.488 65.8834 
-103.857 65.9411 
-104.258 66.0011 
-104.697 66.0633 
-105.18 66.1279 
-105.716 66.1946 
-106.313 66.2629 
-106.983 66.3318 
-107.735 66.3995 
-108.582 66.4631 
-109.534 66.5178 
-110.592 66.5564 
-111.745 66.5683 
-112.956 66.5394 
-114.148 66.4538 
-115.198 66.2974 
-115.957 66.0653 
-116.302 65.7675 
-116.196 65.4276 
-115.708 65.0747 
-114.965 64.7332 
-114.102 64.4185 
-113.215 64.137 
-112.364 63.8895 
-111.576 63.6733 
-110.86 63.4847 
-110.549 63.3907 
-110.751 63.4142 
-110.965 63.4377 
-111.19 63.461 
-111.43 63.4841 
-111.686 63.5068 
-111.96 63.5289 
-112.255 63.55 
-112.573 63.5696 
-112.917 63.5871 
-113.289 63.6015 
-113.693 63.6115 
-114.129 63.6153 
-114.598 63.6106 
-115.098 63.5944 
-115.62 63.5628 
-116.152 63.5114 
-116.673 63.4359 
-117.152 63.3324 
-117.553 63.1992 
-117.839 63.0378 
-117.985 62.8536 
-117.982 62.6553 
-118.046 62.5683 
-118.196 62.3743 
-118.256 62.1414 
-118.519 61.8584 
-118.533 61.6703 
-118.709 61.4561 
-118.719 61.2362 
-118.902 61.0016 
-118.949 60.8797 
-119.146 60.6275 
-119.26 60.4111 
-119.196 60.1149 
-119.042 59.8148 
-119.5 59.5973 
-119.707 59.3356 
-119.643 59.0472 
-119.342 58.7528 
-118.871 58.4703 
-118.307 58.2108 
-117.709 57.9793 
-117.118 57.7761 
-116.559 57.5992 
-116.04 57.4453 
-115.564 57.3112 
-115.131 57.1937 
-114.737 57.0903 
-114.378 56.9985 
-114.05 56.9164 
-113.748 56.8426 
-113.47 56.7758 
-113.212 56.7147 
-112.972 56.6586 
-112.748 56.6068 
-112.536 56.5586 
-112.336 56.5135 
-112.145 56.471 
-111.964 56.4308 
-111.789 56.3926 
-111.621 56.3561 
-111.458 56.3209 
-111.299 56.2871 
-111.144 56.2542 
-110.991 56.2221 
-110.841 56.1908 
-110.692 56.16 
-110.544 56.1295 
-110.396 56.0993 
-110.248 56.0693 
-110.098 56.0392 
-109.946 56.0091 
-109.792 55.9787 
-109.635 55.9479 
-109.474 55.9166 
-109.308 55.8846 
-109.136 55.8519 
-108.957 55.8182 
-108.77 55.7833 
-108.574 55.7472 
-108.366 55.7095 
-108.147 55.6702 
-107.912 55.6288 
-107.661 55.5853 
-107.39 55.5393 
-107.097 55.4907 
-106.777 55.4391 
-106.427 55.3844 
-106.041 55.3267 
-105.616 55.2662 
-105.146 55.2035 
-104.626 55.1402 
-104.053 55.0791 
-103.429 55.025 
-102.762 54.9856 
-102.074 54.9724 
-101.401 55.001 
-100.8 55.0884 
-100.336 55.2477 
-100.131 55.3948 
-100.004 55.6711 
>
