-97.7586 62.7757 
-98.2211 62.6933 
-98.5668 62.5521 
-98.7738 62.3586 
-98.8817 62.201 
-99.3183 62.1171 
-99.645 61.9778 
-99.8416 61.7893 
-99.995 61.6229 
-100.405 61.536 
-100.578 61.4843 
-100.835 61.5477 
-101.109 61.6135 
-101.403 61.6822 
-101.719 61.7541 
-102.061 61.8296 
-102.436 61.9093 
-102.848 61.9934 
-103.304 62.0825 
-103.812 62.1768 
-104.384 62.2764 
-105.031 62.381 
-105.767 62.4897 
-106.608 62.6003 
-107.57 62.7084 
-108.664 62.8064 
-109.89 62.882 
-111.218 62.9163 
-112.573 62.884 
-113.809 62.7587 
-114.73 62.5234 
-115.161 62.1836 
-115.124 61.8622 
-115.536 61.5308 
-115.51 61.1822 
-115.891 60.8585 
-115.845 60.578 
-116.218 60.2656 
-116.152 59.8869 
-116.391 59.5199 
-116.723 59.214 
-116.709 58.9162 
-117.017 58.6146 
-117.235 58.1762 
-117.53 57.8832 
-117.559 57.5113 
-117.836 57.2289 
-117.927 56.9002 
-118.181 56.6303 
-118.151 56.3167 
-118.247 56.0188 
-118.484 55.7521 
-118.684 55.363 
-118.913 55.1032 
-118.891 54.8037 
-119.089 54.5999 
-119.302 54.3451 
-119.28 54.0537 
-119.31 53.9044 
-119.507 53.6618 
-119.494 53.3859 
-119.701 53.2186 
-119.882 52.9825 
-119.869 52.7163 
-120.092 52.5367 
-120.255 52.3201 
-120.258 52.0771 
-120.419 51.8129 
-120.578 51.596 
-120.578 51.353 
-120.749 51.1064 
-120.891 50.8944 
-120.887 50.6598 
-120.934 50.3768 
-121.071 50.1796 
-121.081 49.9607 
-121.079 49.9507 
-121.299 49.7922 
-121.418 49.6071 
-121.428 49.4041 
-121.373 49.23 
-121.583 49.0736 
-121.698 48.8915 
-121.709 48.692 
-121.622 48.4856 
-121.457 48.2819 
-121.235 48.0886 
-120.981 47.9104 
-120.711 47.7492 
-120.44 47.6053 
-120.175 47.4775 
-119.923 47.3645 
-119.684 47.2643 
-119.461 47.1752 
-119.252 47.0958 
-119.056 47.0245 
-118.874 46.9603 
-118.703 46.9021 
-118.542 46.849 
-118.391 46.8004 
-118.248 46.7555 
-118.112 46.7139 
-117.982 46.6751 
-117.858 46.6387 
-117.739 46.6045 
-117.624 46.5721 
-117.512 46.5413 
-117.404 46.5119 
-117.298 46.4836 
-117.194 46.4564 
-117.092 46.4301 
-116.991 46.4045 
-116.89 46.3795 
-116.79 46.3551 
-116.69 46.3311 
-116.589 46.3073 
-116.488 46.2839 
-116.385 46.2605 
-116.281 46.2373 
-116.174 46.214 
-116.065 46.1906 
-115.952 46.1671 
-115.836 46.1433 
-115.715 46.1193 
-115.589 46.0949 
-115.458 46.0701 
-115.319 46.0449 
-115.173 46.0192 
-115.017 45.9929 
-114.852 45.9662 
-114.674 45.9392 
-114.484 45.9118 
-114.279 45.8845 
-114.057 45.8575 
-113.817 45.8316 
-113.556 45.8076 
-113.274 45.7869 
-112.971 45.7716 
-112.646 45.7644 
-112.305 45.7692 
-111.955 45.7908 
-111.608 45.8353 
-111.282 45.9084 
-111 46.0152 
-110.786 46.1574 
-110.69 46.2702 
-110.623 46.4627 
-110.367 46.6516 
-109.966 46.6827 
-109.585 46.7462 
-109.253 46.8492 
-108.998 46.9955 
-108.883 47.1157 
-108.394 47.3743 
-108.025 47.4809 
-107.743 47.6355 
-107.619 47.7639 
-107.268 47.8533 
-106.964 48.0057 
-106.828 48.1356 
-106.737 48.3681 
-106.474 48.6723 
-106.031 48.7208 
-105.51 48.7624 
-105.048 48.8568 
-104.692 49.0134 
-104.535 49.1521 
-104.095 49.2546 
-103.714 49.4093 
-103.545 49.5502 
-103.473 49.5611 
-102.936 49.6417 
-102.518 49.7968 
-102.333 49.9426 
-101.995 50.1455 
-101.553 50.2973 
-101.356 50.4442 
-100.905 50.6867 
-100.442 50.8387 
-100.235 50.9881 
-100.101 51.2783 
-100.094 51.2982 
-99.6063 51.4449 
-99.4045 51.4868 
-98.7324 51.5346 
-98.2026 51.678 
-97.9648 51.831 
-97.4887 51.9049 
-96.9214 52.0447 
-96.6667 52.2007 
-96.0931 52.4674 
-95.494 52.6047 
-95.2841 52.7043 
-94.6564 52.8331 
-94.3726 52.9905 
-93.9126 53.1729 
-93.238 53.2868 
-92.929 53.4421 
-92.501 53.7025 
-91.7921 53.8156 
-91.3203 53.9418 
-90.571 54.0431 
-90.2276 54.2012 
-90.0088 54.3853 
-89.2242 54.4801 
-88.8643 54.6389 
-88.6169 55.0168 
-88.7151 55.5165 
-88.8722 55.9668 
-88.4993 56.0282 
-88.2921 56.1026 
-88.0536 56.2631 
-87.9368 56.3172 
-87.4942 56.3155 
-87.104 56.3736 
-86.8868 56.448 
-86.6366 56.6115 
-86.1683 56.6491 
-85.7624 56.7023 
-85.5355 56.7753 
-85.2723 56.9399 
-85.1107 57.1596 
-85.0455 57.4166 
-85.0615 57.6916 
-85.139 57.9685 
-85.259 58.2358 
-85.4055 58.4867 
-85.5665 58.7184 
-85.7338 58.93 
-85.9018 59.1225 
-86.067 59.2973 
-86.2276 59.4562 
-86.3825 59.601 
-86.5313 59.7335 
-86.674 59.8553 
-86.8109 59.9676 
-86.9423 60.0718 
-87.0687 60.1689 
-87.1906 60.2598 
-87.3084 60.3453 
-87.4226 60.4262 
-87.5338 60.5031 
-87.6423 60.5764 
-87.7485 60.6468 
-87.853 60.7145 
-87.9561 60.7801 
-88.0583 60.8438 
-88.1598 60.9059 
-88.2611 60.9667 
-88.3625 61.0266 
-88.4646 61.0858 
-88.5676 61.1444 
-88.672 61.2028 
-88.7783 61.2612 
-88.8868 61.3198 
-88.9982 61.3788 
-89.113 61.4385 
-89.2318 61.4991 
-89.3553 61.5609 
-89.4842 61.624 
-89.6195 61.6889 
-89.762 61.7558 
-89.9131 61.825 
-90.0738 61.8969 
-90.2459 61.9718 
-90.4309 62.05 
-90.631 62.132 
-90.8485 62.2182 
-91.0863 62.3089 
-91.3474 62.4045 
-91.6357 62.5051 
-91.9553 62.6107 
-92.3107 62.7209 
-92.7066 62.8348 
-93.1472 62.9504 
-93.6353 63.0645 
-94.1708 63.1719 
-94.7478 63.2649 
-95.3519 63.3332 
-95.9572 63.3642 
-96.526 63.3452 
-97.0139 63.2666 
-97.3805 63.1258 
-97.6017 62.9292 
>
