167.679 -22.4661 
167.618 -22.4415 
167.557 -22.4193 
167.495 -22.3996 
167.433 -22.3822 
167.37 -22.3672 
167.307 -22.3544 
167.243 -22.344 
167.179 -22.3358 
167.116 -22.3298 
167.052 -22.3261 
166.988 -22.3246 
166.923 -22.3254 
166.859 -22.3284 
166.795 -22.3336 
166.731 -22.3411 
166.667 -22.3509 
166.604 -22.3631 
166.54 -22.3777 
166.477 -22.3946 
166.414 -22.4141 
166.352 -22.436 
166.291 -22.4606 
166.23 -22.4877 
166.171 -22.5175 
166.112 -22.55 
166.055 -22.5853 
165.999 -22.6233 
165.96 -22.649 
165.903 -22.6842 
165.847 -22.7222 
165.793 -22.763 
165.741 -22.8065 
165.691 -22.8528 
165.643 -22.9018 
165.598 -22.9533 
165.557 -23.0075 
165.518 -23.064 
165.483 -23.1228 
165.452 -23.1836 
165.425 -23.2463 
165.402 -23.3107 
165.383 -23.3763 
165.37 -23.443 
165.339 -23.5686 
165.32 -23.6342 
165.307 -23.7009 
165.277 -23.8132 
165.254 -23.8775 
165.236 -23.9431 
165.222 -24.0098 
165.213 -24.0773 
165.21 -24.1223 
165.209 -24.1903 
165.213 -24.2581 
165.222 -24.3255 
165.235 -24.3921 
165.253 -24.4577 
165.276 -24.5219 
165.303 -24.5845 
165.333 -24.6453 
165.368 -24.704 
165.406 -24.7606 
165.448 -24.8148 
165.492 -24.8665 
165.539 -24.9157 
165.589 -24.9623 
165.634 -25.0289 
165.639 -25.112 
165.643 -25.1798 
165.652 -25.2472 
165.665 -25.3138 
165.683 -25.3794 
165.706 -25.4436 
165.722 -25.5004 
165.745 -25.5646 
165.772 -25.6272 
165.803 -25.688 
165.838 -25.7468 
165.876 -25.8033 
165.918 -25.8575 
165.963 -25.9093 
166.01 -25.9585 
166.06 -26.0051 
166.112 -26.0491 
166.167 -26.0904 
166.223 -26.129 
166.28 -26.165 
166.339 -26.1983 
166.399 -26.2291 
166.461 -26.2572 
166.523 -26.2828 
166.586 -26.3059 
166.649 -26.3265 
166.713 -26.3447 
166.778 -26.3604 
166.843 -26.3739 
166.909 -26.385 
166.974 -26.3937 
167.04 -26.4002 
167.106 -26.4044 
167.172 -26.4063 
167.239 -26.4059 
167.305 -26.4032 
167.371 -26.3982 
167.402 -26.3963 
167.469 -26.3959 
167.535 -26.3932 
167.601 -26.3882 
167.667 -26.3809 
167.733 -26.3712 
167.799 -26.3591 
167.864 -26.3446 
167.929 -26.3277 
167.994 -26.3082 
168.058 -26.2862 
168.121 -26.2615 
168.183 -26.2342 
168.244 -26.2042 
168.304 -26.1715 
168.363 -26.1361 
168.453 -26.1036 
168.518 -26.0867 
168.607 -26.0689 
168.672 -26.0592 
168.738 -26.0471 
168.803 -26.0326 
168.868 -26.0157 
168.932 -25.9962 
168.996 -25.9742 
169.059 -25.9495 
169.121 -25.9223 
169.182 -25.8923 
169.242 -25.8596 
169.301 -25.8241 
169.358 -25.7859 
169.413 -25.7448 
169.466 -25.701 
169.516 -25.6545 
169.565 -25.6052 
169.61 -25.5533 
169.652 -25.4989 
169.691 -25.4421 
169.726 -25.3831 
169.757 -25.322 
169.784 -25.2591 
169.806 -25.1946 
169.824 -25.1288 
169.837 -25.062 
169.846 -24.9945 
169.849 -24.9265 
169.848 -24.8586 
169.841 -24.7909 
169.83 -24.7238 
169.814 -24.6576 
169.794 -24.5927 
169.769 -24.5292 
169.74 -24.4674 
169.707 -24.4075 
169.671 -24.3498 
169.631 -24.2943 
169.588 -24.2412 
169.543 -24.1906 
169.494 -24.1426 
169.444 -24.0972 
169.452 -24.0464 
169.478 -23.9835 
169.501 -23.919 
169.518 -23.8532 
169.531 -23.7864 
169.54 -23.7189 
169.543 -23.651 
169.542 -23.583 
169.535 -23.5153 
169.524 -23.4482 
169.509 -23.3821 
169.489 -23.3171 
169.464 -23.2536 
169.435 -23.1917 
169.403 -23.1319 
169.367 -23.0741 
169.328 -23.0186 
169.285 -22.9655 
169.24 -22.9149 
169.192 -22.8668 
169.142 -22.8214 
169.09 -22.7786 
169.037 -22.7385 
168.981 -22.701 
168.925 -22.6661 
168.867 -22.6339 
168.808 -22.6042 
168.748 -22.5771 
168.687 -22.5525 
168.625 -22.5303 
168.563 -22.5106 
168.501 -22.4932 
168.438 -22.4782 
168.375 -22.4654 
168.311 -22.455 
168.248 -22.4468 
168.184 -22.4408 
168.12 -22.4371 
168.056 -22.4356 
167.991 -22.4364 
167.927 -22.4393 
167.863 -22.4446 
167.799 -22.4521 
167.735 -22.4619 
>
