166.835 -24.1905 
166.789 -24.1917 
166.743 -24.1946 
166.697 -24.199 
166.652 -24.2051 
166.607 -24.2127 
166.562 -24.2218 
166.518 -24.2326 
166.474 -24.2449 
166.43 -24.2588 
166.387 -24.2743 
166.345 -24.2914 
166.303 -24.3102 
166.262 -24.3305 
166.221 -24.3525 
166.182 -24.3762 
166.143 -24.4016 
166.105 -24.4286 
166.068 -24.4574 
166.033 -24.4879 
165.999 -24.52 
165.967 -24.5538 
165.936 -24.5893 
165.907 -24.6264 
165.88 -24.665 
165.855 -24.7052 
165.832 -24.7467 
165.812 -24.7895 
165.795 -24.8335 
165.781 -24.8785 
165.774 -24.8893 
165.745 -24.9263 
165.717 -24.965 
165.693 -25.0051 
165.67 -25.0466 
165.65 -25.0895 
165.633 -25.1335 
165.618 -25.1785 
165.606 -25.2244 
165.598 -25.271 
165.593 -25.3181 
165.591 -25.3655 
165.592 -25.413 
165.597 -25.4603 
165.602 -25.4916 
165.613 -25.5382 
165.626 -25.584 
165.643 -25.629 
165.663 -25.6728 
165.686 -25.7153 
165.712 -25.7563 
165.741 -25.7956 
165.772 -25.8332 
165.805 -25.869 
165.841 -25.9028 
165.878 -25.9345 
165.917 -25.9643 
165.957 -25.9919 
165.999 -26.0175 
166.042 -26.0409 
166.086 -26.0623 
166.131 -26.0817 
166.176 -26.099 
166.222 -26.1143 
166.268 -26.1276 
166.315 -26.139 
166.372 -26.1543 
166.418 -26.1676 
166.465 -26.179 
166.511 -26.1886 
166.558 -26.1963 
166.606 -26.2022 
166.653 -26.2064 
166.7 -26.2088 
166.747 -26.2095 
166.793 -26.2086 
166.84 -26.206 
166.887 -26.2018 
166.933 -26.1959 
166.978 -26.1885 
167.032 -26.1843 
167.078 -26.1976 
167.125 -26.209 
167.171 -26.2186 
167.218 -26.2263 
167.266 -26.2322 
167.313 -26.2364 
167.36 -26.2388 
167.407 -26.2395 
167.453 -26.2386 
167.5 -26.236 
167.547 -26.2318 
167.593 -26.2259 
167.639 -26.2185 
167.684 -26.2094 
167.729 -26.1988 
167.774 -26.1866 
167.839 -26.1688 
167.874 -26.1594 
167.919 -26.1488 
167.964 -26.1366 
168.008 -26.1227 
168.052 -26.1073 
168.095 -26.0902 
168.137 -26.0715 
168.179 -26.0511 
168.22 -26.029 
168.26 -26.0053 
168.299 -25.9799 
168.337 -25.9528 
168.374 -25.924 
168.41 -25.8934 
168.444 -25.8612 
168.477 -25.8273 
168.508 -25.7918 
168.537 -25.7546 
168.564 -25.7159 
168.589 -25.6757 
168.618 -25.6257 
168.641 -25.5841 
168.661 -25.5412 
168.678 -25.4972 
168.692 -25.4521 
168.703 -25.4062 
168.712 -25.3596 
168.717 -25.3124 
168.721 -25.2721 
168.732 -25.2262 
168.74 -25.1796 
168.745 -25.1325 
168.747 -25.0851 
168.745 -25.0376 
168.74 -24.9903 
168.732 -24.9434 
168.72 -24.897 
168.705 -24.8515 
168.687 -24.807 
168.666 -24.7636 
168.642 -24.7217 
168.611 -24.6717 
168.584 -24.6313 
168.555 -24.5926 
168.524 -24.5557 
168.49 -24.5206 
168.454 -24.4876 
168.416 -24.4565 
168.377 -24.4275 
168.337 -24.4006 
168.295 -24.3758 
168.252 -24.353 
168.209 -24.3323 
168.165 -24.3136 
168.12 -24.2969 
168.074 -24.2822 
168.029 -24.2695 
167.983 -24.2586 
167.936 -24.2495 
167.89 -24.2423 
167.844 -24.2368 
167.797 -24.233 
167.751 -24.2309 
167.705 -24.2305 
167.659 -24.2317 
167.613 -24.2346 
167.567 -24.239 
167.522 -24.2451 
167.477 -24.2527 
167.432 -24.2618 
167.388 -24.2726 
167.344 -24.2849 
167.304 -24.2736 
167.26 -24.257 
167.214 -24.2422 
167.168 -24.2295 
167.122 -24.2186 
167.076 -24.2095 
167.03 -24.2023 
166.984 -24.1968 
166.937 -24.193 
166.891 -24.1909 
166.845 -24.1905 
>
