-157.512 14.8922 
-157.618 14.7758 
-157.722 14.6578 
-157.826 14.5378 
-157.929 14.4155 
-158.031 14.2905 
-158.132 14.1622 
-158.234 14.0302 
-158.336 13.8939 
-158.438 13.7527 
-158.54 13.606 
-158.643 13.4532 
-158.747 13.2934 
-158.851 13.1259 
-158.956 12.9497 
-159.062 12.764 
-159.167 12.5678 
-159.273 12.36 
-159.416 12.0876 
-159.521 11.8915 
-159.626 11.6837 
-159.731 11.4635 
-159.833 11.2296 
-159.932 10.9814 
-160.026 10.7181 
-160.113 10.4395 
-160.189 10.1459 
-160.251 9.83853 
-160.295 9.51962 
-160.314 9.19287 
-160.303 8.86362 
-160.257 8.5389 
-160.171 8.22724 
-160.149 7.79089 
-160.226 7.49761 
-160.289 7.19047 
-160.333 6.87173 
-160.353 6.54505 
-160.344 6.21576 
-160.299 5.89086 
-160.215 5.57888 
-160.086 5.28925 
-159.912 5.03135 
-159.695 4.81335 
-159.439 4.64106 
-159.351 4.58809 
-159.223 4.29829 
-159.05 4.04016 
-158.834 3.82188 
-158.516 3.46683 
-158.343 3.2085 
-158.127 2.98999 
-157.872 2.81715 
-157.644 2.64088 
-157.389 2.46793 
-157.102 2.34339 
-156.792 2.26682 
-156.73 2.17875 
-156.558 1.92013 
-156.342 1.70127 
-155.963 1.37909 
-155.708 1.20574 
-155.422 1.0808 
-155.112 1.00382 
-154.629 0.799557 
-154.374 0.626035 
-154.088 0.50091 
-153.779 0.423745 
-153.455 0.391287 
-153.126 0.398288 
-152.8 0.438445 
-152.481 0.505247 
-152.174 0.592579 
-151.881 0.695082 
-151.604 0.808291 
-151.343 0.928636 
-151.098 1.05336 
-150.869 1.18039 
-150.653 1.30824 
-150.333 1.38075 
-150.026 1.46823 
-149.734 1.57085 
-149.228 1.74512 
-148.935 1.84777 
-148.658 1.9611 
-148.397 2.08153 
-148.152 2.20631 
-147.922 2.33338 
-147.706 2.46124 
-147.504 2.58883 
-147.314 2.71545 
-147.135 2.84065 
-146.965 2.96419 
-146.755 3.07344 
-146.478 3.18689 
-146.217 3.30741 
-145.971 3.43225 
-145.741 3.55936 
-145.525 3.68723 
-145.323 3.81483 
-145.132 3.94143 
-144.953 4.06661 
-144.784 4.19011 
-144.623 4.31183 
-144.471 4.43179 
-144.326 4.55006 
-144.187 4.66679 
-144.054 4.78218 
-143.927 4.89643 
-143.804 5.00978 
-143.684 5.12251 
-143.569 5.23488 
-143.456 5.34717 
-143.346 5.4597 
-143.238 5.57276 
-143.132 5.6867 
-143.028 5.80184 
-142.924 5.91856 
-142.822 6.03723 
-142.72 6.15826 
-142.618 6.28209 
-142.517 6.40917 
-142.415 6.54002 
-142.313 6.67516 
-142.21 6.8152 
-142.107 6.96076 
-142.003 7.11255 
-141.897 7.27133 
-141.791 7.4379 
-141.683 7.61316 
-141.575 7.79805 
-141.466 7.99357 
-141.357 8.20076 
-141.248 8.42064 
-141.141 8.65421 
-141.037 8.90234 
-140.937 9.16566 
-140.844 9.44442 
-140.762 9.73827 
-140.694 10.046 
-140.645 10.3653 
-140.621 10.6923 
-140.628 11.0217 
-140.671 11.3462 
-140.757 11.6572 
-140.888 11.9453 
-141.067 12.2011 
-141.211 12.3491 
-141.462 12.5346 
-141.748 12.6722 
-142.061 12.7615 
-142.39 12.8053 
-142.727 12.8082 
-143.063 12.7765 
-143.395 12.7595 
-143.539 12.9076 
-143.79 13.0932 
-144.077 13.231 
-144.179 13.3768 
-144.358 13.633 
-144.502 13.7812 
-144.755 13.9671 
-145.042 14.1052 
-145.278 14.2462 
-145.32 14.5709 
-145.405 14.8824 
-145.537 15.1711 
-145.717 15.4277 
-145.862 15.5762 
-146.116 15.7627 
-146.406 15.9014 
-146.723 15.9919 
-147.057 16.0367 
-147.487 16.1839 
-147.62 16.4728 
-147.8 16.7298 
-147.946 16.8786 
-148.201 17.0655 
-148.386 17.2373 
-148.567 17.4944 
-148.713 17.6434 
-148.969 17.8306 
-149.208 18.0563 
-149.341 18.3456 
-149.522 18.603 
-149.669 18.7522 
-149.927 18.9398 
-150.221 19.0796 
-150.543 19.1711 
-150.883 19.217 
-151.231 19.2219 
-151.578 19.1919 
-151.918 19.1334 
-152.247 19.0526 
-152.56 18.9551 
-152.856 18.8456 
-153.135 18.7278 
-153.397 18.6048 
-153.643 18.4787 
-153.872 18.3512 
-154.087 18.2236 
-154.289 18.0965 
-154.479 17.9707 
-154.658 17.8462 
-154.827 17.7235 
-154.987 17.6023 
-155.139 17.4828 
-155.284 17.3647 
-155.422 17.2479 
-155.555 17.1323 
-155.683 17.0175 
-155.806 16.9033 
-155.926 16.7895 
-156.042 16.6758 
-156.155 16.5618 
-156.266 16.4473 
-156.374 16.332 
-156.481 16.2154 
-156.586 16.0973 
-156.69 15.9773 
-156.793 15.8549 
-156.896 15.7297 
-156.998 15.6013 
-157.1 15.4691 
-157.203 15.3326 
-157.305 15.1913 
-157.408 15.0445 
>
