168.364 -23.6686 
168.304 -23.631 
168.243 -23.5963 
168.206 -23.5753 
168.143 -23.5434 
168.079 -23.5142 
168.015 -23.4877 
167.95 -23.4639 
167.884 -23.4427 
167.818 -23.424 
167.751 -23.4078 
167.684 -23.3941 
167.617 -23.3828 
167.549 -23.374 
167.481 -23.3675 
167.414 -23.3634 
167.346 -23.3616 
167.312 -23.3614 
167.244 -23.3596 
167.176 -23.3602 
167.108 -23.3632 
167.04 -23.3685 
166.973 -23.3761 
166.905 -23.3862 
166.838 -23.3987 
166.771 -23.4136 
166.705 -23.4311 
166.639 -23.451 
166.573 -23.4736 
166.508 -23.4988 
166.444 -23.5266 
166.381 -23.5572 
166.319 -23.5905 
166.259 -23.6266 
166.199 -23.6656 
166.142 -23.7073 
166.086 -23.752 
166.033 -23.7994 
165.982 -23.8496 
165.934 -23.9026 
165.888 -23.9583 
165.846 -24.0164 
165.808 -24.077 
165.773 -24.1399 
165.743 -24.2047 
165.716 -24.2714 
165.695 -24.3396 
165.676 -24.4097 
165.65 -24.4763 
165.628 -24.5446 
165.611 -24.614 
165.585 -24.6926 
165.559 -24.7592 
165.537 -24.8275 
165.52 -24.8969 
165.508 -24.9673 
165.501 -25.0384 
165.499 -25.0857 
165.501 -25.157 
165.508 -25.228 
165.52 -25.2984 
165.537 -25.3678 
165.558 -25.436 
165.585 -25.5027 
165.615 -25.5675 
165.65 -25.6303 
165.689 -25.6908 
165.732 -25.7489 
165.778 -25.8045 
165.827 -25.8574 
165.878 -25.9075 
165.933 -25.9548 
165.989 -25.9993 
166.048 -26.041 
166.108 -26.0797 
166.17 -26.1157 
166.233 -26.1488 
166.297 -26.1791 
166.363 -26.2067 
166.429 -26.2316 
166.485 -26.2527 
166.552 -26.2776 
166.619 -26.2998 
166.686 -26.3194 
166.754 -26.3364 
166.823 -26.3509 
166.892 -26.3628 
166.956 -26.3764 
167.025 -26.3909 
167.094 -26.4028 
167.163 -26.4123 
167.232 -26.4194 
167.301 -26.424 
167.371 -26.4262 
167.441 -26.426 
167.51 -26.4234 
167.58 -26.4184 
167.649 -26.4109 
167.718 -26.401 
167.762 -26.394 
167.831 -26.3816 
167.899 -26.3667 
167.967 -26.3493 
168.035 -26.3292 
168.102 -26.3066 
168.168 -26.2812 
168.233 -26.2532 
168.297 -26.2224 
168.36 -26.1888 
168.422 -26.1524 
168.482 -26.1132 
168.625 -26.0462 
168.691 -26.0236 
168.757 -25.9983 
168.822 -25.9702 
168.886 -25.9394 
168.949 -25.9059 
169.011 -25.8694 
169.071 -25.8302 
169.129 -25.7881 
169.185 -25.7431 
169.239 -25.6953 
169.29 -25.6447 
169.338 -25.5914 
169.383 -25.5354 
169.425 -25.4768 
169.463 -25.4159 
169.498 -25.3528 
169.528 -25.2876 
169.553 -25.2207 
169.574 -25.1523 
169.59 -25.0827 
169.601 -25.0122 
169.607 -24.9411 
169.608 -24.8698 
169.604 -24.7985 
169.594 -24.7278 
169.58 -24.6578 
169.56 -24.5889 
169.536 -24.5215 
169.508 -24.4557 
169.475 -24.3918 
169.438 -24.3301 
169.398 -24.2707 
169.354 -24.2138 
169.307 -24.1595 
169.257 -24.1079 
169.205 -24.0591 
169.15 -24.013 
169.094 -23.9699 
169.035 -23.9295 
168.975 -23.892 
168.913 -23.8573 
168.851 -23.8254 
168.787 -23.7962 
168.723 -23.7697 
168.657 -23.7459 
168.591 -23.7246 
168.525 -23.706 
168.458 -23.6898 
168.391 -23.6761 
>
