153.13 -23.1303 
153.18 -23.1104 
153.23 -23.0885 
153.278 -23.0647 
153.326 -23.039 
153.373 -23.0113 
153.418 -22.9817 
153.463 -22.9503 
153.506 -22.9169 
153.547 -22.8816 
153.587 -22.8444 
153.625 -22.8054 
153.662 -22.7645 
153.696 -22.7218 
153.728 -22.6774 
153.758 -22.6313 
153.786 -22.5835 
153.811 -22.5343 
153.833 -22.4836 
153.852 -22.4317 
153.868 -22.3786 
153.881 -22.3246 
153.891 -22.2698 
153.897 -22.2143 
153.899 -22.1585 
153.898 -22.1025 
153.893 -22.0466 
153.885 -21.991 
153.872 -21.936 
153.856 -21.8817 
153.837 -21.8285 
153.814 -21.7765 
153.787 -21.726 
153.758 -21.6772 
153.725 -21.6302 
153.69 -21.5853 
153.651 -21.5425 
153.611 -21.5019 
153.568 -21.4638 
153.523 -21.428 
153.476 -21.3948 
153.427 -21.3641 
153.378 -21.336 
153.327 -21.3104 
153.275 -21.2873 
153.222 -21.2668 
153.168 -21.2487 
153.114 -21.2331 
153.059 -21.2199 
153.005 -21.2091 
152.95 -21.2006 
152.895 -21.1943 
152.84 -21.1903 
152.785 -21.1885 
152.73 -21.1887 
152.676 -21.1911 
152.622 -21.1955 
152.568 -21.202 
152.514 -21.2104 
152.461 -21.2208 
152.409 -21.2331 
152.357 -21.2474 
152.306 -21.2636 
152.256 -21.2817 
152.206 -21.3017 
152.157 -21.3236 
152.109 -21.3474 
152.062 -21.3387 
152.008 -21.3231 
151.954 -21.3099 
151.899 -21.2991 
151.844 -21.2906 
151.789 -21.2843 
151.734 -21.2803 
151.739 -21.2742 
151.793 -21.266 
151.846 -21.2558 
151.898 -21.2436 
151.95 -21.2295 
152.001 -21.2134 
152.052 -21.1954 
152.102 -21.1754 
152.15 -21.1536 
152.182 -21.145 
152.235 -21.1348 
152.287 -21.1226 
152.339 -21.1085 
152.39 -21.0924 
152.44 -21.0744 
152.49 -21.0544 
152.539 -21.0326 
152.587 -21.0088 
152.634 -20.9831 
152.68 -20.9554 
152.725 -20.9259 
152.769 -20.8944 
152.811 -20.8611 
152.852 -20.8258 
152.891 -20.7887 
152.929 -20.7496 
152.965 -20.7088 
152.999 -20.6661 
153.031 -20.6217 
153.06 -20.5756 
153.088 -20.5279 
153.112 -20.4787 
153.134 -20.428 
153.153 -20.3761 
153.169 -20.3231 
153.182 -20.269 
153.191 -20.2142 
153.197 -20.1588 
153.2 -20.103 
153.199 -20.047 
153.194 -19.9911 
153.185 -19.9355 
153.173 -19.8804 
153.158 -19.8261 
153.138 -19.7729 
153.116 -19.7209 
153.09 -19.6704 
153.061 -19.6216 
153.028 -19.5746 
152.993 -19.5296 
152.956 -19.4868 
152.915 -19.4462 
152.873 -19.408 
152.829 -19.3723 
152.782 -19.339 
152.735 -19.3083 
152.686 -19.2801 
152.635 -19.2545 
152.584 -19.2314 
152.532 -19.2108 
152.479 -19.1928 
152.425 -19.1772 
152.372 -19.164 
152.318 -19.1531 
152.263 -19.1446 
152.209 -19.1383 
152.155 -19.1343 
152.165 -19.1009 
152.202 -19.0618 
152.238 -19.021 
152.271 -18.9784 
152.303 -18.934 
152.332 -18.8879 
152.359 -18.8402 
152.384 -18.791 
152.405 -18.7404 
152.424 -18.6884 
152.44 -18.6354 
152.453 -18.5814 
152.462 -18.5266 
152.468 -18.4711 
152.471 -18.4153 
152.469 -18.3593 
152.465 -18.3034 
152.457 -18.2478 
152.445 -18.1928 
152.429 -18.1385 
152.41 -18.0852 
152.388 -18.0332 
152.362 -17.9827 
152.333 -17.9338 
152.301 -17.8868 
152.266 -17.8418 
152.229 -17.799 
152.189 -17.7584 
152.148 -17.7202 
152.104 -17.6844 
152.058 -17.6512 
152.011 -17.6204 
151.962 -17.5922 
151.94 -17.5744 
151.98 -17.5392 
152.019 -17.502 
152.056 -17.463 
152.091 -17.4222 
152.125 -17.3796 
152.156 -17.3352 
152.185 -17.2891 
152.212 -17.2415 
152.236 -17.1923 
152.257 -17.1417 
152.276 -17.0898 
152.292 -17.0367 
152.304 -16.9827 
152.314 -16.9279 
152.32 -16.8725 
152.322 -16.8166 
152.321 -16.7607 
152.317 -16.7048 
152.308 -16.6491 
152.297 -16.5941 
152.281 -16.5398 
152.262 -16.4865 
152.239 -16.3998 
152.231 -16.3442 
152.219 -16.2891 
152.204 -16.2348 
152.185 -16.1816 
152.163 -16.1296 
152.137 -16.079 
152.109 -16.0302 
152.077 -15.9831 
152.043 -15.9381 
152.006 -15.8952 
151.967 -15.8546 
151.925 -15.8164 
151.882 -15.7806 
151.836 -15.7473 
151.79 -15.7166 
151.777 -15.687 
151.768 -15.6313 
151.757 -15.5763 
151.742 -15.522 
151.723 -15.4687 
151.701 -15.4167 
151.675 -15.3662 
151.647 -15.3173 
151.616 -15.2702 
151.581 -15.2252 
151.545 -15.1823 
151.505 -15.1417 
151.464 -15.1035 
151.421 -15.0677 
151.376 -15.0344 
151.329 -15.0036 
151.281 -14.9754 
151.232 -14.9497 
151.182 -14.9266 
151.131 -14.906 
151.079 -14.8879 
151.027 -14.8723 
150.975 -14.859 
150.922 -14.8482 
150.869 -14.8396 
150.816 -14.8334 
150.763 -14.8293 
150.71 -14.8275 
150.657 -14.8277 
150.604 -14.8301 
150.552 -14.8345 
150.5 -14.841 
150.449 -14.8494 
150.398 -14.8598 
150.347 -14.8722 
150.297 -14.8865 
150.248 -14.9027 
150.199 -14.9209 
150.151 -14.9409 
150.104 -14.9629 
150.058 -14.9867 
150.012 -15.0125 
149.968 -15.0401 
149.924 -15.0697 
149.882 -15.1011 
149.841 -15.1345 
149.801 -15.1697 
149.763 -15.2069 
149.726 -15.2459 
149.691 -15.2867 
149.658 -15.3293 
149.627 -15.3737 
149.598 -15.4198 
149.572 -15.4675 
149.548 -15.5167 
149.526 -15.5673 
149.507 -15.6192 
149.492 -15.6722 
149.479 -15.7263 
149.47 -15.7811 
149.464 -15.8365 
149.461 -15.8924 
149.462 -15.9484 
149.467 -16.0043 
149.475 -16.0599 
149.486 -16.115 
149.496 -16.1512 
149.514 -16.2048 
149.535 -16.2572 
149.559 -16.3083 
149.587 -16.3577 
149.617 -16.4054 
149.651 -16.4511 
149.687 -16.4946 
149.726 -16.536 
149.767 -16.5749 
149.81 -16.6115 
149.854 -16.6455 
149.901 -16.677 
149.92 -16.7172 
149.929 -16.7728 
149.94 -16.8279 
149.95 -16.864 
149.968 -16.9177 
149.989 -16.9701 
149.995 -17.0221 
150.003 -17.0777 
150.014 -17.1328 
150.024 -17.169 
150.042 -17.2226 
150.063 -17.2751 
150.06 -17.2993 
150.015 -17.327 
149.971 -17.3565 
149.928 -17.3879 
149.887 -17.4213 
149.846 -17.4565 
149.808 -17.4936 
149.771 -17.5326 
149.735 -17.5734 
149.702 -17.616 
149.67 -17.6604 
149.641 -17.7064 
149.614 -17.7541 
149.59 -17.8033 
149.568 -17.8539 
149.549 -17.9057 
149.533 -17.9588 
149.52 -18.0128 
149.511 -18.0676 
149.505 -18.1231 
149.502 -18.1789 
149.503 -18.2349 
149.507 -18.2908 
149.516 -18.3465 
149.527 -18.4016 
149.537 -18.4377 
149.555 -18.4914 
149.576 -18.5438 
149.601 -18.5949 
149.629 -18.6444 
149.66 -18.692 
149.693 -18.7377 
149.73 -18.7813 
149.769 -18.8227 
149.811 -18.8617 
149.854 -18.8982 
149.9 -18.9323 
149.947 -18.9638 
149.995 -18.9928 
150.045 -19.0192 
150.096 -19.0431 
150.148 -19.0644 
150.201 -19.0831 
150.254 -19.0994 
150.307 -19.1133 
150.304 -19.1527 
150.254 -19.1708 
150.205 -19.1908 
150.157 -19.2127 
150.11 -19.2365 
150.063 -19.2622 
150.017 -19.2898 
149.973 -19.3193 
149.93 -19.3508 
149.888 -19.3841 
149.847 -19.4193 
149.808 -19.4564 
149.77 -19.4953 
149.734 -19.5361 
149.7 -19.5787 
149.669 -19.623 
149.639 -19.6691 
149.612 -19.7167 
149.587 -19.7659 
149.565 -19.8165 
149.546 -19.8684 
149.53 -19.9214 
149.517 -19.9754 
149.507 -20.0302 
149.501 -20.0857 
149.498 -20.1415 
149.499 -20.1975 
149.503 -20.2534 
149.511 -20.3091 
149.523 -20.3642 
149.533 -20.4003 
149.551 -20.454 
149.573 -20.5065 
149.598 -20.5576 
149.626 -20.607 
149.657 -20.6547 
149.691 -20.7004 
149.728 -20.7441 
149.768 -20.7854 
149.81 -20.8244 
149.854 -20.861 
149.9 -20.8951 
149.948 -20.9267 
149.997 -20.9557 
150.047 -20.9821 
150.099 -21.006 
150.151 -21.0273 
150.205 -21.0461 
150.258 -21.0624 
150.313 -21.0762 
150.367 -21.0877 
150.422 -21.0967 
150.477 -21.1035 
150.532 -21.108 
150.587 -21.1103 
150.642 -21.1104 
150.696 -21.1084 
150.75 -21.1043 
150.804 -21.0982 
150.858 -21.09 
150.882 -21.1027 
150.931 -21.1317 
150.981 -21.1581 
151.033 -21.182 
151.086 -21.2033 
151.139 -21.2221 
151.193 -21.2384 
151.247 -21.2522 
151.302 -21.2637 
151.357 -21.2727 
151.412 -21.2795 
151.467 -21.284 
151.462 -21.292 
151.408 -21.3004 
151.355 -21.3108 
151.303 -21.3231 
151.251 -21.3374 
151.2 -21.3536 
151.149 -21.3717 
151.099 -21.3917 
151.05 -21.4136 
151.002 -21.4374 
150.955 -21.4631 
150.909 -21.4907 
150.864 -21.5202 
150.82 -21.5516 
150.777 -21.5849 
150.736 -21.6201 
150.696 -21.6571 
150.658 -21.696 
150.621 -21.7368 
150.587 -21.7794 
150.555 -21.8237 
150.525 -21.8697 
150.497 -21.9173 
150.472 -21.9665 
150.449 -22.0171 
150.43 -22.0689 
150.413 -22.1219 
150.4 -22.1759 
150.39 -22.2308 
150.384 -22.2862 
150.381 -22.342 
150.382 -22.398 
150.386 -22.454 
150.395 -22.5096 
150.407 -22.5647 
150.417 -22.6009 
150.435 -22.6545 
150.457 -22.707 
150.482 -22.7581 
150.51 -22.8076 
150.542 -22.8554 
150.577 -22.9011 
150.614 -22.9447 
150.655 -22.9861 
150.697 -23.0252 
150.742 -23.0618 
150.789 -23.0959 
150.837 -23.1275 
150.887 -23.1565 
150.93 -23.1911 
150.959 -23.2406 
150.991 -23.2883 
151.026 -23.334 
151.063 -23.3777 
151.104 -23.4191 
151.146 -23.4581 
151.191 -23.4947 
151.238 -23.5289 
151.287 -23.5605 
151.337 -23.5895 
151.388 -23.6159 
151.441 -23.6398 
151.494 -23.6612 
151.548 -23.68 
151.603 -23.6963 
151.659 -23.7102 
151.714 -23.7216 
151.77 -23.7307 
151.826 -23.7375 
151.882 -23.742 
151.938 -23.7443 
151.994 -23.7444 
152.049 -23.7424 
152.105 -23.7383 
152.159 -23.7322 
152.214 -23.724 
152.268 -23.7138 
152.321 -23.7016 
152.374 -23.6874 
152.426 -23.6713 
152.477 -23.6533 
152.528 -23.6334 
152.578 -23.6115 
152.627 -23.5877 
152.675 -23.5619 
152.722 -23.5343 
152.767 -23.5047 
152.812 -23.4732 
152.855 -23.4398 
152.896 -23.4045 
152.937 -23.3673 
152.975 -23.3283 
153.011 -23.2874 
153.046 -23.2447 
153.078 -23.2003 
153.108 -23.1542 
>
