170.374 -22.4261 
170.38 -22.355 
170.381 -22.2837 
170.377 -22.2125 
170.368 -22.1417 
170.354 -22.0717 
170.335 -22.0028 
170.312 -21.9353 
170.284 -21.8695 
170.277 -21.8448 
170.263 -21.7748 
170.244 -21.7059 
170.22 -21.6384 
170.193 -21.5726 
170.161 -21.5087 
170.125 -21.4469 
170.085 -21.3875 
170.043 -21.3305 
169.997 -21.2762 
169.948 -21.2245 
169.897 -21.1756 
169.843 -21.1296 
169.788 -21.0863 
169.73 -21.0459 
169.672 -21.0084 
169.611 -20.9736 
169.55 -20.9417 
169.488 -20.9125 
169.424 -20.8859 
169.361 -20.862 
169.296 -20.8408 
169.231 -20.8221 
169.165 -20.8059 
169.1 -20.7921 
169.033 -20.7809 
168.967 -20.772 
168.901 -20.7655 
168.834 -20.7614 
168.768 -20.7596 
168.701 -20.7602 
168.634 -20.7632 
168.568 -20.7685 
168.501 -20.7762 
168.435 -20.7862 
168.369 -20.7988 
168.303 -20.8137 
168.238 -20.8312 
168.173 -20.8512 
168.109 -20.8738 
168.046 -20.899 
167.983 -20.9269 
167.921 -20.9575 
167.86 -20.9908 
167.801 -21.027 
167.743 -21.066 
167.686 -21.1078 
167.632 -21.1525 
167.579 -21.2 
167.529 -21.2502 
167.482 -21.3033 
167.437 -21.359 
167.396 -21.4172 
167.354 -21.4789 
167.295 -21.5164 
167.228 -21.5146 
167.161 -21.5152 
167.094 -21.5182 
167.027 -21.5235 
166.96 -21.5312 
166.894 -21.5412 
166.827 -21.5537 
166.761 -21.5687 
166.696 -21.5861 
166.63 -21.6061 
166.566 -21.6287 
166.502 -21.6539 
166.439 -21.6818 
166.377 -21.7124 
166.315 -21.7457 
166.256 -21.7819 
166.197 -21.8208 
166.141 -21.8627 
166.086 -21.9073 
166.033 -21.9548 
165.983 -22.0051 
165.935 -22.0581 
165.891 -22.1138 
165.849 -22.172 
165.811 -22.2326 
165.777 -22.2955 
165.747 -22.3604 
165.721 -22.427 
165.705 -22.4679 
165.667 -22.5285 
165.633 -22.5914 
165.603 -22.6563 
165.577 -22.7229 
165.556 -22.7912 
165.539 -22.8607 
165.527 -22.9311 
165.477 -23.0258 
165.432 -23.0815 
165.39 -23.1397 
165.352 -23.2003 
165.318 -23.2632 
165.288 -23.328 
165.262 -23.3947 
165.24 -23.4629 
165.223 -23.5324 
165.212 -23.6028 
165.192 -23.6647 
165.144 -23.7177 
165.098 -23.7733 
165.056 -23.8315 
165.018 -23.8921 
164.983 -23.9549 
164.953 -24.0198 
164.927 -24.0865 
164.905 -24.1547 
164.888 -24.2242 
164.876 -24.2946 
164.86 -24.323 
164.825 -24.3858 
164.795 -24.4507 
164.739 -24.5579 
164.705 -24.6207 
164.674 -24.6856 
164.648 -24.7522 
164.626 -24.8205 
164.609 -24.8899 
164.597 -24.9603 
164.59 -25.0314 
164.588 -25.0787 
164.59 -25.15 
164.597 -25.221 
164.609 -25.2914 
164.626 -25.3609 
164.647 -25.429 
164.674 -25.4957 
164.702 -25.569 
164.728 -25.6356 
164.759 -25.7004 
164.794 -25.7632 
164.833 -25.8238 
164.875 -25.8819 
164.921 -25.9374 
164.97 -25.9903 
165.022 -26.0405 
165.076 -26.0878 
165.133 -26.1323 
165.191 -26.1739 
165.252 -26.2127 
165.314 -26.2487 
165.377 -26.2818 
165.419 -26.325 
165.458 -26.3856 
165.501 -26.4437 
165.547 -26.4993 
165.596 -26.5522 
165.648 -26.6024 
165.703 -26.6497 
165.76 -26.6942 
165.818 -26.7359 
165.879 -26.7746 
165.941 -26.8106 
166.005 -26.8437 
166.069 -26.874 
166.135 -26.9016 
166.202 -26.9265 
166.269 -26.9487 
166.337 -26.9683 
166.406 -26.9854 
166.475 -26.9998 
166.544 -27.0118 
166.613 -27.0213 
166.683 -27.0284 
166.753 -27.033 
166.823 -27.0352 
166.893 -27.035 
166.963 -27.0324 
167.033 -27.0274 
167.063 -27.0252 
167.133 -27.025 
167.203 -27.0224 
167.273 -27.0174 
167.33 -27.0213 
167.4 -27.0284 
167.47 -27.033 
167.54 -27.0352 
167.61 -27.035 
167.68 -27.0324 
167.75 -27.0274 
167.819 -27.0199 
167.889 -27.01 
167.958 -26.9976 
168.027 -26.9827 
168.095 -26.9652 
168.163 -26.9452 
168.23 -26.9225 
168.297 -26.8972 
168.362 -26.8691 
168.427 -26.8383 
168.49 -26.8047 
168.552 -26.7683 
168.613 -26.729 
168.671 -26.6869 
168.728 -26.6419 
168.782 -26.5941 
168.833 -26.5435 
168.882 -26.4901 
168.928 -26.4341 
168.97 -26.3756 
169.008 -26.3146 
169.043 -26.2515 
169.073 -26.1863 
169.099 -26.1194 
169.12 -26.051 
169.136 -25.9814 
169.147 -25.9108 
169.191 -25.8671 
169.245 -25.8193 
169.296 -25.7687 
169.344 -25.7153 
169.39 -25.6593 
169.432 -25.6008 
169.47 -25.5399 
169.504 -25.4767 
169.534 -25.4116 
169.56 -25.3447 
169.581 -25.2763 
169.597 -25.2067 
169.608 -25.1361 
169.614 -25.065 
169.637 -24.9669 
169.667 -24.9018 
169.692 -24.8349 
169.713 -24.7665 
169.729 -24.6968 
169.74 -24.6263 
169.746 -24.5552 
169.747 -24.4839 
169.743 -24.4127 
169.733 -24.3419 
169.719 -24.2719 
169.776 -24.2284 
169.84 -24.2004 
169.903 -24.1696 
169.965 -24.1361 
170.026 -24.0997 
170.085 -24.0605 
170.142 -24.0184 
170.197 -23.9735 
170.25 -23.9257 
170.301 -23.8751 
170.349 -23.8218 
170.393 -23.7658 
170.435 -23.7073 
170.472 -23.6465 
170.506 -23.5834 
170.536 -23.5182 
170.561 -23.4513 
170.582 -23.383 
170.598 -23.3133 
170.609 -23.2428 
170.615 -23.1717 
170.615 -23.1004 
170.611 -23.0292 
170.602 -22.9584 
170.588 -22.8884 
170.569 -22.8196 
170.545 -22.7521 
170.517 -22.6863 
170.485 -22.6224 
170.449 -22.5606 
170.409 -22.5012 
>
