169.177 -24.6933 
169.208 -24.6322 
169.235 -24.5693 
169.257 -24.5048 
169.275 -24.439 
169.288 -24.3722 
169.297 -24.3047 
169.3 -24.2368 
169.298 -24.1688 
169.292 -24.1011 
169.281 -24.0341 
169.265 -23.9679 
169.256 -23.9254 
169.264 -23.8578 
169.268 -23.7899 
169.266 -23.722 
169.26 -23.6543 
169.249 -23.5872 
169.233 -23.521 
169.213 -23.456 
169.188 -23.3925 
169.16 -23.3307 
169.127 -23.2708 
169.091 -23.2131 
169.052 -23.1576 
169.01 -23.1044 
168.964 -23.0538 
168.917 -23.0058 
168.867 -22.9604 
168.814 -22.9176 
168.761 -22.8774 
168.705 -22.84 
168.648 -22.8051 
168.59 -22.7729 
168.531 -22.7432 
168.471 -22.7161 
168.41 -22.6915 
168.349 -22.6693 
168.287 -22.6496 
168.224 -22.6322 
168.161 -22.6172 
168.098 -22.6044 
168.035 -22.594 
167.971 -22.5858 
167.907 -22.5798 
167.843 -22.5761 
167.779 -22.5746 
167.714 -22.5754 
167.65 -22.5783 
167.586 -22.5836 
167.5 -22.5881 
167.436 -22.5866 
167.371 -22.5874 
167.307 -22.5903 
167.243 -22.5956 
167.179 -22.6031 
167.115 -22.6129 
167.051 -22.6251 
166.987 -22.6397 
166.924 -22.6566 
166.861 -22.6761 
166.799 -22.698 
166.738 -22.7226 
166.677 -22.7497 
166.617 -22.7795 
166.558 -22.812 
166.501 -22.8472 
166.445 -22.8852 
166.391 -22.926 
166.339 -22.966 
166.277 -22.9905 
166.216 -23.0177 
166.156 -23.0475 
166.098 -23.08 
166.04 -23.1152 
165.984 -23.1532 
165.93 -23.1939 
165.877 -23.2374 
165.827 -23.2837 
165.779 -23.3327 
165.734 -23.3842 
165.692 -23.4384 
165.654 -23.4949 
165.618 -23.5537 
165.587 -23.6145 
165.56 -23.6772 
165.537 -23.7415 
165.518 -23.8072 
165.505 -23.8739 
165.496 -23.9413 
165.492 -23.9864 
165.491 -24.0543 
165.495 -24.1222 
165.504 -24.1896 
165.518 -24.2562 
165.536 -24.3217 
165.558 -24.3859 
165.569 -24.464 
165.555 -24.5307 
165.546 -24.5981 
165.543 -24.6431 
165.542 -24.7111 
165.546 -24.7789 
165.554 -24.8463 
165.568 -24.913 
165.586 -24.9785 
165.609 -25.0427 
165.636 -25.1054 
165.667 -25.1661 
165.702 -25.2249 
165.74 -25.2814 
165.781 -25.3357 
165.831 -25.4004 
165.852 -25.4714 
165.875 -25.5356 
165.902 -25.5982 
165.933 -25.659 
165.968 -25.7178 
166.006 -25.7743 
166.048 -25.8285 
166.093 -25.8803 
166.14 -25.9295 
166.19 -25.9761 
166.243 -26.0201 
166.297 -26.0614 
166.353 -26.1 
166.41 -26.136 
166.469 -26.1693 
166.53 -26.2001 
166.591 -26.2282 
166.653 -26.2538 
166.716 -26.2769 
166.779 -26.2975 
166.844 -26.3157 
166.908 -26.3314 
166.973 -26.3449 
167.039 -26.356 
167.104 -26.3647 
167.129 -26.37 
167.191 -26.3982 
167.253 -26.4238 
167.316 -26.4469 
167.38 -26.4675 
167.444 -26.4857 
167.509 -26.5014 
167.574 -26.5149 
167.639 -26.526 
167.705 -26.5347 
167.771 -26.5412 
167.837 -26.5454 
167.903 -26.5473 
167.97 -26.5469 
168.036 -26.5442 
168.102 -26.5392 
168.169 -26.5319 
168.235 -26.5222 
168.3 -26.5101 
168.366 -26.4956 
168.431 -26.4787 
168.496 -26.4592 
168.56 -26.4371 
168.623 -26.4125 
168.685 -26.3852 
168.746 -26.3552 
168.807 -26.3225 
168.865 -26.287 
168.923 -26.2488 
168.978 -26.2078 
169.031 -26.1639 
169.082 -26.1174 
169.13 -26.0681 
169.176 -26.0162 
169.218 -25.9618 
169.257 -25.905 
169.292 -25.846 
169.323 -25.7849 
169.35 -25.722 
169.373 -25.6575 
169.391 -25.5916 
169.404 -25.5248 
169.412 -25.4573 
169.416 -25.3894 
169.414 -25.3214 
169.408 -25.2537 
169.397 -25.1867 
169.381 -25.1205 
169.36 -25.0555 
169.335 -24.992 
169.306 -24.9302 
169.273 -24.8704 
169.237 -24.8126 
169.197 -24.7572 
>
