173.345 -12.4964 
173.602 -12.4336 
173.799 -12.2945 
173.923 -12.0845 
173.972 -11.8204 
173.955 -11.5248 
173.996 -11.261 
174.048 -11.017 
174.041 -10.7438 
173.988 -10.4606 
173.903 -10.1821 
173.8 -9.91789 
173.687 -9.67298 
173.572 -9.44908 
173.458 -9.24588 
173.347 -9.06199 
173.242 -8.89555 
173.142 -8.74459 
173.047 -8.60721 
172.957 -8.48165 
172.873 -8.36635 
172.793 -8.25995 
172.717 -8.16126 
172.644 -8.06925 
172.575 -7.98304 
172.509 -7.90185 
172.445 -7.82501 
172.383 -7.75193 
172.323 -7.68211 
172.265 -7.61508 
172.208 -7.55045 
172.152 -7.48784 
172.097 -7.42694 
172.042 -7.36744 
171.988 -7.30906 
171.934 -7.25155 
171.88 -7.19465 
171.826 -7.13813 
171.771 -7.08177 
171.715 -7.02532 
171.659 -6.96857 
171.601 -6.91129 
171.542 -6.85323 
171.48 -6.79417 
171.417 -6.73382 
171.351 -6.67194 
171.283 -6.60821 
171.21 -6.54233 
171.134 -6.47396 
171.054 -6.40273 
170.968 -6.32824 
170.876 -6.25007 
170.777 -6.16776 
170.67 -6.08084 
170.553 -5.98883 
170.426 -5.8913 
170.286 -5.78788 
170.132 -5.6784 
169.962 -5.56301 
169.773 -5.44243 
169.565 -5.3183 
169.335 -5.19371 
169.085 -5.07382 
168.817 -4.96661 
168.521 -4.86156 
168.457 -4.80292 
168.394 -4.74516 
168.33 -4.68803 
168.266 -4.63128 
168.202 -4.57468 
168.137 -4.51798 
168.071 -4.46096 
168.004 -4.40336 
167.934 -4.34495 
167.863 -4.28547 
167.79 -4.22464 
167.713 -4.16217 
167.633 -4.09775 
167.549 -4.03103 
167.46 -3.96164 
167.367 -3.88917 
167.267 -3.81318 
167.159 -3.73316 
167.044 -3.64858 
166.919 -3.55885 
166.782 -3.46337 
166.633 -3.36152 
166.468 -3.25272 
166.286 -3.13652 
166.083 -3.01278 
165.857 -2.88186 
165.605 -2.74512 
165.325 -2.60551 
165.016 -2.46849 
164.682 -2.34323 
164.331 -2.24359 
163.979 -2.18814 
163.652 -2.19779 
163.378 -2.28993 
163.24 -2.40032 
163.111 -2.6355 
163.077 -2.93491 
163.125 -3.27056 
163.231 -3.61545 
163.375 -3.94953 
163.538 -4.26099 
163.706 -4.54467 
163.871 -4.79976 
163.726 -4.88178 
163.571 -4.97096 
163.406 -5.18708 
163.331 -5.44508 
162.921 -5.35949 
162.537 -5.3493 
162.218 -5.43913 
162.06 -5.55992 
161.921 -5.82809 
161.899 -6.17556 
161.975 -6.56549 
162.119 -6.96325 
162.301 -7.34441 
162.501 -7.69567 
162.702 -8.01214 
162.896 -8.29398 
163.08 -8.54388 
163.252 -8.76549 
163.411 -8.96259 
163.559 -9.13871 
163.695 -9.29695 
163.822 -9.44 
163.94 -9.57011 
164.05 -9.68921 
164.154 -9.79891 
164.251 -9.90056 
164.344 -9.9953 
164.432 -10.0841 
164.516 -10.1678 
164.597 -10.2472 
164.674 -10.3228 
164.75 -10.3951 
164.823 -10.4647 
164.895 -10.532 
164.965 -10.5974 
165.035 -10.6611 
165.103 -10.7236 
165.172 -10.7851 
165.24 -10.8459 
165.308 -10.9063 
165.377 -10.9665 
165.447 -11.0268 
165.518 -11.0874 
165.59 -11.1486 
165.664 -11.2107 
165.74 -11.2739 
165.819 -11.3386 
165.901 -11.405 
165.986 -11.4736 
166.076 -11.5446 
166.171 -11.6185 
166.272 -11.6959 
166.379 -11.777 
166.494 -11.8627 
166.618 -11.9534 
166.753 -12.0499 
166.9 -12.1529 
167.062 -12.2633 
167.241 -12.3818 
167.44 -12.5092 
167.662 -12.6461 
167.912 -12.7925 
168.192 -12.9476 
168.412 -13.063 
168.506 -13.1452 
168.606 -13.2319 
168.715 -13.3235 
168.832 -13.4206 
168.961 -13.5241 
169.102 -13.6345 
169.257 -13.7526 
169.43 -13.8789 
169.622 -14.0138 
169.837 -14.1571 
170.077 -14.3076 
170.346 -14.4629 
170.643 -14.6178 
170.968 -14.7638 
171.314 -14.8876 
171.666 -14.9707 
172.002 -14.9918 
172.294 -14.9316 
172.515 -14.7806 
172.645 -14.5452 
172.686 -14.2464 
172.65 -13.9122 
172.559 -13.5691 
172.433 -13.2365 
172.586 -13.0094 
172.88 -12.9324 
173.094 -12.7654 
173.21 -12.5159 
>
-52.047 -18.2709 
-51.932 -17.9329 
-51.8452 -17.5792 
-51.805 -17.227 
-51.8314 -16.9019 
-51.9408 -16.6345 
-52.0622 -16.5026 
-52.3124 -16.3845 
-52.6245 -16.3632 
-52.9706 -16.424 
-53.3241 -16.5437 
-53.6655 -16.6991 
-53.9833 -16.8714 
-54.2727 -17.048 
-54.533 -17.221 
-54.7658 -17.3861 
-54.9739 -17.5414 
-55.1602 -17.6865 
-55.3276 -17.8215 
-55.4788 -17.9471 
-55.616 -18.0641 
-55.7412 -18.1733 
-55.8562 -18.2757 
-55.9624 -18.372 
-56.0611 -18.4629 
-56.1532 -18.5491 
-56.2397 -18.6312 
-56.3214 -18.7098 
-56.3989 -18.7853 
-56.4728 -18.8581 
-56.5436 -18.9287 
-56.6119 -18.9974 
-56.6779 -19.0646 
-56.742 -19.1305 
-56.8046 -19.1955 
-56.866 -19.2599 
-56.9265 -19.3239 
-56.9863 -19.3878 
-57.0456 -19.4518 
-57.1049 -19.5163 
-57.1642 -19.5814 
-57.2238 -19.6476 
-57.284 -19.7151 
-57.3451 -19.7842 
-57.4073 -19.8553 
-57.4709 -19.9288 
-57.5362 -20.0051 
-57.6036 -20.0847 
-57.6733 -20.1681 
-57.7459 -20.256 
-57.8216 -20.3491 
-57.9011 -20.4482 
-57.9848 -20.5542 
-58.0733 -20.6684 
-58.1672 -20.7919 
-58.2673 -20.9263 
-58.3741 -21.0735 
-58.4883 -21.2354 
-58.6105 -21.4144 
-58.741 -21.6132 
-58.8795 -21.8347 
-59.0249 -22.0815 
-59.1745 -22.3559 
-59.3229 -22.6586 
-59.461 -22.9874 
-59.5748 -23.3349 
-59.6446 -23.6863 
-59.6474 -24.0183 
-59.5627 -24.3015 
-59.3806 -24.5077 
-59.109 -24.6198 
-58.7719 -24.638 
-58.4011 -24.5774 
-58.4331 -24.7065 
-58.4709 -25.0337 
-58.4167 -25.3206 
-58.2577 -25.5407 
-57.9998 -25.6765 
-57.6666 -25.7258 
-57.291 -25.7006 
-56.9041 -25.6203 
-56.5287 -25.5048 
-56.1783 -25.3705 
-55.8587 -25.2289 
-55.5708 -25.0874 
-55.3131 -24.9502 
-55.0826 -24.8195 
-54.8761 -24.6962 
-54.6905 -24.5804 
-54.5228 -24.4719 
-54.3705 -24.3701 
-54.2314 -24.2745 
-54.1037 -24.1845 
-53.9858 -24.0993 
-53.8762 -24.0186 
-53.7739 -23.9417 
-53.6777 -23.8682 
-53.587 -23.7976 
-53.5009 -23.7296 
-53.4187 -23.6638 
-53.34 -23.5997 
-53.2642 -23.5372 
-53.1908 -23.476 
-53.1195 -23.4157 
-53.05 -23.3561 
-52.9818 -23.297 
-52.9146 -23.2381 
-52.8482 -23.1791 
-52.7822 -23.1199 
-52.7164 -23.0601 
-52.6506 -22.9995 
-52.5844 -22.9379 
-52.5175 -22.8749 
-52.4497 -22.8102 
-52.3807 -22.7435 
-52.3102 -22.6745 
-52.2378 -22.6026 
-52.1632 -22.5274 
-52.0859 -22.4484 
-52.0056 -22.365 
-51.9217 -22.2764 
-51.8338 -22.1819 
-51.7413 -22.0805 
-51.6436 -21.971 
-51.54 -21.8522 
-51.4298 -21.7225 
-51.3123 -21.5802 
-51.1869 -21.423 
-51.053 -21.2487 
-50.9104 -21.0546 
-50.7595 -20.8378 
-50.6018 -20.5954 
-50.4404 -20.3254 
-50.2813 -20.0272 
-50.1342 -19.7034 
-50.0142 -19.3617 
-49.9411 -19.0176 
-49.9372 -18.6945 
-50.0213 -18.421 
-50.13 -18.28 
-50.3682 -18.141 
-50.677 -18.0917 
-51.0275 -18.1202 
-51.3913 -18.2062 
-51.7466 -18.3286 
-52.0803 -18.47 
>
137.06 8.68105 
136.857 8.80923 
136.597 8.86255 
136.303 8.84909 
135.997 8.784 
135.697 8.68403 
135.413 8.56376 
135.151 8.43408 
134.912 8.30235 
134.698 8.17309 
134.504 8.04881 
134.33 7.93073 
134.173 7.81925 
134.03 7.71431 
133.9 7.61557 
133.782 7.52256 
133.673 7.43477 
133.572 7.35168 
133.478 7.27277 
133.39 7.19757 
133.308 7.12562 
133.23 7.05653 
133.156 6.98991 
133.086 6.92541 
133.018 6.86272 
132.953 6.80154 
132.89 6.74159 
132.829 6.6826 
132.77 6.62433 
132.712 6.56654 
132.654 6.50898 
132.597 6.45142 
132.541 6.39364 
132.485 6.33539 
132.429 6.27641 
132.373 6.21647 
132.316 6.15527 
132.259 6.09252 
132.2 6.02792 
132.141 5.96109 
132.079 5.89166 
132.017 5.81918 
131.952 5.74317 
131.884 5.66306 
131.814 5.57821 
131.741 5.48788 
131.664 5.39122 
131.583 5.28723 
131.498 5.17478 
131.407 5.05252 
131.311 4.91891 
131.209 4.77218 
131.101 4.61034 
130.987 4.43121 
130.868 4.23254 
130.744 4.01224 
130.619 3.76883 
130.498 3.50223 
130.388 3.21494 
130.301 2.91362 
130.251 2.6106 
130.256 2.32431 
130.328 2.0772 
130.473 1.89041 
130.687 1.7771 
130.951 1.73834 
131.245 1.76417 
131.547 1.83857 
131.841 1.94483 
132.118 2.06893 
132.373 2.20061 
132.604 2.33311 
132.813 2.46236 
133.001 2.58616 
133.171 2.7035 
133.324 2.81411 
133.463 2.91814 
133.589 3.01596 
133.705 3.10809 
133.812 3.19504 
133.911 3.27736 
134.004 3.35555 
134.09 3.43008 
134.171 3.50142 
134.248 3.56995 
134.321 3.63606 
134.39 3.70009 
134.457 3.76236 
134.522 3.82316 
134.584 3.88276 
134.645 3.94144 
134.704 3.99943 
134.762 4.05699 
134.819 4.11433 
134.876 4.17171 
134.932 4.22934 
134.988 4.28748 
135.044 4.34636 
135.101 4.40626 
135.158 4.46744 
135.215 4.5302 
135.274 4.59487 
135.334 4.6618 
135.396 4.73139 
135.459 4.80408 
135.525 4.88038 
135.593 4.96084 
135.664 5.04612 
135.739 5.13698 
135.817 5.23429 
135.899 5.33905 
135.986 5.45244 
136.079 5.57582 
136.177 5.71076 
136.281 5.85905 
136.392 6.02272 
136.509 6.20397 
136.631 6.40503 
136.758 6.62795 
136.886 6.87406 
137.009 7.14315 
137.12 7.43224 
137.206 7.73396 
137.251 8.03513 
137.239 8.31659 
137.157 8.55582 
>
-73.4564 -7.9423 
-73.6701 -8.10434 
-73.8229 -8.36217 
-73.916 -8.6853 
-73.9584 -9.04068 
-73.9626 -9.40119 
-73.9406 -9.74879 
-73.902 -10.0736 
-73.8538 -10.3718 
-73.8006 -10.6428 
-73.7454 -10.8882 
-73.6901 -11.1103 
-73.6359 -11.3118 
-73.5832 -11.4951 
-73.5323 -11.6627 
-73.4835 -11.8167 
-73.4365 -11.9588 
-73.3914 -12.0907 
-73.348 -12.2138 
-73.3061 -12.3293 
-73.2656 -12.4381 
-73.2263 -12.5413 
-73.188 -12.6395 
-73.1507 -12.7335 
-73.114 -12.8239 
-73.078 -12.9112 
-73.0425 -12.9959 
-73.0072 -13.0784 
-72.9722 -13.1592 
-72.9372 -13.2387 
-72.902 -13.3172 
-72.8667 -13.395 
-72.831 -13.4725 
-72.7948 -13.55 
-72.7578 -13.6278 
-72.7201 -13.7063 
-72.6812 -13.7858 
-72.6411 -13.8666 
-72.5995 -13.9492 
-72.5562 -14.0339 
-72.5109 -14.1212 
-72.4632 -14.2116 
-72.4127 -14.3055 
-72.3591 -14.4035 
-72.3018 -14.5064 
-72.2401 -14.6148 
-72.1735 -14.7295 
-72.101 -14.8515 
-72.0216 -14.9819 
-71.9341 -15.1217 
-71.8369 -15.2722 
-71.7285 -15.4348 
-71.6066 -15.6108 
-71.4687 -15.8014 
-71.3119 -16.0075 
-71.133 -16.229 
-70.9287 -16.4643 
-70.6961 -16.709 
-70.4338 -16.9544 
-70.1433 -17.1855 
-69.8318 -17.3803 
-69.5134 -17.5107 
-69.2094 -17.5485 
-68.9437 -17.4755 
-68.7357 -17.292 
-68.5938 -17.0181 
-68.5145 -16.6857 
-68.4862 -16.3272 
-68.495 -15.9679 
-68.5285 -15.6242 
-68.5769 -15.3046 
-68.6333 -15.0121 
-68.6934 -14.7466 
-68.7544 -14.5064 
-68.8145 -14.289 
-68.873 -14.0918 
-68.9293 -13.9122 
-68.9832 -13.748 
-69.0348 -13.597 
-69.0841 -13.4575 
-69.1314 -13.3278 
-69.1768 -13.2068 
-69.2204 -13.0932 
-69.2625 -12.986 
-69.3033 -12.8843 
-69.3429 -12.7874 
-69.3816 -12.6946 
-69.4194 -12.6053 
-69.4565 -12.519 
-69.4931 -12.4352 
-69.5293 -12.3534 
-69.5654 -12.2733 
-69.6013 -12.1944 
-69.6373 -12.1166 
-69.6735 -12.0392 
-69.71 -11.9622 
-69.747 -11.8851 
-69.7848 -11.8076 
-69.8233 -11.7294 
-69.8629 -11.6501 
-69.9038 -11.5694 
-69.9461 -11.4869 
-69.9902 -11.4022 
-70.0363 -11.3149 
-70.0847 -11.2245 
-70.1359 -11.1303 
-70.1903 -11.032 
-70.2484 -10.9287 
-70.3107 -10.8198 
-70.3781 -10.7043 
-70.4513 -10.5815 
-70.5314 -10.4501 
-70.6196 -10.309 
-70.7172 -10.157 
-70.8261 -9.99265 
-70.9483 -9.81462 
-71.0863 -9.6217 
-71.2427 -9.41312 
-71.4206 -9.18905 
-71.623 -8.95136 
-71.8525 -8.70493 
-72.1098 -8.45926 
-72.3926 -8.23029 
-72.6934 -8.04129 
-72.9978 -7.92091 
-73.2856 -7.89665 
>
115.385 8.89369 
115.256 8.75557 
115.171 8.57539 
115.127 8.36569 
115.12 8.14008 
115.14 7.91054 
115.182 7.68599 
115.236 7.47218 
115.299 7.27214 
115.366 7.08703 
115.434 6.91675 
115.503 6.76053 
115.569 6.61722 
115.634 6.48555 
115.697 6.36426 
115.758 6.25215 
115.816 6.14812 
115.872 6.05118 
115.926 5.96046 
115.978 5.87518 
116.028 5.79464 
116.077 5.71826 
116.124 5.64548 
116.17 5.57583 
116.216 5.50889 
116.26 5.44429 
116.304 5.38167 
116.348 5.32072 
116.391 5.26116 
116.434 5.20271 
116.477 5.14514 
116.52 5.08819 
116.563 5.03165 
116.607 4.9753 
116.652 4.91891 
116.697 4.86226 
116.744 4.80515 
116.792 4.74734 
116.841 4.68861 
116.893 4.62872 
116.946 4.56742 
117.002 4.50443 
117.06 4.43947 
117.122 4.37226 
117.188 4.30245 
117.257 4.22971 
117.332 4.15369 
117.412 4.07402 
117.499 3.99032 
117.593 3.90225 
117.695 3.8095 
117.807 3.71191 
117.931 3.60946 
118.066 3.50249 
118.215 3.39184 
118.379 3.27913 
118.559 3.16712 
118.754 3.06014 
118.962 2.96446 
119.18 2.88849 
119.4 2.84234 
119.611 2.83646 
119.804 2.87931 
119.965 2.9746 
120.086 3.11949 
120.165 3.30489 
120.204 3.51786 
120.208 3.74487 
120.186 3.97432 
120.144 4.19776 
120.09 4.40989 
120.029 4.608 
119.963 4.79114 
119.896 4.95953 
119.83 5.11403 
119.764 5.2558 
119.701 5.38611 
119.639 5.50621 
119.58 5.61731 
119.523 5.72046 
119.468 5.81665 
119.415 5.90675 
119.364 5.9915 
119.315 6.0716 
119.267 6.14762 
119.22 6.22011 
119.174 6.28952 
119.129 6.35628 
119.085 6.42075 
119.041 6.48329 
118.998 6.54419 
118.955 6.60375 
118.912 6.66222 
118.87 6.71986 
118.827 6.7769 
118.783 6.83357 
118.739 6.89009 
118.694 6.94668 
118.649 7.00355 
118.602 7.06092 
118.554 7.11902 
118.504 7.17808 
118.452 7.23834 
118.398 7.30006 
118.342 7.3635 
118.283 7.42894 
118.22 7.4967 
118.154 7.5671 
118.083 7.64047 
118.007 7.71718 
117.926 7.79759 
117.837 7.88207 
117.741 7.97095 
117.636 8.0645 
117.521 8.16288 
117.395 8.26602 
117.256 8.37351 
117.103 8.48438 
116.934 8.59682 
116.75 8.70779 
116.55 8.81264 
116.337 8.90471 
116.116 8.97527 
115.894 9.01406 
115.682 9.01082 
115.493 8.95784 
>
143.803 5.80754 
143.56 5.80681 
143.314 5.77637 
143.075 5.7251 
142.849 5.66056 
142.638 5.58848 
142.445 5.51295 
142.267 5.43669 
142.105 5.36142 
141.956 5.28816 
141.82 5.21744 
141.696 5.14948 
141.58 5.08433 
141.474 5.0219 
141.374 4.96202 
141.282 4.9045 
141.195 4.84912 
141.113 4.79567 
141.035 4.74392 
140.961 4.69367 
140.89 4.6447 
140.822 4.59681 
140.756 4.54983 
140.693 4.50356 
140.631 4.45783 
140.57 4.41247 
140.511 4.36729 
140.453 4.32214 
140.395 4.27684 
140.338 4.23122 
140.28 4.18509 
140.223 4.13826 
140.166 4.09054 
140.108 4.0417 
140.049 3.99152 
139.99 3.93975 
139.929 3.8861 
139.867 3.83027 
139.803 3.77189 
139.737 3.7106 
139.669 3.64593 
139.598 3.57737 
139.524 3.50436 
139.446 3.42621 
139.365 3.34215 
139.28 3.25129 
139.19 3.15262 
139.095 3.04496 
138.994 2.92701 
138.889 2.79733 
138.778 2.65436 
138.664 2.49659 
138.547 2.32268 
138.43 2.1318 
138.317 1.92418 
138.216 1.70181 
138.136 1.46927 
138.086 1.23451 
138.08 1.00889 
138.127 0.805947 
138.231 0.638691 
138.388 0.516307 
138.589 0.441826 
138.818 0.412059 
139.061 0.419519 
139.305 0.455037 
139.54 0.509849 
139.763 0.576707 
139.821 0.50616 
139.93 0.268834 
140.138 0.100382 
140.424 0.00568238 
140.759 -0.0227997 
141.113 9.73401e-05 
141.463 0.0581396 
141.795 0.137451 
142.101 0.227781 
142.38 0.322274 
142.632 0.416682 
142.859 0.508565 
143.064 0.596656 
143.25 0.680413 
143.419 0.759728 
143.572 0.834738 
143.714 0.905712 
143.844 0.972981 
143.965 1.0369 
144.077 1.09781 
144.183 1.15607 
144.283 1.21198 
144.377 1.26584 
144.467 1.31793 
144.552 1.36851 
144.635 1.41782 
144.715 1.46608 
144.792 1.51351 
144.867 1.5603 
144.941 1.60665 
145.013 1.65276 
145.085 1.69881 
145.156 1.74499 
145.226 1.79148 
145.297 1.8385 
145.368 1.88624 
145.439 1.93492 
145.511 1.98478 
145.585 2.03607 
145.66 2.08907 
145.737 2.14409 
145.816 2.20147 
145.898 2.26162 
145.983 2.32498 
146.072 2.39206 
146.165 2.46346 
146.263 2.53989 
146.367 2.62215 
146.477 2.71121 
146.594 2.80821 
146.72 2.91448 
146.855 3.03164 
147 3.16155 
147.157 3.30642 
147.326 3.46876 
147.507 3.65138 
147.7 3.85717 
147.903 4.08878 
148.109 4.34783 
148.31 4.63372 
148.491 4.94174 
148.629 5.26105 
148.7 5.57351 
148.679 5.85541 
148.608 6.01381 
148.416 6.19613 
148.14 6.30513 
147.809 6.34619 
147.795 6.38175 
147.721 6.52467 
147.538 6.68795 
147.285 6.78412 
146.985 6.81797 
146.664 6.80155 
146.344 6.74927 
146.037 6.67419 
145.751 6.58642 
145.489 6.49305 
145.251 6.39866 
145.036 6.30599 
144.842 6.21656 
144.666 6.13111 
144.505 6.04988 
144.359 5.97284 
144.225 5.89978 
144.101 5.83042 
>
-159.79 -6.55025 
-159.94 -6.43366 
-160.13 -6.36376 
-160.346 -6.33798 
-160.576 -6.34943 
-160.807 -6.38928 
-161.031 -6.44888 
-161.243 -6.52091 
-161.441 -6.59975 
-161.623 -6.68147 
-161.79 -6.7634 
-161.943 -6.8439 
-162.082 -6.92201 
-162.21 -6.99723 
-162.328 -7.06936 
-162.437 -7.13841 
-162.537 -7.2045 
-162.631 -7.2678 
-162.718 -7.32855 
-162.801 -7.38698 
-162.878 -7.44333 
-162.952 -7.49784 
-163.022 -7.55073 
-163.088 -7.60223 
-163.153 -7.65255 
-163.214 -7.70189 
-163.274 -7.75043 
-163.333 -7.79838 
-163.39 -7.84591 
-163.445 -7.8932 
-163.5 -7.94042 
-163.555 -7.98777 
-163.609 -8.03542 
-163.662 -8.08355 
-163.716 -8.13237 
-163.77 -8.18208 
-163.824 -8.23289 
-163.879 -8.28505 
-163.935 -8.33882 
-163.992 -8.39447 
-164.05 -8.45231 
-164.11 -8.51271 
-164.171 -8.57605 
-164.235 -8.64278 
-164.3 -8.7134 
-164.369 -8.78849 
-164.441 -8.8687 
-164.516 -8.9548 
-164.594 -9.04764 
-164.677 -9.14821 
-164.764 -9.25761 
-164.855 -9.37708 
-164.95 -9.50795 
-165.05 -9.65161 
-165.152 -9.80939 
-165.255 -9.98237 
-165.357 -10.171 
-165.453 -10.3748 
-165.536 -10.5914 
-165.599 -10.816 
-165.631 -11.0407 
-165.622 -11.2545 
-165.564 -11.4448 
-165.454 -11.5997 
-165.296 -11.7109 
-165.099 -11.7758 
-164.876 -11.7976 
-164.642 -11.7834 
-164.407 -11.742 
-164.181 -11.6819 
-163.967 -11.6101 
-163.769 -11.5318 
-163.587 -11.451 
-163.42 -11.37 
-163.267 -11.2904 
-163.128 -11.2132 
-163 -11.1388 
-162.882 -11.0674 
-162.774 -10.999 
-162.673 -10.9335 
-162.58 -10.8706 
-162.492 -10.8102 
-162.41 -10.7521 
-162.333 -10.696 
-162.259 -10.6416 
-162.189 -10.5888 
-162.123 -10.5374 
-162.059 -10.4871 
-161.997 -10.4377 
-161.937 -10.389 
-161.878 -10.3409 
-161.822 -10.2932 
-161.766 -10.2457 
-161.711 -10.1982 
-161.656 -10.1506 
-161.602 -10.1026 
-161.549 -10.054 
-161.495 -10.0048 
-161.441 -9.95455 
-161.387 -9.90317 
-161.332 -9.85039 
-161.276 -9.79593 
-161.219 -9.73951 
-161.161 -9.68081 
-161.102 -9.61947 
-161.04 -9.55507 
-160.977 -9.48717 
-160.911 -9.41525 
-160.842 -9.33869 
-160.771 -9.25684 
-160.696 -9.1689 
-160.618 -9.074 
-160.536 -8.97111 
-160.45 -8.8591 
-160.359 -8.73672 
-160.265 -8.60261 
-160.168 -8.45537 
-160.068 -8.29373 
-159.968 -8.11669 
-159.87 -7.92394 
-159.78 -7.71637 
-159.703 -7.49679 
-159.649 -7.27065 
-159.627 -7.04659 
-159.647 -6.8361 
-159.716 -6.65203 
>
155.225 3.54882 
155.095 3.48593 
154.939 3.33253 
154.835 3.11953 
154.781 2.86537 
154.771 2.59004 
154.792 2.31058 
154.836 2.0391 
154.894 1.78282 
154.96 1.5452 
155.03 1.32715 
155.1 1.12807 
155.17 0.9466 
155.238 0.781045 
155.303 0.629646 
155.366 0.490714 
155.426 0.362702 
155.483 0.244221 
155.539 0.134045 
155.592 0.031099 
155.643 -0.0655583 
155.692 -0.156748 
155.739 -0.243191 
155.786 -0.325517 
155.831 -0.404287 
155.875 -0.479996 
155.918 -0.553087 
155.961 -0.623959 
156.003 -0.692977 
156.045 -0.760475 
156.087 -0.826762 
156.128 -0.89213 
156.17 -0.956857 
156.212 -1.02121 
156.255 -1.08545 
156.298 -1.14983 
156.343 -1.21462 
156.388 -1.28008 
156.435 -1.34648 
156.483 -1.4141 
156.533 -1.48326 
156.585 -1.55426 
156.64 -1.62745 
156.698 -1.70321 
156.758 -1.78193 
156.823 -1.86407 
156.892 -1.95011 
156.966 -2.04057 
157.046 -2.13603 
157.133 -2.23709 
157.228 -2.34438 
157.332 -2.45854 
157.447 -2.58014 
157.574 -2.70962 
157.716 -2.84714 
157.873 -2.99233 
158.049 -3.14398 
158.244 -3.29946 
158.46 -3.45407 
158.695 -3.60024 
158.946 -3.7269 
159.204 -3.81955 
159.457 -3.86193 
159.689 -3.83961 
159.886 -3.74488 
160.033 -3.58038 
160.128 -3.35903 
160.174 -3.09994 
160.178 -2.82284 
160.152 -2.54402 
160.144 -2.30531 
160.157 -2.05967 
160.143 -1.81065 
160.109 -1.5681 
160.061 -1.33806 
160.006 -1.12359 
159.946 -0.925642 
159.885 -0.743925 
159.824 -0.577429 
159.763 -0.424824 
159.705 -0.284677 
159.648 -0.155586 
159.593 -0.036241 
159.541 0.074548 
159.49 0.177845 
159.441 0.274591 
159.394 0.365618 
159.348 0.451657 
159.303 0.533353 
159.26 0.611274 
159.217 0.685927 
159.176 0.757763 
159.135 0.827188 
159.094 0.894567 
159.054 0.960236 
159.015 1.0245 
158.975 1.08766 
158.935 1.14997 
158.895 1.21169 
158.854 1.27307 
158.813 1.33437 
158.772 1.3958 
158.729 1.45763 
158.685 1.52009 
158.64 1.58344 
158.594 1.64794 
158.545 1.71387 
158.495 1.78152 
158.442 1.85121 
158.386 1.92328 
158.327 1.99808 
158.265 2.07602 
158.198 2.15751 
158.126 2.24301 
158.048 2.33301 
157.964 2.428 
157.872 2.52847 
157.772 2.63488 
157.661 2.7476 
157.539 2.86679 
157.403 2.9923 
157.253 3.12339 
157.086 3.25843 
156.902 3.39446 
156.701 3.52658 
156.484 3.64746 
156.255 3.74703 
156.023 3.81293 
155.798 3.83227 
155.593 3.79465 
155.475 3.73577 
155.33 3.59779 
>
168.101 -52.2215 
168.501 -52.2834 
168.955 -52.2463 
169.427 -52.1269 
169.886 -51.9497 
170.311 -51.7392 
170.694 -51.5146 
171.031 -51.2894 
171.327 -51.0715 
171.585 -50.8652 
171.81 -50.6722 
172.008 -50.4927 
172.182 -50.3262 
172.336 -50.1718 
172.474 -50.0283 
172.598 -49.8946 
172.71 -49.7695 
172.812 -49.6522 
172.906 -49.5415 
172.992 -49.4367 
173.072 -49.3371 
173.147 -49.242 
173.217 -49.1507 
173.283 -49.0628 
173.346 -48.9777 
173.405 -48.895 
173.462 -48.8143 
173.517 -48.7351 
173.57 -48.6572 
173.622 -48.5803 
173.672 -48.5038 
173.721 -48.4277 
173.769 -48.3514 
173.817 -48.2748 
173.864 -48.1975 
173.911 -48.1191 
173.958 -48.0394 
174.005 -47.9579 
174.052 -47.8742 
174.099 -47.7879 
174.147 -47.6985 
174.196 -47.6054 
174.246 -47.5082 
174.296 -47.406 
174.348 -47.2982 
174.402 -47.1838 
174.456 -47.0619 
174.513 -46.9312 
174.571 -46.7905 
174.63 -46.6381 
174.691 -46.4725 
174.753 -46.2915 
174.816 -46.093 
174.877 -45.8748 
174.936 -45.6347 
174.989 -45.3708 
175.032 -45.0824 
175.057 -44.771 
175.057 -44.4418 
175.018 -44.1056 
174.928 -43.781 
174.774 -43.4938 
174.549 -43.2735 
174.254 -43.1447 
173.906 -43.1187 
173.525 -43.1889 
173.138 -43.3349 
172.764 -43.5308 
172.416 -43.7529 
172.1 -43.9833 
171.817 -44.2105 
171.565 -44.4278 
171.342 -44.6318 
171.144 -44.8217 
170.968 -44.9975 
170.81 -45.1601 
170.668 -45.3107 
170.54 -45.4504 
170.423 -45.5804 
170.316 -45.7019 
170.217 -45.8159 
170.126 -45.9234 
170.041 -46.0251 
169.961 -46.1218 
169.886 -46.2142 
169.815 -46.3028 
169.747 -46.3882 
169.682 -46.4709 
169.62 -46.5512 
169.56 -46.6297 
169.501 -46.7067 
169.445 -46.7824 
169.389 -46.8574 
169.335 -46.9318 
169.281 -47.006 
169.227 -47.0802 
169.174 -47.1549 
169.121 -47.2304 
169.068 -47.3068 
169.015 -47.3847 
168.961 -47.4644 
168.906 -47.5462 
168.85 -47.6307 
168.793 -47.7182 
168.734 -47.8094 
168.674 -47.9048 
168.611 -48.005 
168.547 -48.111 
168.479 -48.2235 
168.409 -48.3435 
168.335 -48.4723 
168.257 -48.6112 
168.176 -48.7618 
168.091 -48.9257 
168.001 -49.1051 
167.908 -49.3021 
167.812 -49.5191 
167.715 -49.7584 
167.62 -50.0218 
167.532 -50.3102 
167.46 -50.622 
167.415 -50.9522 
167.415 -51.2895 
167.48 -51.6152 
167.631 -51.9033 
167.881 -52.1243 
>
161.556 -10.5813 
161.405 -10.7963 
161.34 -11.0808 
161.351 -11.4075 
161.419 -11.7492 
161.525 -12.0847 
161.653 -12.4009 
161.79 -12.6914 
161.928 -12.9546 
162.063 -13.1913 
162.192 -13.4037 
162.315 -13.5945 
162.43 -13.7664 
162.538 -13.922 
162.64 -14.0634 
162.735 -14.1927 
162.825 -14.3116 
162.91 -14.4215 
162.991 -14.5236 
163.068 -14.6191 
163.142 -14.7087 
163.212 -14.7934 
163.28 -14.8739 
163.346 -14.9506 
163.41 -15.0241 
163.473 -15.095 
163.534 -15.1635 
163.595 -15.2301 
163.654 -15.2952 
163.713 -15.3589 
163.772 -15.4218 
163.831 -15.4839 
163.891 -15.5456 
163.95 -15.6071 
164.011 -15.6687 
164.073 -15.7306 
164.136 -15.7932 
164.2 -15.8566 
164.267 -15.9212 
164.336 -15.9872 
164.407 -16.055 
164.482 -16.1249 
164.561 -16.1972 
164.645 -16.2724 
164.733 -16.351 
164.827 -16.4333 
164.928 -16.52 
165.037 -16.6116 
165.155 -16.7087 
165.285 -16.8121 
165.426 -16.9225 
165.583 -17.0404 
165.756 -17.1665 
165.95 -17.301 
166.166 -17.4437 
166.407 -17.5936 
166.677 -17.7479 
166.976 -17.9017 
167.303 -18.0463 
167.65 -18.1685 
168.004 -18.2503 
168.342 -18.2707 
168.635 -18.2107 
168.857 -18.0614 
168.99 -17.8289 
169.033 -17.5338 
168.999 -17.2036 
168.91 -16.8643 
168.786 -16.535 
168.644 -16.2269 
168.495 -15.945 
168.348 -15.6903 
168.205 -15.4615 
168.071 -15.2562 
167.944 -15.0717 
167.825 -14.9054 
167.714 -14.7548 
167.61 -14.6177 
167.512 -14.4922 
167.421 -14.3767 
167.334 -14.2698 
167.252 -14.1704 
167.174 -14.0773 
167.1 -13.9898 
167.028 -13.907 
166.96 -13.8283 
166.893 -13.7531 
166.829 -13.681 
166.766 -13.6115 
166.704 -13.5441 
166.643 -13.4786 
166.583 -13.4145 
166.524 -13.3516 
166.465 -13.2896 
166.406 -13.2282 
166.346 -13.1672 
166.286 -13.1063 
166.226 -13.0452 
166.164 -12.9837 
166.101 -12.9216 
166.037 -12.8585 
165.97 -12.7942 
165.901 -12.7284 
165.829 -12.6607 
165.755 -12.5909 
165.676 -12.5185 
165.593 -12.4431 
165.505 -12.3643 
165.411 -12.2815 
165.311 -12.1942 
165.202 -12.1019 
165.085 -12.0037 
164.956 -11.8991 
164.816 -11.7872 
164.661 -11.6674 
164.489 -11.5391 
164.298 -11.402 
164.085 -11.2562 
163.847 -11.103 
163.583 -10.9451 
163.29 -10.7878 
162.973 -10.6404 
162.638 -10.5168 
162.299 -10.436 
161.978 -10.4196 
161.702 -10.4865 
>
-51.1772 3.02663 
-51.438 3.18209 
-51.7861 3.22446 
-52.1827 3.17143 
-52.5912 3.05127 
-52.985 2.89182 
-53.3496 2.71454 
-53.6793 2.53365 
-53.9736 2.35743 
-54.2353 2.19013 
-54.4678 2.03353 
-54.6749 1.88796 
-54.8603 1.75299 
-55.0271 1.62782 
-55.1781 1.51153 
-55.3157 1.40316 
-55.4417 1.3018 
-55.558 1.20661 
-55.6658 1.11682 
-55.7664 1.03176 
-55.8608 0.950798 
-55.9499 0.873395 
-56.0343 0.799058 
-56.1149 0.727345 
-56.1921 0.657853 
-56.2664 0.590219 
-56.3383 0.524103 
-56.4082 0.459193 
-56.4765 0.395191 
-56.5434 0.331815 
-56.6094 0.268791 
-56.6747 0.205848 
-56.7395 0.14272 
-56.8042 0.0791318 
-56.8691 0.0148043 
-56.9344 -0.0505557 
-57.0004 -0.117259 
-57.0674 -0.185638 
-57.1358 -0.256058 
-57.2057 -0.328916 
-57.2777 -0.404659 
-57.3521 -0.483787 
-57.4292 -0.56687 
-57.5097 -0.654557 
-57.5939 -0.747603 
-57.6826 -0.846881 
-57.7762 -0.953416 
-57.8757 -1.06841 
-57.9818 -1.19329 
-58.0953 -1.32975 
-58.2174 -1.47978 
-58.349 -1.64577 
-58.4911 -1.83048 
-58.6447 -2.03716 
-58.8101 -2.26939 
-58.987 -2.53098 
-59.1734 -2.82546 
-59.3648 -3.15511 
-59.5518 -3.51922 
-59.719 -3.91128 
-59.8432 -4.31559 
-59.8948 -4.70478 
-59.8449 -5.04199 
-59.6775 -5.29036 
-59.3992 -5.42716 
-59.0392 -5.45273 
-58.6368 -5.38726 
-58.2279 -5.25951 
-57.8369 -5.09645 
-57.4767 -4.9183 
-57.152 -4.73816 
-56.8625 -4.56353 
-56.6053 -4.39819 
-56.3767 -4.24361 
-56.173 -4.09998 
-55.9905 -3.96679 
-55.8262 -3.84324 
-55.6773 -3.72838 
-55.5415 -3.62126 
-55.417 -3.521 
-55.3021 -3.42677 
-55.1955 -3.33781 
-55.0958 -3.25345 
-55.0023 -3.1731 
-54.9139 -3.09622 
-54.8301 -3.02232 
-54.75 -2.95097 
-54.6733 -2.88178 
-54.5994 -2.81438 
-54.5278 -2.74845 
-54.4581 -2.68367 
-54.3901 -2.61974 
-54.3233 -2.5564 
-54.2575 -2.49335 
-54.1923 -2.43034 
-54.1275 -2.3671 
-54.0628 -2.30335 
-53.9978 -2.23881 
-53.9325 -2.17318 
-53.8663 -2.10615 
-53.7992 -2.03738 
-53.7306 -1.9665 
-53.6604 -1.89311 
-53.5881 -1.81674 
-53.5134 -1.73689 
-53.4357 -1.65298 
-53.3548 -1.56434 
-53.27 -1.47018 
-53.1807 -1.36963 
-53.0862 -1.26161 
-52.9859 -1.1449 
-52.8789 -1.01801 
-52.7642 -0.879217 
-52.6409 -0.726448 
-52.508 -0.557261 
-52.3644 -0.368794 
-52.2094 -0.157751 
-52.0427 0.0795272 
-51.8648 0.346843 
-51.6781 0.647598 
-51.4878 0.983712 
-51.3041 1.35369 
-51.1437 1.74967 
-51.0311 2.15401 
-50.9959 2.53731 
-51.0657 2.86174 
>
-52.4228 -4.56582 
-52.5767 -4.40871 
-52.791 -4.30405 
-53.0469 -4.24979 
-53.3243 -4.23811 
-53.6059 -4.25875 
-53.8796 -4.30171 
-54.1379 -4.35876 
-54.3775 -4.42373 
-54.5974 -4.49237 
-54.7982 -4.5619 
-54.9812 -4.63059 
-55.1482 -4.69745 
-55.301 -4.76195 
-55.4412 -4.82388 
-55.5705 -4.88321 
-55.6901 -4.94003 
-55.8014 -4.9945 
-55.9054 -5.04679 
-56.003 -5.09712 
-56.0952 -5.14569 
-56.1825 -5.19271 
-56.2658 -5.23836 
-56.3454 -5.28286 
-56.422 -5.32637 
-56.4959 -5.36907 
-56.5677 -5.41114 
-56.6375 -5.45274 
-56.7058 -5.49403 
-56.773 -5.53516 
-56.8392 -5.5763 
-56.9047 -5.6176 
-56.97 -5.65924 
-57.0351 -5.70137 
-57.1003 -5.74418 
-57.166 -5.78785 
-57.2324 -5.8326 
-57.2998 -5.87863 
-57.3685 -5.9262 
-57.4387 -5.97557 
-57.5108 -6.02704 
-57.5852 -6.08095 
-57.6622 -6.13768 
-57.7423 -6.19768 
-57.8259 -6.26145 
-57.9135 -6.32958 
-58.0056 -6.40274 
-58.103 -6.48173 
-58.2061 -6.56747 
-58.3156 -6.66106 
-58.4323 -6.76375 
-58.5568 -6.87699 
-58.6895 -7.00246 
-58.8306 -7.142 
-58.98 -7.29759 
-59.1363 -7.47118 
-59.2971 -7.66438 
-59.4576 -7.87794 
-59.6102 -8.11093 
-59.7437 -8.35965 
-59.843 -8.61645 
-59.8913 -8.8693 
-59.8735 -9.10272 
-59.7811 -9.30086 
-59.6165 -9.45181 
-59.3928 -9.55082 
-59.1295 -9.60071 
-58.8472 -9.6096 
-58.5628 -9.58762 
-58.2878 -9.54441 
-58.0291 -9.48787 
-57.7898 -9.42382 
-57.5705 -9.35631 
-57.3704 -9.28797 
-57.188 -9.22042 
-57.0216 -9.15463 
-56.8694 -9.09109 
-56.7297 -9.03001 
-56.6009 -8.97141 
-56.4817 -8.91522 
-56.3707 -8.86128 
-56.267 -8.80943 
-56.1695 -8.75946 
-56.0775 -8.71118 
-55.9902 -8.66439 
-55.9071 -8.61889 
-55.8274 -8.5745 
-55.7509 -8.53103 
-55.6769 -8.48833 
-55.6051 -8.44622 
-55.5352 -8.40453 
-55.4668 -8.36311 
-55.3996 -8.32181 
-55.3332 -8.28045 
-55.2675 -8.23888 
-55.2021 -8.19695 
-55.1368 -8.15446 
-55.0713 -8.11125 
-55.0054 -8.06712 
-54.9388 -8.02186 
-54.8711 -7.97525 
-54.8022 -7.92704 
-54.7317 -7.87695 
-54.6592 -7.82467 
-54.5845 -7.76985 
-54.5071 -7.7121 
-54.4266 -7.65096 
-54.3426 -7.5859 
-54.2546 -7.51632 
-54.162 -7.44151 
-54.0642 -7.36064 
-53.9606 -7.27275 
-53.8507 -7.17672 
-53.7336 -7.07123 
-53.609 -6.95478 
-53.4763 -6.82566 
-53.3355 -6.68197 
-53.187 -6.52171 
-53.0322 -6.34297 
-52.8742 -6.14427 
-52.718 -5.92514 
-52.5719 -5.687 
-52.4476 -5.43438 
-52.3604 -5.17589 
-52.3265 -4.9246 
-52.3599 -4.69656 
>
106.948 35.782 
107.358 35.7384 
107.796 35.7105 
108.248 35.7085 
108.691 35.7455 
109.09 35.8352 
109.404 35.988 
109.596 36.2052 
109.661 36.3434 
110.091 36.3359 
110.486 36.3833 
110.81 36.4989 
111.03 36.6874 
111.127 36.9402 
111.105 37.2376 
110.983 37.5548 
110.792 37.8702 
111.089 37.881 
111.533 37.8941 
111.938 37.9608 
112.264 38.0931 
112.476 38.2942 
112.555 38.5546 
112.505 38.854 
112.351 39.1685 
112.125 39.4772 
112.117 39.6732 
112.183 39.9102 
112.137 40.1764 
111.997 40.4529 
111.792 40.7236 
111.547 40.9775 
111.283 41.209 
111.105 41.3584 
110.861 41.5743 
110.612 41.7683 
110.367 41.941 
110.417 42.062 
110.908 42.0671 
111.357 42.1279 
111.719 42.258 
111.956 42.4616 
112.422 42.7372 
112.802 42.8753 
113.044 43.0893 
113.125 43.3689 
113.05 43.6909 
112.85 44.0279 
112.568 44.3565 
112.241 44.662 
111.899 44.9373 
111.559 45.1811 
111.234 45.3952 
110.927 45.5828 
110.641 45.7473 
110.377 45.8923 
110.131 46.0207 
109.904 46.1351 
109.692 46.2376 
109.496 46.3302 
109.311 46.4144 
109.138 46.4913 
108.975 46.5622 
108.82 46.6278 
108.672 46.6889 
108.531 46.7461 
108.396 46.8 
108.265 46.851 
108.138 46.8995 
108.015 46.9459 
107.894 46.9905 
107.776 47.0335 
107.659 47.0752 
107.543 47.1159 
107.428 47.1556 
107.313 47.1946 
107.198 47.2331 
107.082 47.2712 
106.965 47.309 
106.845 47.3468 
106.724 47.3847 
106.599 47.4227 
106.471 47.4611 
106.338 47.5001 
106.201 47.5396 
106.057 47.58 
105.906 47.6213 
105.747 47.6638 
105.579 47.7075 
105.399 47.7527 
105.207 47.7995 
105 47.848 
104.776 47.8983 
104.533 47.9506 
104.266 48.0046 
103.973 48.0602 
103.648 48.117 
103.289 48.1739 
102.89 48.2295 
102.447 48.2811 
101.958 48.3248 
101.425 48.3545 
100.858 48.3616 
100.276 48.3351 
99.7171 48.2622 
99.233 48.1315 
98.8822 47.9382 
98.7464 47.7775 
98.7028 47.4979 
98.6021 47.4293 
98.4653 47.2768 
98.4066 47.0083 
98.5142 46.7117 
98.7521 46.4087 
99.0734 46.1169 
99.4359 45.8472 
99.8085 45.6043 
100.172 45.3887 
100.515 45.1987 
100.835 45.0314 
101.129 44.884 
101.4 44.7534 
101.648 44.6372 
101.876 44.5331 
102.087 44.4393 
102.281 44.3541 
102.462 44.2764 
102.43 44.2608 
102.029 44.2407 
101.629 44.1926 
101.253 44.1092 
100.933 43.9848 
100.699 43.8182 
100.604 43.6865 
100.536 43.5491 
100.34 43.1177 
100.215 42.9701 
100.155 42.7098 
100.242 42.4214 
100.021 42.235 
99.7094 42.0782 
99.5734 41.9393 
99.4887 41.6861 
99.5423 41.3973 
99.7076 41.095 
99.7363 40.881 
99.2874 40.8943 
98.8126 40.8852 
98.3297 40.8437 
97.8693 40.759 
97.5734 40.7234 
97.3888 40.7531 
97.1896 40.7832 
96.9736 40.8135 
96.7381 40.8437 
96.4803 40.8732 
96.197 40.9013 
95.8848 40.9268 
95.5404 40.9478 
95.1615 40.9616 
94.7474 40.9643 
94.301 40.9505 
93.8316 40.9129 
93.3582 40.8427 
92.9119 40.7309 
92.5352 40.571 
92.274 40.3623 
92.1822 40.2003 
92.1771 39.932 
92.3201 39.6514 
92.5771 39.3764 
92.9054 39.12 
93.267 38.8892 
93.658 38.6211 
93.9484 38.2953 
94.3183 37.9886 
94.7212 37.711 
95.1249 37.4658 
95.5109 37.2518 
95.8703 37.066 
96.2004 36.9044 
96.5015 36.7634 
96.7757 36.6397 
97.0256 36.5303 
97.2541 36.433 
97.4639 36.3458 
97.6573 36.2671 
97.8365 36.1955 
98.0034 36.13 
98.1596 36.0696 
98.3067 36.0136 
98.4457 35.9613 
98.5779 35.9123 
98.7042 35.866 
98.8254 35.8221 
98.9423 35.7803 
99.0556 35.7401 
99.1658 35.7015 
99.2735 35.664 
99.3794 35.6277 
99.4837 35.5922 
99.5871 35.5573 
99.69 35.523 
99.7928 35.489 
99.896 35.4553 
100 35.4216 
100.105 35.3878 
100.212 35.3539 
100.322 35.3196 
100.434 35.2847 
100.549 35.2493 
100.669 35.213 
100.793 35.1758 
100.924 35.1374 
101.06 35.0976 
101.205 35.0563 
101.358 35.0132 
101.522 34.9681 
101.698 34.9207 
101.887 34.8707 
102.093 34.8179 
102.318 34.7621 
102.565 34.7031 
102.837 34.6409 
103.138 34.5757 
103.473 34.5083 
103.846 34.44 
104.259 34.3738 
104.712 34.3144 
105.202 34.2696 
105.715 34.2513 
106.223 34.2754 
106.684 34.3601 
107.046 34.5204 
107.262 34.7598 
107.307 35.0652 
107.192 35.4101 
106.954 35.7641 
>
3.57349 41.1252 
3.30447 41.2998 
2.92526 41.3942 
2.47653 41.415 
2.00031 41.3779 
1.52948 41.3008 
1.08462 41.1997 
0.675773 41.0864 
0.305872 40.969 
-0.0262307 40.8524 
-0.32367 40.7395 
-0.590306 40.6317 
-0.830053 40.5295 
-1.04655 40.433 
-1.24305 40.342 
-1.42236 40.2561 
-1.58693 40.1749 
-1.73883 40.0978 
-1.87981 40.0246 
-2.0114 39.9547 
-2.1349 39.8877 
-2.2514 39.8233 
-2.36188 39.7611 
-2.46717 39.7007 
-2.568 39.6421 
-2.66503 39.5847 
-2.75884 39.5284 
-2.84993 39.4729 
-2.93879 39.4181 
-3.02586 39.3636 
-3.11152 39.3092 
-3.19618 39.2548 
-3.28019 39.2 
-3.36391 39.1448 
-3.44768 39.0887 
-3.53186 39.0316 
-3.6168 38.9733 
-3.70286 38.9133 
-3.79041 38.8515 
-3.87986 38.7873 
-3.97163 38.7205 
-4.06618 38.6507 
-4.16399 38.5772 
-4.26562 38.4995 
-4.37165 38.417 
-4.48275 38.3288 
-4.59962 38.2342 
-4.72305 38.1319 
-4.85389 38.0208 
-4.99306 37.8993 
-5.14149 37.7659 
-5.30008 37.6183 
-5.4696 37.4543 
-5.6505 37.2712 
-5.8426 37.0661 
-6.04457 36.836 
-6.25315 36.5784 
-6.462 36.292 
-6.66021 35.9781 
-6.83094 35.643 
-6.95099 35.2998 
-6.99313 34.9699 
-6.9327 34.6808 
-6.75719 34.4594 
-6.47362 34.3226 
-6.10764 34.2713 
-5.69424 34.2928 
-5.26658 34.3671 
-4.84924 34.4744 
-4.45699 34.599 
-4.09664 34.7298 
-3.76978 34.8601 
-3.47507 34.9859 
-3.20974 35.1054 
-2.97052 35.2178 
-2.75418 35.323 
-2.55766 35.4215 
-2.37828 35.5136 
-2.21367 35.6001 
-2.06178 35.6814 
-1.92087 35.7581 
-1.78942 35.8308 
-1.66614 35.8999 
-1.54991 35.9659 
-1.43976 36.0293 
-1.33485 36.0903 
-1.23445 36.1493 
-1.1379 36.2067 
-1.04461 36.2626 
-0.954062 36.3174 
-0.865784 36.3713 
-0.779335 36.4245 
-0.694309 36.4773 
-0.610321 36.53 
-0.527004 36.5826 
-0.444002 36.6354 
-0.360965 36.6887 
-0.277542 36.7428 
-0.193377 36.7977 
-0.108104 36.8538 
-0.0213404 36.9114 
0.0673177 36.9708 
0.158304 37.0324 
0.252087 37.0964 
0.34918 37.1633 
0.450147 37.2336 
0.555617 37.3079 
0.66629 37.3867 
0.78295 37.4709 
0.906479 37.5612 
1.03786 37.6588 
1.1782 37.7647 
1.3287 37.8804 
1.49067 38.0075 
1.66546 38.148 
1.85438 38.304 
2.05848 38.4783 
2.27826 38.6735 
2.513 38.8925 
2.75988 39.1379 
3.01245 39.4111 
3.25865 39.7109 
3.47878 40.0321 
3.64452 40.3627 
3.72158 40.6831 
3.6781 40.9682 
>
8.06814 35.9688 
7.82598 36.148 
7.47999 36.2506 
7.06741 36.2822 
6.62709 36.2572 
6.18974 36.1928 
5.77485 36.104 
5.39222 36.0023 
5.04499 35.8956 
4.7324 35.7889 
4.45177 35.6848 
4.19968 35.585 
3.97259 35.4902 
3.76718 35.4004 
3.58046 35.3155 
3.40984 35.2352 
3.25305 35.1591 
3.10817 35.0869 
2.97356 35.0181 
2.84778 34.9524 
2.72964 34.8894 
2.61809 34.8288 
2.51222 34.7702 
2.41124 34.7133 
2.31446 34.6579 
2.22126 34.6037 
2.1311 34.5505 
2.04348 34.4981 
1.95795 34.4462 
1.8741 34.3946 
1.79153 34.3431 
1.70989 34.2915 
1.62882 34.2396 
1.54798 34.1872 
1.46703 34.134 
1.38564 34.0798 
1.30346 34.0244 
1.22014 33.9674 
1.13532 33.9085 
1.04859 33.8475 
0.959547 33.784 
0.867741 33.7174 
0.772681 33.6474 
0.673832 33.5734 
0.570605 33.4947 
0.462347 33.4106 
0.348341 33.3202 
0.227795 33.2224 
0.0998477 33.1162 
-0.0364266 33 
-0.181991 32.8722 
-0.337797 32.7307 
-0.504682 32.5734 
-0.683203 32.3975 
-0.87333 32.2003 
-1.07396 31.9787 
-1.28215 31.7303 
-1.492 31.4534 
-1.6932 31.1493 
-1.86962 30.8232 
-1.99884 30.4876 
-2.05427 30.1624 
-2.01143 29.8738 
-1.85729 29.6478 
-1.59762 29.5014 
-1.2564 29.4366 
-0.867053 29.4423 
-0.461688 29.5001 
-0.0643929 29.5914 
0.310177 29.7011 
0.655055 29.8186 
0.968394 29.9368 
1.25127 30.0521 
1.50619 30.1621 
1.73618 30.2662 
1.94431 30.364 
2.13344 30.4558 
2.30614 30.5419 
2.46466 30.6228 
2.61097 30.6991 
2.74673 30.7713 
2.87338 30.8397 
2.99219 30.9049 
3.1042 30.9672 
3.21036 31.0271 
3.31148 31.0848 
3.40826 31.1407 
3.50133 31.195 
3.59126 31.2481 
3.67854 31.3001 
3.76363 31.3513 
3.84697 31.4019 
3.92893 31.4522 
4.00988 31.5023 
4.09019 31.5524 
4.17019 31.6028 
4.25023 31.6536 
4.33063 31.7052 
4.41174 31.7576 
4.49392 31.8113 
4.57752 31.8664 
4.66295 31.9232 
4.75061 31.9821 
4.84096 32.0434 
4.93449 32.1075 
5.03175 32.1749 
5.13332 32.2462 
5.2399 32.3219 
5.35222 32.4028 
5.47115 32.4897 
5.59761 32.5835 
5.73266 32.6855 
5.87747 32.797 
6.03329 32.9197 
6.2014 33.0553 
6.38306 33.2061 
6.57928 33.3747 
6.79054 33.5638 
7.0162 33.7763 
7.2536 34.0146 
7.49669 34.2804 
7.73419 34.5727 
7.94766 34.8867 
8.11066 35.2111 
8.19126 35.5272 
8.15969 35.8107 
>
-142.334 46.0542 
-142.41 46.287 
-142.621 46.5054 
-142.937 46.6993 
-143.32 46.8636 
-143.734 46.9981 
-144.154 47.1054 
-144.562 47.1896 
-144.948 47.2551 
-145.308 47.3056 
-145.64 47.3444 
-145.945 47.3741 
-146.226 47.3967 
-146.485 47.4138 
-146.724 47.4264 
-146.946 47.4357 
-147.151 47.4422 
-147.344 47.4465 
-147.524 47.449 
-147.694 47.45 
-147.855 47.4498 
-148.009 47.4485 
-148.155 47.4464 
-148.296 47.4435 
-148.431 47.4398 
-148.563 47.4356 
-148.69 47.4308 
-148.815 47.4254 
-148.937 47.4194 
-149.058 47.413 
-149.177 47.406 
-149.296 47.3985 
-149.414 47.3904 
-149.532 47.3817 
-149.651 47.3723 
-149.772 47.3622 
-149.893 47.3514 
-150.018 47.3397 
-150.144 47.3271 
-150.275 47.3133 
-150.409 47.2984 
-150.548 47.2821 
-150.693 47.2642 
-150.844 47.2445 
-151.003 47.2226 
-151.17 47.1983 
-151.347 47.171 
-151.535 47.1403 
-151.736 47.1055 
-151.951 47.0658 
-152.183 47.0202 
-152.433 46.9675 
-152.703 46.9061 
-152.995 46.834 
-153.31 46.7492 
-153.648 46.6487 
-154.007 46.5295 
-154.379 46.3885 
-154.755 46.2229 
-155.113 46.0314 
-155.427 45.8154 
-155.663 45.5807 
-155.785 45.3379 
-155.772 45.1012 
-155.621 44.8846 
-155.351 44.6982 
-154.996 44.5462 
-154.593 44.4272 
-154.174 44.337 
-153.76 44.2701 
-153.366 44.2212 
-152.997 44.186 
-152.656 44.1608 
-152.344 44.1432 
-152.057 44.1311 
-151.794 44.1232 
-151.553 44.1184 
-151.33 44.1159 
-151.123 44.1152 
-150.931 44.1159 
-150.752 44.1177 
-150.584 44.1203 
-150.425 44.1236 
-150.275 44.1275 
-150.132 44.1318 
-149.995 44.1365 
-149.863 44.1415 
-149.736 44.1468 
-149.613 44.1525 
-149.494 44.1584 
-149.376 44.1646 
-149.261 44.171 
-149.148 44.1777 
-149.035 44.1848 
-148.924 44.1921 
-148.812 44.1998 
-148.7 44.2079 
-148.587 44.2164 
-148.473 44.2253 
-148.357 44.2348 
-148.239 44.2449 
-148.118 44.2556 
-147.994 44.2671 
-147.865 44.2795 
-147.732 44.2928 
-147.593 44.3073 
-147.448 44.3231 
-147.294 44.3405 
-147.133 44.3596 
-146.961 44.3809 
-146.778 44.4048 
-146.581 44.4316 
-146.37 44.4621 
-146.141 44.497 
-145.894 44.5373 
-145.625 44.5841 
-145.332 44.639 
-145.014 44.704 
-144.671 44.7813 
-144.302 44.8739 
-143.915 44.9851 
-143.52 45.1183 
-143.135 45.2765 
-142.79 45.4611 
-142.521 45.6703 
-142.363 45.898 
>
-122.843 58.3405 
-123.065 58.1011 
-123.103 57.8027 
-122.986 57.4725 
-122.762 57.1355 
-122.477 56.8102 
-122.164 56.5072 
-121.848 56.2309 
-121.541 55.982 
-121.251 55.759 
-120.98 55.5594 
-120.729 55.3803 
-120.497 55.219 
-120.283 55.0732 
-120.084 54.9406 
-119.899 54.8194 
-119.727 54.7079 
-119.565 54.6047 
-119.413 54.5088 
-119.27 54.4191 
-119.134 54.3348 
-119.004 54.255 
-118.879 54.1793 
-118.759 54.1069 
-118.643 54.0375 
-118.531 53.9705 
-118.421 53.9057 
-118.313 53.8426 
-118.208 53.781 
-118.103 53.7204 
-118 53.6608 
-117.896 53.6017 
-117.793 53.5429 
-117.689 53.4842 
-117.585 53.4254 
-117.479 53.3662 
-117.371 53.3063 
-117.26 53.2455 
-117.147 53.1834 
-117.03 53.1199 
-116.909 53.0546 
-116.783 52.9871 
-116.651 52.917 
-116.513 52.844 
-116.366 52.7676 
-116.211 52.6873 
-116.045 52.6025 
-115.867 52.5126 
-115.675 52.4168 
-115.466 52.3144 
-115.238 52.2047 
-114.989 52.0867 
-114.714 51.9597 
-114.409 51.8231 
-114.071 51.6768 
-113.695 51.5213 
-113.279 51.3588 
-112.82 51.1937 
-112.322 51.0341 
-111.793 50.8931 
-111.254 50.7898 
-110.736 50.7472 
-110.278 50.7875 
-109.92 50.9234 
-109.688 51.1512 
-109.588 51.4504 
-109.603 51.7914 
-109.705 52.1455 
-109.866 52.4912 
-110.061 52.8155 
-110.272 53.1126 
-110.487 53.381 
-110.699 53.6219 
-110.903 53.8379 
-111.097 54.0316 
-111.282 54.2061 
-111.456 54.3638 
-111.621 54.5072 
-111.777 54.6382 
-111.924 54.7586 
-112.065 54.8699 
-112.199 54.9733 
-112.327 55.0699 
-112.45 55.1606 
-112.568 55.2463 
-112.683 55.3277 
-112.794 55.4053 
-112.903 55.4796 
-113.01 55.5513 
-113.114 55.6205 
-113.218 55.6879 
-113.321 55.7536 
-113.423 55.818 
-113.525 55.8814 
-113.627 55.9441 
-113.731 56.0063 
-113.835 56.0684 
-113.941 56.1305 
-114.05 56.1929 
-114.161 56.256 
-114.275 56.3198 
-114.394 56.3848 
-114.517 56.4512 
-114.645 56.5193 
-114.78 56.5895 
-114.922 56.6621 
-115.073 56.7375 
-115.234 56.8161 
-115.406 56.8984 
-115.591 56.9849 
-115.792 57.0761 
-116.011 57.1726 
-116.251 57.2751 
-116.517 57.384 
-116.811 57.4999 
-117.139 57.6231 
-117.508 57.7535 
-117.921 57.8905 
-118.387 58.0323 
-118.909 58.1755 
-119.488 58.3139 
-120.12 58.4375 
-120.788 58.532 
-121.459 58.579 
-122.08 58.5588 
-122.591 58.4563 
>
34.7929 52.8614 
34.8338 52.6752 
34.9724 52.4949 
35.1903 52.327 
35.4639 52.1757 
35.7702 52.0426 
36.0898 51.9272 
36.409 51.8281 
36.7187 51.7433 
37.0136 51.6708 
37.2915 51.6086 
37.5516 51.555 
37.7943 51.5085 
38.0207 51.468 
38.2319 51.4325 
38.4296 51.4011 
38.6149 51.3732 
38.7894 51.3482 
38.9542 51.3258 
39.1104 51.3054 
39.259 51.2869 
39.4012 51.2699 
39.5375 51.2543 
39.6689 51.2399 
39.796 51.2265 
39.9195 51.2141 
40.04 51.2024 
40.1579 51.1914 
40.2739 51.1811 
40.3884 51.1713 
40.5018 51.162 
40.6147 51.1532 
40.7274 51.1448 
40.8405 51.1368 
40.9543 51.1292 
41.0693 51.1219 
41.1861 51.1149 
41.305 51.1082 
41.4267 51.1019 
41.5517 51.0959 
41.6806 51.0903 
41.8141 51.085 
41.9529 51.0802 
42.0979 51.0758 
42.2499 51.0721 
42.41 51.069 
42.5792 51.0668 
42.7589 51.0657 
42.9503 51.0658 
43.155 51.0676 
43.3746 51.0716 
43.6107 51.0783 
43.8648 51.0885 
44.1383 51.1034 
44.432 51.1244 
44.7457 51.1532 
45.0772 51.1923 
45.4219 51.2444 
45.7712 51.3129 
46.1116 51.4013 
46.4241 51.5125 
46.6857 51.6479 
46.8732 51.8066 
46.968 51.9842 
46.962 52.1732 
46.8599 52.3648 
46.6771 52.5504 
46.4349 52.7234 
46.1551 52.88 
45.8564 53.0188 
45.5531 53.14 
45.2546 53.2451 
44.9669 53.3358 
44.6932 53.4141 
44.4348 53.4819 
44.1919 53.5407 
43.9638 53.592 
43.7496 53.6369 
43.5482 53.6765 
43.3584 53.7116 
43.1791 53.7429 
43.009 53.7708 
42.8472 53.796 
42.6927 53.8188 
42.5446 53.8395 
42.4021 53.8584 
42.2644 53.8756 
42.1309 53.8915 
42.0009 53.9062 
41.8739 53.9198 
41.7492 53.9324 
41.6264 53.9441 
41.505 53.955 
41.3844 53.9651 
41.2643 53.9746 
41.1441 53.9834 
41.0234 53.9916 
40.9017 53.9993 
40.7786 54.0063 
40.6534 54.0128 
40.5258 54.0187 
40.395 54.024 
40.2606 54.0286 
40.1218 54.0326 
39.978 54.0358 
39.8283 54.0381 
39.6719 54.0394 
39.5077 54.0395 
39.3348 54.0383 
39.152 54.0355 
38.9579 54.0307 
38.7512 54.0235 
38.5303 54.0133 
38.2937 53.9995 
38.0399 53.9812 
37.7676 53.9571 
37.4757 53.9259 
37.1643 53.8858 
36.8346 53.8345 
36.4902 53.7697 
36.138 53.6885 
35.7895 53.5883 
35.4612 53.4671 
35.1751 53.3244 
34.9552 53.1619 
34.8238 52.9842 
>
-134.042 35.3593 
-133.735 35.5485 
-133.494 35.7632 
-133.355 35.9966 
-133.33 36.1563 
-133.401 36.3937 
-133.592 36.6154 
-133.875 36.8111 
-134.216 36.9763 
-134.583 37.111 
-134.953 37.2182 
-135.311 37.3024 
-135.649 37.3679 
-135.963 37.4186 
-136.252 37.4578 
-136.518 37.488 
-136.762 37.5113 
-136.986 37.5291 
-137.193 37.5426 
-137.385 37.5527 
-137.563 37.5602 
-137.729 37.5654 
-137.885 37.5689 
-138.032 37.571 
-138.171 37.5718 
-138.304 37.5716 
-138.43 37.5705 
-138.503 37.5867 
-138.238 37.7142 
-137.988 37.8614 
-137.772 38.0278 
-137.61 38.2109 
-137.521 38.4048 
-137.51 38.5355 
-137.568 38.7284 
-137.71 38.9086 
-137.92 39.0694 
-138.176 39.2073 
-138.458 39.322 
-138.75 39.4152 
-139.038 39.4896 
-139.315 39.5483 
-139.578 39.5943 
-139.824 39.63 
-140.053 39.6577 
-140.265 39.679 
-140.463 39.6951 
-140.647 39.7073 
-140.818 39.7161 
-140.978 39.7224 
-141.129 39.7266 
-141.27 39.729 
-141.404 39.73 
-141.531 39.7298 
-141.653 39.7286 
-141.769 39.7265 
-141.881 39.7236 
-141.988 39.72 
-142.093 39.7158 
-142.195 39.711 
-142.295 39.7057 
-142.392 39.6998 
-142.489 39.6934 
-142.584 39.6865 
-142.679 39.679 
-142.774 39.671 
-142.868 39.6623 
-142.963 39.653 
-143.059 39.6431 
-143.157 39.6323 
-143.256 39.6208 
-143.357 39.6083 
-143.46 39.5947 
-143.567 39.58 
-143.677 39.5639 
-143.792 39.5463 
-143.911 39.527 
-144.036 39.5056 
-144.167 39.4819 
-144.306 39.4554 
-144.452 39.4257 
-144.607 39.3922 
-144.773 39.3542 
-144.95 39.3108 
-145.14 39.261 
-145.342 39.2034 
-145.559 39.1367 
-145.79 39.0589 
-146.034 38.968 
-146.288 38.8618 
-146.546 38.7383 
-146.801 38.5958 
-147.038 38.4337 
-147.241 38.2537 
-147.39 38.06 
-147.465 37.8599 
-147.455 37.663 
-147.358 37.4788 
-147.184 37.3149 
-146.951 37.1754 
-146.682 37.0611 
-146.395 36.9701 
-146.104 36.8991 
-145.822 36.8445 
-145.552 36.8031 
-145.299 36.7719 
-145.063 36.7487 
-144.845 36.7316 
-144.642 36.7192 
-144.454 36.7105 
-144.279 36.7047 
-144.117 36.7011 
-143.964 36.6994 
-143.822 36.699 
-143.687 36.6998 
-143.877 36.6063 
-144.217 36.4476 
-144.545 36.2622 
-144.837 36.0505 
-145.06 35.8174 
-145.183 35.5728 
-145.184 35.3307 
-145.059 35.1056 
-144.825 34.9088 
-144.513 34.7454 
-144.157 34.6154 
-144.244 34.5267 
-144.532 34.3143 
-144.753 34.0803 
-144.876 33.8345 
-144.878 33.591 
-144.754 33.3645 
-144.926 33.1028 
-145.068 32.8394 
-145.073 32.5783 
-144.937 32.3367 
-144.68 32.1272 
-144.338 31.9556 
-143.952 31.821 
-143.552 31.7184 
-143.162 31.6418 
-142.792 31.5853 
-142.45 31.5438 
-142.136 31.5136 
-141.85 31.4917 
-141.589 31.476 
-141.35 31.4649 
-141.132 31.4573 
-140.931 31.4524 
-140.746 31.4495 
-140.574 31.4482 
-140.414 31.4482 
-140.264 31.4491 
-140.122 31.4509 
-139.989 31.4533 
-139.861 31.4562 
-139.74 31.4596 
-139.623 31.4634 
-139.511 31.4676 
-139.401 31.4722 
-139.295 31.477 
-139.192 31.4821 
-139.09 31.4876 
-138.989 31.4933 
-138.89 31.4994 
-138.791 31.5058 
-138.692 31.5126 
-138.593 31.5198 
-138.493 31.5274 
-138.392 31.5354 
-138.29 31.544 
-138.185 31.5532 
-138.078 31.563 
-137.968 31.5736 
-137.854 31.5851 
-137.735 31.5975 
-137.612 31.6111 
-137.482 31.626 
-137.346 31.6424 
-137.201 31.6607 
-137.048 31.6811 
-136.884 31.704 
-136.707 31.73 
-136.517 31.7598 
-136.311 31.794 
-136.087 31.8338 
-135.842 31.8804 
-135.574 31.9356 
-135.281 32.0014 
-134.961 32.0806 
-134.617 32.1765 
-134.25 32.2929 
-133.872 32.434 
-133.5 32.6038 
-133.162 32.8043 
-132.895 33.0336 
-132.739 33.2844 
-132.711 33.4564 
-132.791 33.7118 
-133.003 33.9489 
-133.232 34.2771 
-133.208 34.4378 
-133.28 34.6762 
-133.47 34.8982 
-133.75 35.0937 
-134.088 35.2581 
>
-91.9489 38.764 
-92.0676 38.9295 
-92.2565 39.0668 
-92.4996 39.1731 
-92.7774 39.2494 
-93.0716 39.2992 
-93.3676 39.3274 
-93.6553 39.3387 
-93.9288 39.3375 
-94.185 39.3273 
-94.4231 39.3108 
-94.6432 39.2901 
-94.8466 39.2665 
-95.0344 39.2412 
-95.2084 39.2148 
-95.3698 39.1878 
-95.5203 39.1606 
-95.6609 39.1334 
-95.7929 39.1063 
-95.9174 39.0794 
-96.0352 39.0528 
-96.1473 39.0263 
-96.2543 39.0001 
-96.3569 38.974 
-96.4557 38.9481 
-96.5513 38.9222 
-96.6441 38.8963 
-96.7346 38.8704 
-96.8233 38.8443 
-96.9104 38.8181 
-96.9963 38.7915 
-97.0815 38.7645 
-97.1662 38.737 
-97.2508 38.709 
-97.3355 38.6802 
-97.4209 38.6505 
-97.507 38.6199 
-97.5944 38.5881 
-97.6834 38.555 
-97.7743 38.5204 
-97.8676 38.484 
-97.9636 38.4456 
-98.0628 38.4049 
-98.1658 38.3615 
-98.2731 38.315 
-98.3852 38.265 
-98.5027 38.211 
-98.6264 38.1523 
-98.7568 38.0881 
-98.8948 38.0176 
-99.0408 37.9397 
-99.1955 37.8534 
-99.3592 37.7572 
-99.5318 37.6497 
-99.7126 37.5292 
-99.8998 37.3943 
-100.09 37.2435 
-100.278 37.0762 
-100.455 36.8927 
-100.609 36.6955 
-100.727 36.4893 
-100.792 36.2819 
-100.793 36.0833 
-100.72 35.9041 
-100.576 35.753 
-100.372 35.6349 
-100.124 35.5503 
-99.8495 35.4958 
-99.5655 35.4664 
-99.2837 35.4564 
-99.0122 35.4606 
-98.7557 35.4748 
-98.5161 35.4956 
-98.2939 35.5207 
-98.0885 35.5485 
-97.8987 35.5777 
-97.7231 35.6075 
-97.5604 35.6376 
-97.409 35.6674 
-97.2678 35.6969 
-97.1355 35.7259 
-97.0111 35.7544 
-96.8935 35.7823 
-96.782 35.8098 
-96.6757 35.8368 
-96.574 35.8633 
-96.4763 35.8895 
-96.382 35.9155 
-96.2906 35.9412 
-96.2016 35.9668 
-96.1147 35.9923 
-96.0294 36.0179 
-95.9454 36.0436 
-95.8624 36.0694 
-95.7799 36.0956 
-95.6976 36.1222 
-95.6154 36.1493 
-95.5327 36.177 
-95.4493 36.2054 
-95.3648 36.2348 
-95.279 36.2651 
-95.1914 36.2967 
-95.1016 36.3296 
-95.0093 36.3641 
-94.9139 36.4005 
-94.815 36.439 
-94.7121 36.4799 
-94.6045 36.5237 
-94.4917 36.5707 
-94.3729 36.6214 
-94.2474 36.6765 
-94.1145 36.7367 
-93.9732 36.8027 
-93.8228 36.8755 
-93.6625 36.9562 
-93.4919 37.046 
-93.3107 37.1465 
-93.1195 37.2592 
-92.9198 37.3856 
-92.7149 37.5271 
-92.5104 37.6847 
-92.3152 37.8582 
-92.1417 38.0461 
-92.0058 38.2442 
-91.9247 38.4457 
-91.9133 38.6418 
>
82.7517 55.7434 
82.7411 55.5244 
82.8697 55.2988 
83.1102 55.0779 
83.4272 54.8705 
83.7867 54.6814 
84.1618 54.5122 
84.5339 54.3627 
84.8919 54.2313 
85.23 54.1158 
85.5458 54.0141 
85.8391 53.9243 
86.1111 53.8445 
86.3631 53.7733 
86.5973 53.7093 
86.8153 53.6514 
87.019 53.5987 
87.2102 53.5505 
87.3902 53.5061 
87.5604 53.4649 
87.7222 53.4266 
87.8765 53.3907 
88.0244 53.3569 
88.1668 53.3249 
88.3044 53.2945 
88.4379 53.2654 
88.5682 53.2375 
88.6956 53.2105 
88.8209 53.1845 
88.9446 53.1591 
89.0672 53.1343 
89.1892 53.1101 
89.311 53.0861 
89.4333 53.0625 
89.5566 53.0391 
89.6812 53.0157 
89.8078 52.9924 
89.9369 52.969 
90.0692 52.9454 
90.2053 52.9216 
90.3459 52.8975 
90.4918 52.873 
90.6439 52.848 
90.8032 52.8225 
90.9707 52.7963 
91.1477 52.7695 
91.3357 52.7419 
91.5361 52.7136 
91.7509 52.6845 
91.982 52.6547 
92.2317 52.6243 
92.5025 52.5936 
92.797 52.5631 
93.1177 52.5336 
93.467 52.5062 
93.8464 52.4829 
94.2555 52.4662 
94.6911 52.4603 
95.1452 52.4704 
95.6028 52.5035 
96.0408 52.5674 
96.4285 52.6692 
96.7318 52.8133 
96.9214 52.9983 
96.9824 53.2164 
96.9181 53.4544 
96.7484 53.6978 
96.5016 53.9339 
96.2065 54.1544 
95.8874 54.3548 
95.5618 54.5337 
95.2414 54.6921 
94.933 54.8316 
94.6403 54.9545 
94.3644 55.063 
94.1055 55.1592 
93.8628 55.2448 
93.6352 55.3214 
93.3631 55.4134 
93.1349 55.493 
92.9199 55.5643 
92.7173 55.6285 
92.5259 55.6867 
92.3445 55.7397 
92.1722 55.7883 
92.0078 55.833 
91.8506 55.8744 
91.6995 55.9129 
91.5538 55.949 
91.4128 55.9828 
91.2758 56.0147 
91.1422 56.045 
91.0113 56.0739 
90.8826 56.1014 
90.7555 56.1279 
90.6297 56.1534 
90.5044 56.178 
90.3794 56.202 
90.254 56.2253 
90.1279 56.248 
90.0003 56.2703 
89.871 56.2923 
89.7392 56.3139 
89.6045 56.3352 
89.4661 56.3563 
89.3234 56.3772 
89.1757 56.398 
89.022 56.4187 
88.8616 56.4392 
88.6933 56.4596 
88.516 56.4798 
88.3285 56.4998 
88.1292 56.5194 
87.9165 56.5384 
87.6887 56.5566 
87.4438 56.5737 
87.1795 56.589 
86.8937 56.602 
86.5841 56.6116 
86.2489 56.6165 
85.8867 56.6147 
85.4978 56.604 
85.0848 56.5812 
84.654 56.5424 
84.2174 56.4833 
83.7937 56.3994 
83.4088 56.2873 
83.0935 56.1454 
82.8775 55.9762 
82.7996 55.8516 
>
27.0316 -44.9308 
26.7426 -45.0788 
26.5273 -45.3141 
26.3861 -45.6105 
26.3095 -45.9389 
26.2838 -46.2747 
26.2949 -46.601 
26.3308 -46.9081 
26.3825 -47.1916 
26.4437 -47.4506 
26.5098 -47.6861 
26.578 -47.9 
26.6465 -48.0946 
26.7143 -48.2721 
26.7806 -48.4346 
26.8452 -48.5842 
26.908 -48.7225 
26.9688 -48.8509 
27.0279 -48.9709 
27.0854 -49.0835 
27.1413 -49.1897 
27.1958 -49.2904 
27.2493 -49.3863 
27.3017 -49.4781 
27.3534 -49.5664 
27.4044 -49.6517 
27.455 -49.7345 
27.5054 -49.8151 
27.5557 -49.8941 
27.6061 -49.9717 
27.6569 -50.0484 
27.7081 -50.1243 
27.7601 -50.2 
27.813 -50.2756 
27.8671 -50.3515 
27.9227 -50.428 
27.9799 -50.5055 
28.0392 -50.5842 
28.1009 -50.6646 
28.1654 -50.747 
28.2331 -50.8318 
28.3045 -50.9195 
28.3803 -51.0105 
28.4611 -51.1055 
28.5478 -51.2049 
28.6413 -51.3096 
28.7427 -51.4202 
28.8535 -51.5375 
28.9751 -51.6626 
29.1097 -51.7963 
29.2595 -51.9398 
29.4275 -52.0943 
29.6169 -52.2607 
29.8318 -52.4399 
30.0769 -52.6322 
30.3573 -52.8373 
30.6783 -53.0529 
31.0441 -53.2741 
31.4566 -53.4922 
31.9123 -53.6928 
32.3989 -53.8557 
32.8923 -53.9565 
33.3578 -53.9717 
33.7574 -53.8873 
34.0615 -53.7056 
34.2587 -53.4449 
34.3566 -53.1333 
34.3752 -52.7991 
34.3372 -52.4644 
34.2631 -52.1438 
34.1683 -51.845 
34.0633 -51.5708 
33.9549 -51.3214 
33.8472 -51.0952 
33.7426 -50.8901 
33.6421 -50.7037 
33.5462 -50.5337 
33.4551 -50.378 
33.3685 -50.2348 
33.2862 -50.1023 
33.2079 -49.9791 
33.133 -49.864 
33.0614 -49.7559 
32.9925 -49.6538 
32.9261 -49.557 
32.8618 -49.4647 
32.7994 -49.3762 
32.7385 -49.2911 
32.6789 -49.2088 
32.6203 -49.1289 
32.5625 -49.0509 
32.5052 -48.9745 
32.4482 -48.8994 
32.3914 -48.8251 
32.3343 -48.7514 
32.2769 -48.6779 
32.2188 -48.6044 
32.1599 -48.5305 
32.0998 -48.456 
32.0383 -48.3805 
31.9751 -48.3036 
31.9098 -48.225 
31.842 -48.1444 
31.7714 -48.0613 
31.6974 -47.9753 
31.6195 -47.8858 
31.5371 -47.7924 
31.4495 -47.6943 
31.3557 -47.591 
31.255 -47.4816 
31.146 -47.3653 
31.0275 -47.2411 
30.8978 -47.108 
30.755 -46.9647 
30.5969 -46.8102 
30.4209 -46.6432 
30.2239 -46.4628 
30.0027 -46.2685 
29.7536 -46.0606 
29.4734 -45.8411 
29.1596 -45.6149 
28.8121 -45.391 
28.4345 -45.1839 
28.037 -45.0144 
27.637 -44.908 
27.2584 -44.8883 
>
24.0558 43.6204 
23.8905 43.8992 
23.5333 44.137 
23.0407 44.3242 
22.4775 44.4612 
21.8972 44.555 
21.3348 44.6148 
20.8092 44.6495 
20.3279 44.6664 
19.8915 44.6708 
19.4977 44.6668 
19.1421 44.657 
18.8205 44.6434 
18.5284 44.6273 
18.2618 44.6095 
18.0174 44.5908 
17.792 44.5714 
17.583 44.5517 
17.3882 44.5318 
17.2056 44.5118 
17.0335 44.4919 
16.8705 44.4719 
16.7153 44.452 
16.5669 44.4322 
16.4241 44.4123 
16.2863 44.3923 
16.1525 44.3723 
16.0221 44.3521 
15.8944 44.3317 
15.7689 44.3111 
15.6448 44.2901 
15.5217 44.2687 
15.3991 44.2469 
15.2765 44.2244 
15.1532 44.2012 
15.0288 44.1772 
14.9026 44.1523 
14.7743 44.1262 
14.643 44.0989 
14.5082 44.0702 
14.3691 44.0397 
14.225 44.0074 
14.075 43.9727 
13.918 43.9354 
13.753 43.8951 
13.5787 43.8512 
13.3938 43.8031 
13.1965 43.75 
12.985 43.6911 
12.7572 43.6251 
12.5107 43.5508 
12.243 43.4662 
11.9512 43.3694 
11.6326 43.2576 
11.2847 43.1276 
10.906 42.9757 
10.4975 42.7973 
10.0643 42.5882 
9.6188 42.3445 
9.18444 42.0652 
8.79893 41.7547 
8.5131 41.4255 
8.38086 41.0995 
8.43978 40.8037 
8.69218 40.5612 
9.1021 40.3828 
9.61179 40.2658 
10.1638 40.1992 
10.715 40.1691 
11.2391 40.1637 
11.7234 40.1739 
12.1641 40.1934 
12.5622 40.2182 
12.9211 40.2458 
13.245 40.2744 
13.5383 40.3031 
13.8049 40.3315 
14.0486 40.3592 
14.2725 40.386 
14.4794 40.412 
14.6715 40.4371 
14.8511 40.4613 
15.0197 40.4848 
15.1789 40.5076 
15.33 40.5298 
15.4742 40.5515 
15.6124 40.5727 
15.7456 40.5936 
15.8744 40.6141 
15.9997 40.6345 
16.1221 40.6547 
16.2422 40.6748 
16.3606 40.695 
16.4777 40.7153 
16.5942 40.7357 
16.7105 40.7564 
16.8271 40.7775 
16.9446 40.799 
17.0634 40.8211 
17.1841 40.8439 
17.3073 40.8675 
17.4336 40.892 
17.5636 40.9176 
17.6981 40.9445 
17.8379 40.973 
17.9839 41.0031 
18.1371 41.0354 
18.2987 41.07 
18.4701 41.1074 
18.6527 41.148 
18.8484 41.1926 
19.0592 41.2417 
19.2874 41.2963 
19.5358 41.3575 
19.8073 41.4266 
20.1055 41.5053 
20.4338 41.5956 
20.7957 41.7003 
21.1938 41.8225 
21.6286 41.9659 
22.0963 42.1347 
22.5855 42.3331 
23.0724 42.5641 
23.5167 42.8277 
23.8619 43.1181 
24.0461 43.4216 
>
19.75 30.9457 
19.6432 31.1453 
19.449 31.3155 
19.1885 31.4516 
18.887 31.5541 
18.5677 31.6265 
18.2484 31.6744 
17.9403 31.7031 
17.65 31.7176 
17.3801 31.7217 
17.1311 31.7184 
16.9023 31.7098 
16.692 31.6976 
16.4985 31.6829 
16.32 31.6665 
16.1548 31.649 
16.0012 31.6308 
15.8579 31.6121 
15.7235 31.5932 
15.5969 31.5741 
15.4772 31.5549 
15.3634 31.5356 
15.2547 31.5164 
15.1505 31.497 
15.0501 31.4777 
14.953 31.4583 
14.8586 31.4387 
14.7666 31.419 
14.6763 31.3991 
14.5875 31.3789 
14.4998 31.3583 
14.4128 31.3374 
14.3261 31.3159 
14.2394 31.2939 
14.1524 31.2712 
14.0646 31.2478 
13.9758 31.2234 
13.8855 31.198 
13.7934 31.1714 
13.699 31.1435 
13.6018 31.1139 
13.5014 31.0826 
13.3972 31.0491 
13.2887 31.0133 
13.1752 30.9747 
13.0559 30.9328 
12.9301 30.8872 
12.7968 30.8372 
12.6552 30.7821 
12.5041 30.721 
12.3426 30.6527 
12.1695 30.5761 
11.9838 30.4895 
11.785 30.3911 
11.5728 30.279 
11.3481 30.1509 
11.1136 30.0044 
10.8743 29.8376 
10.6391 29.6496 
10.4218 29.4412 
10.2407 29.2163 
10.1175 28.9827 
10.0726 28.7521 
10.1186 28.5379 
10.2559 28.352 
10.471 28.2019 
10.742 28.0892 
11.0445 28.0107 
11.3578 27.9606 
11.6668 27.9325 
11.962 27.9206 
12.2387 27.9201 
12.495 27.9275 
12.731 27.9402 
12.9478 27.9563 
13.1469 27.9747 
13.3302 27.9944 
13.4995 28.0149 
13.6563 28.0357 
13.8023 28.0566 
13.9387 28.0775 
14.0667 28.0982 
14.1875 28.1187 
14.3019 28.1391 
14.4108 28.1592 
14.5149 28.1791 
14.615 28.1989 
14.7115 28.2186 
14.805 28.2382 
14.8959 28.2578 
14.9849 28.2774 
15.0721 28.2972 
15.1581 28.3171 
15.2432 28.3373 
15.3277 28.3578 
15.4121 28.3786 
15.4965 28.4 
15.5815 28.4219 
15.6673 28.4445 
15.7543 28.4679 
15.8429 28.4922 
15.9335 28.5176 
16.0265 28.5442 
16.1224 28.5723 
16.2217 28.602 
16.3249 28.6336 
16.4328 28.6674 
16.5458 28.7037 
16.6649 28.743 
16.7909 28.7857 
16.9247 28.8324 
17.0674 28.8838 
17.2201 28.9408 
17.384 29.0043 
17.5603 29.0756 
17.7502 29.1561 
17.9546 29.2474 
18.1738 29.3515 
18.4072 29.4707 
18.6523 29.6072 
18.9039 29.763 
19.1528 29.9395 
19.3845 30.1364 
19.5794 30.3507 
19.7143 30.5758 
19.7672 30.8016 
>
