167.84 -26.1704 
167.884 -26.1581 
167.929 -26.1443 
167.973 -26.1289 
168.016 -26.1118 
168.058 -26.0931 
168.1 -26.0728 
168.141 -26.0508 
168.182 -26.0271 
168.221 -26.0017 
168.251 -25.9808 
168.291 -25.9571 
168.331 -25.9317 
168.369 -25.9046 
168.406 -25.8758 
168.442 -25.8453 
168.477 -25.813 
168.51 -25.7791 
168.541 -25.7435 
168.57 -25.7063 
168.597 -25.6675 
168.623 -25.6271 
168.645 -25.5854 
168.665 -25.5424 
168.683 -25.4981 
168.697 -25.4529 
168.709 -25.4067 
168.717 -25.3599 
168.722 -25.3125 
168.724 -25.2648 
168.723 -25.2171 
168.717 -25.1695 
168.715 -25.1299 
168.72 -25.0825 
168.722 -25.0349 
168.721 -24.9871 
168.716 -24.9396 
168.707 -24.8924 
168.695 -24.8458 
168.68 -24.8 
168.662 -24.7552 
168.641 -24.7117 
168.616 -24.6696 
168.589 -24.629 
168.56 -24.5902 
168.528 -24.5531 
168.494 -24.518 
168.457 -24.4849 
168.42 -24.4538 
168.38 -24.4248 
168.339 -24.3979 
168.298 -24.3731 
168.255 -24.3504 
168.211 -24.3297 
168.166 -24.3111 
168.121 -24.2946 
168.075 -24.2799 
168.03 -24.2672 
167.983 -24.2564 
167.937 -24.2475 
167.891 -24.2403 
167.844 -24.2349 
167.798 -24.2312 
167.751 -24.2292 
167.705 -24.2288 
167.659 -24.2301 
167.613 -24.233 
167.567 -24.2374 
167.522 -24.2435 
167.477 -24.2511 
167.432 -24.2603 
167.387 -24.271 
167.343 -24.2834 
167.296 -24.2711 
167.251 -24.2546 
167.205 -24.2399 
167.159 -24.2272 
167.113 -24.2164 
167.067 -24.2075 
167.02 -24.2003 
166.974 -24.1949 
166.928 -24.1912 
166.881 -24.1892 
166.835 -24.1888 
166.789 -24.1901 
166.743 -24.193 
166.697 -24.1974 
166.652 -24.2035 
166.607 -24.2111 
166.562 -24.2203 
166.517 -24.231 
166.473 -24.2434 
166.43 -24.2572 
166.387 -24.2727 
166.344 -24.2898 
166.302 -24.3085 
166.26 -24.3288 
166.22 -24.3508 
166.18 -24.3745 
166.141 -24.3998 
166.103 -24.4268 
166.066 -24.4556 
166.03 -24.486 
165.996 -24.5182 
165.963 -24.552 
165.932 -24.5876 
165.903 -24.6247 
165.876 -24.6634 
165.851 -24.7037 
165.828 -24.7453 
165.808 -24.7883 
165.79 -24.8325 
165.775 -24.8778 
165.77 -24.8875 
165.741 -24.9247 
165.714 -24.9634 
165.688 -25.0036 
165.665 -25.0453 
165.645 -25.0883 
165.628 -25.1325 
165.613 -25.1777 
165.601 -25.2238 
165.592 -25.2707 
165.587 -25.318 
165.585 -25.3657 
165.586 -25.4134 
165.591 -25.461 
165.596 -25.4925 
165.607 -25.5393 
165.621 -25.5855 
165.638 -25.6306 
165.658 -25.6746 
165.681 -25.7173 
165.707 -25.7585 
165.736 -25.798 
165.768 -25.8357 
165.801 -25.8715 
165.837 -25.9054 
165.875 -25.9372 
165.914 -25.967 
165.955 -25.9946 
165.997 -26.0201 
166.04 -26.0436 
166.084 -26.0649 
166.129 -26.0841 
166.174 -26.1014 
166.221 -26.1166 
166.267 -26.1298 
166.314 -26.1412 
166.361 -26.1506 
166.408 -26.1583 
166.455 -26.1641 
166.502 -26.1682 
166.55 -26.1706 
166.597 -26.1712 
166.643 -26.1702 
166.69 -26.1676 
166.737 -26.1634 
166.783 -26.1575 
166.829 -26.15 
166.874 -26.141 
166.939 -26.1541 
166.984 -26.1714 
167.03 -26.1866 
167.077 -26.1998 
167.124 -26.2112 
167.171 -26.2206 
167.218 -26.2283 
167.265 -26.2341 
167.312 -26.2382 
167.36 -26.2406 
167.407 -26.2412 
167.454 -26.2402 
167.5 -26.2376 
167.547 -26.2334 
167.593 -26.2275 
167.639 -26.22 
167.684 -26.211 
167.73 -26.2004 
167.774 -26.1881 
>
