-53.0981 31.7944 
-53.2048 31.7968 
-53.2437 31.6439 
-53.1648 31.3809 
-53.0408 31.1109 
-52.9179 30.8806 
-52.8117 30.6959 
-52.7234 30.5494 
-52.6506 30.4323 
-52.5902 30.3372 
-52.5394 30.2587 
-52.4962 30.1928 
-52.459 30.1366 
-52.4266 30.088 
-52.3979 30.0455 
-52.3723 30.0078 
-52.3493 29.9741 
-52.3284 29.9436 
-52.3092 29.9157 
-52.2915 29.8901 
-52.2751 29.8664 
-52.2596 29.8443 
-52.2451 29.8234 
-52.2312 29.8038 
-52.2181 29.785 
-52.2054 29.7671 
-52.1932 29.7498 
-52.1813 29.7331 
-52.1698 29.7168 
-52.1584 29.7009 
-52.1473 29.6853 
-52.1362 29.6699 
-52.1252 29.6545 
-52.1142 29.6393 
-52.1032 29.624 
-52.092 29.6085 
-52.0807 29.5929 
-52.0692 29.5771 
-52.0574 29.5609 
-52.0452 29.5442 
-52.0326 29.527 
-52.0195 29.5092 
-52.0058 29.4905 
-51.9913 29.471 
-51.976 29.4503 
-51.9597 29.4283 
-51.9422 29.4048 
-51.9232 29.3795 
-51.9026 29.352 
-51.8798 29.3219 
-51.8546 29.2886 
-51.8263 29.2515 
-51.7942 29.2097 
-51.7574 29.1621 
-51.7145 29.1073 
-51.664 29.0431 
-51.6033 28.9671 
-51.5292 28.8758 
-51.4369 28.7643 
-51.3201 28.6271 
-51.1705 28.4586 
-50.9806 28.2581 
-50.7531 28.0451 
-50.6673 27.9621 
-50.6046 27.8787 
-50.5286 27.7786 
-50.4346 27.6558 
-50.3156 27.5023 
-50.1608 27.3061 
-49.9546 27.0512 
-49.6766 26.7216 
-49.3143 26.3248 
-48.9162 25.9681 
-48.6613 25.9114 
-48.6912 26.2604 
-48.8921 26.7607 
-49.1131 27.2014 
-49.2999 27.54 
-49.4481 27.7944 
-49.5651 27.9881 
-49.6585 28.1391 
-49.7346 28.2598 
-49.7976 28.3583 
-49.8507 28.4404 
-49.8962 28.51 
-49.9357 28.57 
-49.9704 28.6223 
-50.0013 28.6687 
-50.0291 28.7101 
-50.0544 28.7476 
-50.0775 28.7817 
-50.0988 28.8131 
-50.1186 28.8422 
-50.1372 28.8693 
-50.1548 28.8949 
-50.1714 28.919 
-50.1873 28.942 
-50.2025 28.9641 
-50.2173 28.9853 
-50.2316 29.0058 
-50.2455 29.0258 
-50.2592 29.0454 
-50.2727 29.0647 
-50.2861 29.0837 
-50.2994 29.1026 
-50.3127 29.1215 
-50.3261 29.1404 
-50.3396 29.1595 
-50.3533 29.1789 
-50.3674 29.1985 
-50.3817 29.2187 
-50.3966 29.2394 
-50.4119 29.2608 
-50.4279 29.2831 
-50.4447 29.3064 
-50.4625 29.3309 
-50.4813 29.3569 
-50.5014 29.3845 
-50.5231 29.4142 
-50.5466 29.4463 
-50.5723 29.4812 
-50.6007 29.5197 
-50.6323 29.5623 
-50.668 29.6101 
-50.7088 29.6643 
-50.7559 29.7266 
-50.8112 29.7991 
-50.8773 29.8849 
-50.9579 29.9882 
-51.0585 30.115 
-51.187 30.274 
-51.3561 30.4776 
-51.584 30.7417 
-51.8943 31.0801 
-52.2973 31.4745 
-52.7195 31.791 
-52.9031 31.8257 
>
-51.3703 32.7757 
-51.4474 32.7671 
-51.4849 32.6634 
-51.4409 32.4899 
-51.4286 32.4292 
-51.5799 32.5272 
-51.7176 32.5785 
-51.7827 32.5694 
-51.8225 32.4851 
-51.7989 32.3439 
-51.7397 32.1878 
-51.6696 32.0433 
-51.602 31.9197 
-51.5414 31.8169 
-51.4888 31.7318 
-51.4435 31.6611 
-51.4044 31.6016 
-51.3704 31.5509 
-51.3406 31.5074 
-51.3143 31.4694 
-51.2909 31.436 
-51.2698 31.4062 
-51.2507 31.3794 
-51.2332 31.3552 
-51.2171 31.333 
-51.2022 31.3126 
-51.1882 31.2936 
-51.1751 31.2759 
-51.1627 31.2592 
-51.1509 31.2434 
-51.1396 31.2284 
-51.1288 31.214 
-51.1183 31.2001 
-51.1081 31.1867 
-51.0981 31.1736 
-51.0883 31.1608 
-51.0787 31.1483 
-51.0691 31.1359 
-51.0596 31.1236 
-51.0501 31.1113 
-51.0405 31.0991 
-51.0308 31.0867 
-51.021 31.0742 
-51.011 31.0615 
-51.0007 31.0485 
-50.9902 31.0352 
-50.9792 31.0215 
-50.9678 31.0073 
-50.9559 30.9925 
-50.9433 30.977 
-50.9301 30.9606 
-50.9159 30.9432 
-50.9007 30.9247 
-50.8842 30.9047 
-50.8663 30.8832 
-50.8467 30.8597 
-50.8249 30.8339 
-50.8006 30.8053 
-50.7731 30.7733 
-50.7417 30.7371 
-50.7055 30.696 
-50.6631 30.6485 
-50.6129 30.5934 
-50.5526 30.5287 
-50.4792 30.4525 
-50.3893 30.3629 
-50.2795 30.26 
-50.1487 30.1486 
-50.0035 30.0449 
-49.8658 29.9811 
-49.6986 29.7733 
-49.5689 29.5798 
-49.4661 29.4276 
-49.3827 29.3047 
-49.3134 29.2032 
-49.2549 29.1177 
-49.2046 29.0444 
-49.1608 28.9807 
-49.122 28.9245 
-49.0874 28.8745 
-49.0562 28.8294 
-49.0278 28.7883 
-49.0016 28.7507 
-48.9774 28.7158 
-48.9548 28.6833 
-48.9335 28.6528 
-48.9134 28.624 
-48.8943 28.5966 
-48.876 28.5703 
-48.8583 28.5451 
-48.8412 28.5207 
-48.8246 28.4969 
-48.8083 28.4737 
-48.7923 28.4509 
-48.7764 28.4283 
-48.7607 28.4059 
-48.745 28.3836 
-48.7292 28.3612 
-48.7133 28.3386 
-48.6972 28.3157 
-48.6808 28.2925 
-48.664 28.2687 
-48.6467 28.2442 
-48.6288 28.2189 
-48.6102 28.1926 
-48.5907 28.1652 
-48.5702 28.1362 
-48.5484 28.1056 
-48.5253 28.073 
-48.5004 28.038 
-48.4734 28.0002 
-48.444 27.959 
-48.4115 27.9136 
-48.3755 27.8632 
-48.3349 27.8067 
-48.2888 27.7426 
-48.2356 27.6687 
-48.1733 27.5825 
-48.0989 27.4801 
-48.0085 27.3561 
-47.8959 27.2024 
-47.7516 27.0071 
-47.5609 26.7514 
-47.2997 26.407 
-46.9317 25.9343 
-46.4166 25.3071 
-45.7974 24.6538 
-45.4017 24.4962 
-45.5258 25.1068 
-45.8923 25.9144 
-46.2338 26.5564 
-46.4967 27.0162 
-46.6939 27.3471 
-46.8443 27.5923 
-46.9617 27.7802 
-47.0558 27.9286 
-47.1329 28.0487 
-47.1973 28.1483 
-47.2522 28.2323 
-47.2996 28.3045 
-47.3411 28.3674 
-47.3779 28.4229 
-47.411 28.4725 
-47.4409 28.5172 
-47.4682 28.558 
-47.4935 28.5954 
-47.5169 28.6301 
-47.5388 28.6625 
-47.5594 28.6929 
-47.579 28.7217 
-47.5977 28.749 
-47.6156 28.7753 
-47.6329 28.8005 
-47.6497 28.825 
-47.666 28.8488 
-47.6821 28.872 
-47.6979 28.895 
-47.7135 28.9176 
-47.7291 28.9401 
-47.7447 28.9626 
-47.7604 28.9851 
-47.7762 29.0078 
-47.7923 29.0308 
-47.8087 29.0543 
-47.8255 29.0783 
-47.8428 29.103 
-47.8608 29.1285 
-47.8795 29.1551 
-47.8991 29.1829 
-47.9199 29.2122 
-47.9419 29.2432 
-47.9654 29.2763 
-47.9907 29.3118 
-48.0183 29.3503 
-48.0484 29.3923 
-48.0817 29.4385 
-48.1188 29.4899 
-48.1608 29.5476 
-48.2088 29.6133 
-48.2644 29.689 
-48.3299 29.7776 
-48.4085 29.8831 
-48.505 30.0111 
-48.6264 30.1703 
-48.7837 30.3732 
-48.9948 30.6395 
-49.2887 30.9989 
-49.7107 31.4898 
-50.3066 32.1245 
-50.9942 32.719 
-51.2913 32.8186 
>
-48.0836 33.3252 
-48.3372 33.5721 
-48.6474 33.8372 
-48.9538 34.026 
-49.0888 34.0355 
-49.1169 33.8384 
-49.2904 33.894 
-49.3996 33.8957 
-49.4379 33.7427 
-49.3547 33.4806 
-49.2253 33.2117 
-49.0975 32.9824 
-48.9872 32.7985 
-48.8956 32.6528 
-48.8201 32.5362 
-48.7575 32.4416 
-48.7049 32.3635 
-48.6602 32.2979 
-48.6217 32.2419 
-48.588 32.1936 
-48.5584 32.1513 
-48.5319 32.1138 
-48.5081 32.0802 
-48.4865 32.0498 
-48.4666 32.0221 
-48.4483 31.9966 
-48.4313 31.973 
-48.4153 31.951 
-48.4002 31.9303 
-48.386 31.9107 
-48.3723 31.892 
-48.3592 31.8742 
-48.3466 31.857 
-48.3343 31.8404 
-48.3224 31.8242 
-48.3107 31.8084 
-48.2991 31.7928 
-48.2877 31.7775 
-48.2763 31.7622 
-48.2649 31.747 
-48.2535 31.7318 
-48.242 31.7164 
-48.2303 31.7009 
-48.2184 31.6851 
-48.2062 31.669 
-48.1937 31.6524 
-48.1806 31.6353 
-48.1671 31.6175 
-48.1529 31.599 
-48.138 31.5795 
-48.1222 31.559 
-48.1054 31.5371 
-48.0873 31.5137 
-48.0677 31.4885 
-48.0463 31.4612 
-48.0228 31.4312 
-47.9968 31.3981 
-47.9676 31.3612 
-47.9345 31.3196 
-47.8965 31.2723 
-47.8523 31.2177 
-47.8002 31.1539 
-47.7376 31.0783 
-47.6612 30.9874 
-47.5661 30.8766 
-47.4458 30.7402 
-47.2919 30.5726 
-47.0967 30.3734 
-46.8631 30.162 
-46.6278 30.0031 
-46.4719 29.998 
-46.3847 29.9787 
-46.1005 29.7074 
-45.806 29.4889 
-45.6154 29.471 
-45.6124 29.7031 
-45.7388 30.0483 
-45.8985 30.3737 
-45.885 30.3698 
-45.7848 30.2493 
-45.658 30.0985 
-45.4933 29.9059 
-45.2741 29.6557 
-44.9793 29.3324 
-44.5963 28.9436 
-44.1781 28.5954 
-43.9153 28.5443 
-43.9559 28.893 
-44.1763 29.3892 
-44.4158 29.8252 
-44.6175 30.1597 
-44.7772 30.4108 
-44.903 30.6019 
-45.0035 30.7508 
-45.0853 30.8697 
-45.153 30.9667 
-45.21 31.0476 
-45.2589 31.1162 
-45.3013 31.1752 
-45.3386 31.2268 
-45.3717 31.2724 
-45.4016 31.3132 
-45.4286 31.35 
-45.4534 31.3836 
-45.4763 31.4145 
-45.4976 31.4432 
-45.5175 31.4699 
-45.5364 31.495 
-45.5542 31.5188 
-45.5712 31.5414 
-45.5876 31.5631 
-45.6034 31.584 
-45.6187 31.6042 
-45.6337 31.6239 
-45.6484 31.6431 
-45.6628 31.6621 
-45.6772 31.6808 
-45.6914 31.6994 
-45.7057 31.7179 
-45.7201 31.7366 
-45.7346 31.7553 
-45.7493 31.7743 
-45.7643 31.7937 
-45.7797 31.8135 
-45.7956 31.8339 
-45.8121 31.8549 
-45.8292 31.8768 
-45.8472 31.8997 
-45.8662 31.9238 
-45.8864 31.9493 
-45.9079 31.9765 
-45.9312 32.0057 
-45.9563 32.0372 
-45.9839 32.0715 
-46.0143 32.1093 
-46.0482 32.1512 
-46.0864 32.1981 
-46.1301 32.2514 
-46.1805 32.3125 
-46.2397 32.3837 
-46.3105 32.4679 
-46.3968 32.5692 
-46.5043 32.6936 
-46.6418 32.8496 
-46.8226 33.0491 
-47.066 33.3077 
-47.397 33.6386 
-47.8259 34.0231 
-48.2721 34.3291 
-48.4625 34.3592 
-48.4562 34.0658 
-48.2184 33.5816 
>
-35.4098 41.7045 
-35.4061 41.4566 
-35.1735 41.0501 
-34.8977 40.6673 
-34.6593 40.3633 
-34.4693 40.1314 
-34.3199 39.9536 
-34.201 39.8145 
-34.1048 39.7034 
-34.0255 39.6126 
-33.959 39.537 
-33.9023 39.473 
-33.8532 39.4179 
-33.8103 39.3698 
-33.7722 39.3273 
-33.738 39.2893 
-33.7071 39.255 
-33.6789 39.2238 
-33.6529 39.1951 
-33.6288 39.1686 
-33.6062 39.1438 
-33.585 39.1205 
-33.5649 39.0985 
-33.5458 39.0776 
-33.5274 39.0576 
-33.5097 39.0383 
-33.4926 39.0197 
-33.4759 39.0015 
-33.4595 38.9838 
-33.4434 38.9663 
-33.4275 38.9491 
-33.4117 38.932 
-33.3959 38.9149 
-33.38 38.8978 
-33.3641 38.8806 
-33.3479 38.8632 
-33.3313 38.8455 
-33.3144 38.8273 
-33.2971 38.8087 
-33.2791 38.7895 
-33.2603 38.7695 
-33.2408 38.7486 
-33.2202 38.7266 
-33.1983 38.7034 
-33.175 38.6787 
-33.1501 38.6523 
-33.123 38.6237 
-33.0935 38.5926 
-33.0611 38.5585 
-33.0251 38.5208 
-32.9847 38.4786 
-32.9389 38.4308 
-32.8862 38.3762 
-32.8247 38.3128 
-32.752 38.2381 
-32.6642 38.1487 
-32.5561 38.0396 
-32.4201 37.904 
-32.2448 37.7322 
-32.0145 37.5122 
-31.7104 37.2338 
-31.3261 36.9101 
-30.9204 36.635 
-30.6694 36.6075 
-30.7026 36.9001 
-30.9135 37.3205 
-31.1528 37.6998 
-31.3602 37.9971 
-31.5276 38.2233 
-31.6611 38.3969 
-31.7686 38.533 
-31.8566 38.6421 
-31.9297 38.7314 
-31.9916 38.8059 
-32.0447 38.8691 
-32.0908 38.9237 
-32.1315 38.9714 
-32.1677 39.0135 
-32.2003 39.0513 
-32.2299 39.0854 
-32.2571 39.1165 
-32.2821 39.1451 
-32.3055 39.1716 
-32.3273 39.1963 
-32.348 39.2196 
-32.3675 39.2416 
-32.3862 39.2626 
-32.4042 39.2826 
-32.4215 39.302 
-32.4384 39.3207 
-32.4548 39.3389 
-32.471 39.3567 
-32.4869 39.3742 
-32.5026 39.3916 
-32.5183 39.4088 
-32.534 39.426 
-32.5498 39.4432 
-32.5658 39.4605 
-32.5819 39.4781 
-32.5985 39.496 
-32.6154 39.5143 
-32.6329 39.5332 
-32.651 39.5526 
-32.6699 39.5728 
-32.6897 39.594 
-32.7106 39.6162 
-32.7328 39.6398 
-32.7565 39.6648 
-32.782 39.6917 
-32.8097 39.7207 
-32.84 39.7523 
-32.8735 39.7871 
-32.9107 39.8256 
-32.9527 39.8687 
-33.0006 39.9174 
-33.0559 39.9734 
-33.1208 40.0383 
-33.1982 40.115 
-33.2923 40.2069 
-33.4093 40.3191 
-33.5581 40.4588 
-33.7522 40.6356 
-34.0107 40.8611 
-34.3556 41.1426 
-34.79 41.457 
-35.2268 41.6915 
>
-32.2433 39.6345 
-32.2194 39.609 
-32.1969 39.5851 
-32.1756 39.5624 
-32.1553 39.5409 
-32.1358 39.5203 
-32.1171 39.5004 
-32.0989 39.4812 
-32.0813 39.4626 
-32.0639 39.4443 
-32.0469 39.4264 
-32.0301 39.4086 
-32.0133 39.391 
-31.9966 39.3735 
-31.9798 39.3559 
-31.9629 39.3382 
-31.9458 39.3202 
-31.9283 39.302 
-31.9104 39.2833 
-31.892 39.2642 
-31.873 39.2443 
-31.8532 39.2238 
-31.8325 39.2022 
-31.8107 39.1796 
-31.7876 39.1557 
-31.763 39.1303 
-31.7366 39.103 
-31.708 39.0735 
-31.6769 39.0415 
-31.6426 39.0063 
-31.6045 38.9673 
-31.5618 38.9237 
-31.5133 38.8743 
-31.4575 38.8178 
-31.3924 38.7521 
-31.3153 38.6746 
-31.2221 38.5816 
-31.1072 38.4678 
-30.9622 38.3257 
-30.7746 38.1448 
-30.5266 37.9109 
-30.196 37.6108 
-29.7724 37.2543 
-29.3185 36.9421 
-29.0409 36.9057 
-29.0934 37.2339 
-29.3427 37.6984 
-29.6144 38.109 
-29.8448 38.4256 
-30.028 38.6641 
-30.1729 38.8459 
-30.2889 38.9878 
-30.3834 39.1011 
-30.4618 39.1937 
-30.5279 39.2708 
-30.5845 39.3362 
-30.6338 39.3926 
-30.677 39.4418 
-30.7156 39.4853 
-30.7502 39.5242 
-30.7817 39.5594 
-30.8105 39.5915 
-30.8371 39.6209 
-30.8618 39.6482 
-30.885 39.6737 
-30.9069 39.6977 
-30.9276 39.7204 
-30.9475 39.7419 
-30.9665 39.7626 
-30.9849 39.7825 
-31.0027 39.8018 
-31.0201 39.8205 
-31.0372 39.8389 
-31.054 39.8569 
-31.0707 39.8748 
-31.0873 39.8925 
-31.1039 39.9102 
-31.1206 39.9279 
-31.1375 39.9458 
-31.1547 39.9639 
-31.1721 39.9823 
-31.1901 40.0011 
-31.2086 40.0205 
-31.2277 40.0406 
-31.2477 40.0614 
-31.2687 40.0832 
-31.2908 40.1061 
-31.3143 40.1304 
-31.3393 40.1562 
-31.3664 40.1839 
-31.3957 40.2138 
-31.4277 40.2465 
-31.4631 40.2823 
-31.5026 40.322 
-31.5471 40.3666 
-31.5978 40.417 
-31.6565 40.4749 
-31.7253 40.5422 
-31.8075 40.6217 
-31.9077 40.7173 
-32.0324 40.8344 
-32.1916 40.9806 
-32.4002 41.1669 
-32.6802 41.4067 
-33.0582 41.7104 
-33.5421 42.057 
-34.0361 42.3235 
-33.7417 42.1734 
-34.1212 42.3599 
-34.2811 42.3645 
-34.2908 42.1543 
-34.1016 41.8082 
-33.8632 41.4731 
-33.6496 41.2007 
-33.4756 40.9896 
-33.3366 40.826 
-33.225 40.6972 
-33.1341 40.5937 
-33.0588 40.5089 
-32.9953 40.4381 
-32.9411 40.3781 
-32.8941 40.3263 
-32.8529 40.2811 
-32.8162 40.2411 
-32.7834 40.2053 
-32.7536 40.173 
-32.7264 40.1436 
-32.7013 40.1166 
-32.678 40.0915 
-32.6562 40.0682 
-32.6357 40.0462 
-32.6163 40.0255 
-32.5978 40.0057 
-32.58 39.9868 
-32.5629 39.9686 
-32.5463 39.951 
-32.5302 39.9339 
-32.5143 39.9172 
-32.4987 39.9007 
-32.4833 39.8844 
-32.468 39.8683 
-32.4527 39.8522 
-32.4373 39.8361 
-32.4218 39.8199 
-32.4061 39.8034 
-32.3901 39.7867 
-32.3737 39.7696 
-32.3569 39.752 
-32.3394 39.7339 
-32.3213 39.7151 
-32.3023 39.6954 
-32.2823 39.6747 
-32.2611 39.6529 
>
-29.8805 44.7552 
-29.9193 44.6708 
-29.8796 44.5347 
-29.7971 44.3857 
-29.7029 44.2483 
-29.6131 44.1308 
-29.5333 44.0332 
-29.4644 43.9524 
-29.4052 43.8852 
-29.3542 43.8287 
-29.31 43.7806 
-29.2714 43.7393 
-29.2373 43.7032 
-29.2069 43.6715 
-29.1796 43.6432 
-29.1549 43.6178 
-29.1323 43.5948 
-29.1115 43.5738 
-29.0923 43.5544 
-29.0743 43.5364 
-29.0574 43.5196 
-29.0414 43.5038 
-29.0263 43.4888 
-29.0117 43.4746 
-28.9978 43.4609 
-28.9843 43.4478 
-28.9712 43.435 
-28.9584 43.4227 
-28.9459 43.4106 
-28.9335 43.3987 
-28.9213 43.3869 
-28.9091 43.3753 
-28.8969 43.3637 
-28.8846 43.3521 
-28.8722 43.3404 
-28.8597 43.3286 
-28.8469 43.3165 
-28.8338 43.3043 
-28.8203 43.2917 
-28.8063 43.2787 
-28.7918 43.2653 
-28.7766 43.2513 
-28.7606 43.2366 
-28.7437 43.2211 
-28.7256 43.2047 
-28.7063 43.1872 
-28.6854 43.1684 
-28.6627 43.1481 
-28.6377 43.1259 
-28.6101 43.1016 
-28.5794 43.0746 
-28.5446 43.0445 
-28.5051 43.0105 
-28.4594 42.9719 
-28.4062 42.9274 
-28.3432 42.8757 
-28.2678 42.8152 
-28.1765 42.7442 
-28.0652 42.6611 
-27.9302 42.5661 
-27.7708 42.4642 
-27.5962 42.371 
-27.4338 42.3165 
-27.3256 42.334 
-27.2986 42.4293 
-27.3405 42.5711 
-27.4183 42.7211 
-27.5052 42.8572 
-27.5877 42.9727 
-27.6612 43.0686 
-27.7251 43.1479 
-27.7804 43.2139 
-27.8282 43.2695 
-27.8699 43.3169 
-27.9065 43.3577 
-27.939 43.3934 
-27.968 43.4248 
-27.9941 43.4528 
-28.0179 43.478 
-28.0397 43.5008 
-28.0598 43.5218 
-28.0785 43.5411 
-28.096 43.559 
-28.1125 43.5758 
-28.1281 43.5916 
-28.1429 43.6065 
-28.1572 43.6208 
-28.1709 43.6345 
-28.1842 43.6476 
-28.1971 43.6604 
-28.2097 43.6728 
-28.2222 43.6849 
-28.2344 43.6968 
-28.2466 43.7086 
-28.2587 43.7203 
-28.2709 43.732 
-28.2831 43.7437 
-28.2955 43.7555 
-28.308 43.7674 
-28.3209 43.7795 
-28.334 43.7919 
-28.3476 43.8046 
-28.3617 43.8177 
-28.3764 43.8312 
-28.3918 43.8454 
-28.408 43.8603 
-28.4252 43.8759 
-28.4435 43.8926 
-28.4633 43.9103 
-28.4847 43.9294 
-28.508 43.9501 
-28.5336 43.9726 
-28.5621 43.9973 
-28.5939 44.0248 
-28.63 44.0555 
-28.6713 44.0901 
-28.7191 44.1296 
-28.7752 44.1751 
-28.8419 44.2278 
-28.9222 44.2896 
-29.02 44.3619 
-29.1397 44.4461 
-29.2854 44.5413 
-29.4567 44.6409 
-29.6414 44.7271 
-29.8057 44.7683 
>
-20.2386 49.7493 
-20.0431 49.2008 
-19.3493 48.3668 
-18.7239 47.6895 
-18.2641 47.2065 
-17.932 46.862 
-17.6862 46.6085 
-17.4984 46.4155 
-17.3505 46.264 
-17.231 46.1417 
-17.1323 46.0408 
-17.0491 45.9558 
-16.9777 45.883 
-16.9156 45.8197 
-16.8609 45.7639 
-16.8121 45.7142 
-16.7681 45.6694 
-16.728 45.6286 
-16.6913 45.5912 
-16.6572 45.5566 
-16.6255 45.5243 
-16.5957 45.494 
-16.5675 45.4654 
-16.5407 45.4382 
-16.5151 45.4121 
-16.4904 45.387 
-16.4665 45.3628 
-16.4432 45.3392 
-16.4205 45.3161 
-16.3981 45.2934 
-16.376 45.271 
-16.3541 45.2487 
-16.3322 45.2265 
-16.3102 45.2042 
-16.2881 45.1818 
-16.2657 45.159 
-16.2429 45.1359 
-16.2195 45.1123 
-16.1955 45.0879 
-16.1707 45.0628 
-16.1448 45.0366 
-16.1178 45.0092 
-16.0894 44.9805 
-16.0593 44.95 
-16.0272 44.9175 
-15.9928 44.8827 
-15.9555 44.845 
-15.9148 44.8039 
-15.8701 44.7587 
-15.8204 44.7085 
-15.7645 44.6521 
-15.701 44.588 
-15.6278 44.5142 
-15.5422 44.428 
-15.4403 44.3255 
-15.3165 44.2012 
-15.1625 44.0468 
-14.9656 43.85 
-14.7058 43.5914 
-14.3509 43.2409 
-13.8512 42.7548 
-13.1519 42.0988 
-12.3109 41.3984 
-11.7868 41.2261 
-11.9903 41.8934 
-12.5162 42.7557 
-12.9951 43.4266 
-13.3604 43.9005 
-13.6334 44.2386 
-13.8411 44.4879 
-14.0032 44.6782 
-14.1331 44.8281 
-14.2395 44.9493 
-14.3285 45.0495 
-14.4042 45.1341 
-14.4697 45.2066 
-14.5271 45.2698 
-14.578 45.3255 
-14.6237 45.3753 
-14.665 45.4201 
-14.7029 45.461 
-14.7377 45.4985 
-14.7702 45.5332 
-14.8005 45.5657 
-14.8291 45.5961 
-14.8562 45.6249 
-14.8821 45.6523 
-14.9069 45.6786 
-14.9309 45.7038 
-14.9541 45.7283 
-14.9768 45.7521 
-14.9991 45.7754 
-15.021 45.7983 
-15.0427 45.8209 
-15.0643 45.8434 
-15.086 45.8659 
-15.1077 45.8884 
-15.1297 45.9111 
-15.152 45.9341 
-15.1748 45.9576 
-15.1982 45.9815 
-15.2223 46.0062 
-15.2472 46.0317 
-15.2733 46.0583 
-15.3006 46.086 
-15.3295 46.1153 
-15.3601 46.1463 
-15.3929 46.1793 
-15.4282 46.2148 
-15.4666 46.2532 
-15.5087 46.2951 
-15.5552 46.3412 
-15.6071 46.3925 
-15.6658 46.4501 
-15.7329 46.5157 
-15.8109 46.5912 
-15.9029 46.6796 
-16.0135 46.7849 
-16.1494 46.9128 
-16.321 47.0718 
-16.5444 47.2748 
-16.8457 47.5416 
-17.269 47.9026 
-17.8843 48.3983 
-18.7693 49.0448 
-19.8067 49.6546 
>
-19.0442 50.3833 
-19.0326 50.131 
-18.7464 49.7199 
-18.4127 49.3342 
-18.1267 49.0287 
-17.9004 48.7959 
-17.723 48.6175 
-17.5823 48.4781 
-17.4687 48.3668 
-17.3752 48.2758 
-17.2969 48.2001 
-17.2303 48.1359 
-17.1727 48.0807 
-17.1222 48.0325 
-17.0775 47.9899 
-17.0374 47.9519 
-17.0012 47.9175 
-16.9682 47.8863 
-16.9377 47.8575 
-16.9095 47.8309 
-16.8831 47.8061 
-16.8583 47.7828 
-16.8348 47.7607 
-16.8124 47.7397 
-16.7909 47.7197 
-16.7703 47.7003 
-16.7502 47.6816 
-16.7307 47.6634 
-16.7116 47.6457 
-16.6928 47.6282 
-16.6743 47.6109 
-16.6558 47.5938 
-16.6374 47.5766 
-16.6189 47.5595 
-16.6002 47.5422 
-16.5813 47.5248 
-16.5621 47.507 
-16.5424 47.4888 
-16.5221 47.4701 
-16.5012 47.4508 
-16.4793 47.4308 
-16.4565 47.4098 
-16.4325 47.3878 
-16.4071 47.3645 
-16.38 47.3397 
-16.3509 47.3132 
-16.3195 47.2845 
-16.2852 47.2533 
-16.2475 47.219 
-16.2057 47.1811 
-16.1588 47.1387 
-16.1055 47.0908 
-16.0443 47.0358 
-15.9731 46.9721 
-15.8887 46.897 
-15.7869 46.807 
-15.6618 46.6971 
-15.5043 46.5604 
-15.3017 46.387 
-15.0356 46.1644 
-14.6845 45.8818 
-14.241 45.5516 
-13.7725 45.2689 
-13.4823 45.2386 
-13.5201 45.5368 
-13.763 45.9651 
-14.0389 46.3506 
-14.2783 46.6518 
-14.4715 46.8806 
-14.6258 47.056 
-14.7501 47.1933 
-14.8519 47.3033 
-14.9366 47.3933 
-15.0082 47.4684 
-15.0697 47.5321 
-15.1232 47.587 
-15.1704 47.635 
-15.2124 47.6775 
-15.2502 47.7155 
-15.2846 47.7498 
-15.3161 47.7811 
-15.3452 47.8098 
-15.3723 47.8365 
-15.3977 47.8614 
-15.4217 47.8848 
-15.4445 47.9069 
-15.4662 47.928 
-15.4871 47.9482 
-15.5073 47.9676 
-15.5269 47.9864 
-15.546 48.0047 
-15.5648 48.0227 
-15.5833 48.0403 
-15.6016 48.0577 
-15.6199 48.075 
-15.6382 48.0923 
-15.6565 48.1096 
-15.6751 48.127 
-15.694 48.1447 
-15.7132 48.1627 
-15.733 48.1811 
-15.7533 48.2 
-15.7745 48.2196 
-15.7965 48.2399 
-15.8196 48.2612 
-15.844 48.2835 
-15.8699 48.3071 
-15.8975 48.3323 
-15.9273 48.3593 
-15.9597 48.3885 
-15.9951 48.4203 
-16.0341 48.4552 
-16.0777 48.4938 
-16.1268 48.5371 
-16.1828 48.5861 
-16.2476 48.6423 
-16.3236 48.7076 
-16.4144 48.7846 
-16.5249 48.8769 
-16.6624 48.9897 
-16.8377 49.1301 
-17.0668 49.3078 
-17.373 49.5346 
-17.7832 49.818 
-18.3025 50.1349 
-18.8263 50.3711 
>
-15.6511 51.8835 
-15.8361 51.8887 
-15.9057 51.7739 
-16.0296 51.7655 
-16.0705 51.6375 
-15.9686 51.426 
-15.8076 51.2052 
-15.6447 51.0125 
-15.5013 50.8552 
-15.3807 50.7287 
-15.8591 51.0188 
-16.5666 51.3674 
-16.8587 51.4013 
-16.7957 51.0593 
-16.6634 50.8042 
-17.002 50.9792 
-17.319 51.0874 
-17.4555 51.0803 
-17.4885 50.9343 
-17.4204 50.7598 
-17.4805 50.7897 
-17.5487 50.8205 
-17.6241 50.85 
-17.7039 50.8745 
-17.7821 50.889 
-17.85 50.888 
-17.8849 50.8771 
-17.9177 50.8456 
-17.9265 50.8 
-17.9157 50.7469 
-17.8923 50.6924 
-17.8623 50.6405 
-17.83 50.5933 
-17.798 50.5511 
-17.7675 50.514 
-17.7391 50.4814 
-17.713 50.4526 
-17.689 50.4271 
-17.667 50.4045 
-17.6468 50.3842 
-17.6281 50.3659 
-17.6109 50.3492 
-17.5948 50.334 
-17.5798 50.32 
-17.5657 50.307 
-17.5524 50.2949 
-17.5398 50.2835 
-17.5277 50.2728 
-17.5162 50.2626 
-17.505 50.2529 
-17.4943 50.2436 
-17.4838 50.2347 
-17.4736 50.226 
-17.4636 50.2175 
-17.4538 50.2093 
-17.444 50.2012 
-17.4343 50.1932 
-17.4246 50.1853 
-17.4149 50.1774 
-17.4051 50.1695 
-17.3952 50.1616 
-17.3852 50.1536 
-17.3749 50.1455 
-17.3644 50.1373 
-17.3535 50.1289 
-17.3423 50.1202 
-17.3306 50.1113 
-17.3184 50.1021 
-17.3056 50.0925 
-17.292 50.0824 
-17.2776 50.0718 
-17.2621 50.0606 
-17.2455 50.0487 
-17.2276 50.0359 
-17.208 50.0222 
-17.1864 50.0074 
-17.1626 49.9914 
-17.1361 49.9738 
-17.1064 49.9546 
-17.0728 49.9335 
-17.0346 49.9102 
-16.9909 49.8846 
-16.9408 49.8566 
-16.8835 49.8267 
-16.8185 49.7955 
-16.7462 49.7651 
-16.6692 49.7388 
-16.5924 49.7215 
-16.5238 49.7189 
-16.417 49.664 
-16.3529 49.6029 
-16.2978 49.5508 
-16.2497 49.5058 
-16.2073 49.4663 
-16.1696 49.4314 
-16.1356 49.4001 
-16.1048 49.3717 
-16.0766 49.3459 
-16.0505 49.3221 
-16.0262 49.3001 
-16.0035 49.2796 
-15.9821 49.2602 
-15.9619 49.242 
-15.9425 49.2246 
-15.9239 49.2079 
-15.906 49.1919 
-15.8886 49.1764 
-15.8717 49.1613 
-15.8551 49.1465 
-15.8388 49.132 
-15.8226 49.1177 
-15.8065 49.1035 
-15.7904 49.0893 
-15.7743 49.0751 
-15.758 49.0608 
-15.7415 49.0463 
-15.7247 49.0316 
-15.7075 49.0166 
-15.6898 49.0011 
-15.6715 48.9852 
-15.6524 48.9686 
-15.6325 48.9513 
-15.6115 48.9332 
-15.5893 48.9141 
-15.5656 48.8937 
-15.5402 48.872 
-15.5128 48.8485 
-15.4829 48.823 
-15.45 48.7952 
-15.4136 48.7644 
-15.3729 48.7302 
-15.3267 48.6916 
-15.2739 48.6477 
-15.2126 48.5972 
-15.1405 48.5382 
-15.0543 48.4684 
-14.9494 48.3847 
-14.8196 48.283 
-14.6566 48.1585 
-14.4501 48.0066 
-14.192 47.828 
-13.8889 47.6419 
-13.591 47.5072 
-13.4011 47.512 
-13.3843 47.5734 
-13.3328 47.5258 
-13.2742 47.4719 
-13.2068 47.41 
-13.1282 47.338 
-13.0348 47.2528 
-12.9219 47.1501 
-12.7824 47.0237 
-12.6056 46.8648 
-12.3756 46.6601 
-12.0685 46.3909 
-11.6524 46.0361 
-11.1049 45.5962 
-10.4985 45.1847 
-10.124 45.1156 
-10.2105 45.525 
-10.5537 46.0938 
-10.9097 46.5783 
-11.2026 46.9416 
-11.4313 47.2104 
-11.3448 47.1501 
-10.9478 46.824 
-10.4338 46.4286 
-9.87506 46.0708 
-9.5299 46.0185 
-9.59642 46.3814 
-9.90308 46.8927 
-10.2322 47.3375 
-10.5085 47.6764 
-10.7269 47.9294 
-10.8357 48.1322 
-11 48.4451 
-11.2095 48.743 
-11.4039 48.9865 
-11.5675 49.1773 
-11.7019 49.3267 
-11.8122 49.4452 
-11.9037 49.5411 
-11.9805 49.6201 
-12.046 49.6863 
-12.1025 49.7427 
-12.1519 49.7914 
-12.1956 49.8341 
-12.2346 49.872 
-12.2699 49.9058 
-12.3019 49.9365 
-12.3314 49.9644 
-12.3586 49.9902 
-12.384 50.014 
-12.4078 50.0363 
-12.4303 50.0573 
-12.4517 50.0771 
-12.4721 50.096 
-12.4918 50.1141 
-12.5107 50.1315 
-12.5292 50.1484 
-12.5472 50.1648 
-12.5649 50.1809 
-12.5824 50.1967 
-12.5997 50.2123 
-12.6169 50.2278 
-12.6341 50.2432 
-12.6515 50.2587 
-12.669 50.2744 
-12.6868 50.2902 
-12.705 50.3063 
-12.7237 50.3228 
-12.7429 50.3397 
-12.7629 50.3572 
-12.7837 50.3753 
-12.8055 50.3943 
-12.8285 50.4143 
-12.853 50.4354 
-12.8791 50.4578 
-12.9072 50.4818 
-12.9377 50.5078 
-12.9711 50.536 
-13.0079 50.567 
-13.0489 50.6012 
-13.0951 50.6394 
-13.1477 50.6826 
-13.2083 50.7319 
-13.2793 50.789 
-13.3638 50.8559 
-13.466 50.9356 
-13.5923 51.0319 
-13.7515 51.15 
-13.9563 51.2966 
-14.2233 51.4779 
-14.568 51.694 
-14.9827 51.919 
-15.3818 52.0698 
-15.5511 52.0683 
-15.5724 51.8864 
>
-8.44149 52.0163 
-8.50977 52.0915 
-8.56848 52.1544 
-8.61938 52.2078 
-8.66391 52.2536 
-8.70325 52.2935 
-8.73834 52.3286 
-8.76992 52.3599 
-8.79857 52.388 
-8.82479 52.4134 
-8.84897 52.4367 
-8.87142 52.4582 
-8.8924 52.4781 
-8.91215 52.4967 
-8.93085 52.5143 
-8.94865 52.5309 
-8.96571 52.5467 
-8.98213 52.5619 
-8.99803 52.5765 
-9.01349 52.5906 
-9.02862 52.6044 
-9.04349 52.6179 
-9.05817 52.6312 
-9.07274 52.6443 
-9.08726 52.6573 
-9.10181 52.6702 
-9.11646 52.6832 
-9.13127 52.6963 
-9.14632 52.7096 
-9.16169 52.7231 
-9.17747 52.7368 
-9.19375 52.751 
-9.21064 52.7656 
-9.22825 52.7807 
-9.24672 52.7966 
-9.2662 52.8132 
-9.28688 52.8307 
-9.30898 52.8493 
-9.33276 52.8692 
-9.35853 52.8906 
-9.38667 52.9138 
-9.41768 52.9392 
-9.45216 52.9672 
-9.49087 52.9982 
-9.5348 53.0331 
-9.58525 53.0726 
-9.64395 53.1179 
-9.71317 53.1703 
-9.79605 53.2317 
-9.89678 53.3044 
-10.021 53.3907 
-10.1757 53.4934 
-10.3683 53.6127 
-10.6017 53.7428 
-10.8618 53.8625 
-11.0997 53.9284 
-11.2081 53.9188 
-11.2481 53.861 
-11.4465 53.8667 
-11.4641 53.6588 
-11.2386 53.3143 
-10.9527 52.9795 
-10.6963 52.7066 
-10.4875 52.4946 
-10.321 52.33 
-10.1874 52.2003 
-10.0785 52.096 
-9.98848 52.0105 
-9.9127 51.9391 
-9.84795 51.8785 
-9.79186 51.8262 
-9.74264 51.7806 
-9.69896 51.7402 
-9.65977 51.704 
-9.62428 51.6714 
-9.59185 51.6417 
-9.56197 51.6143 
-9.53424 51.589 
-9.50831 51.5654 
-9.4839 51.5432 
-9.46078 51.5222 
-9.43875 51.5022 
-9.41762 51.4831 
-9.39726 51.4647 
-9.37753 51.4469 
-9.35831 51.4296 
-9.33949 51.4126 
-9.32096 51.396 
-9.30264 51.3795 
-9.28443 51.3632 
-9.26624 51.3469 
-9.24799 51.3306 
-9.22959 51.3141 
-9.21093 51.2975 
-9.19194 51.2805 
-9.17249 51.2632 
-9.15248 51.2454 
-9.13178 51.2271 
-9.11025 51.208 
-9.08773 51.1881 
-9.06403 51.1671 
-9.03894 51.145 
-9.0122 51.1214 
-8.9835 51.0962 
-8.95246 51.069 
-8.91864 51.0394 
-8.88147 51.0069 
-8.84022 50.971 
-8.79399 50.9309 
-8.74158 50.8856 
-8.68143 50.8338 
-8.61144 50.7738 
-8.52872 50.7034 
-8.42926 50.6193 
-8.30735 50.5171 
-8.15482 50.3909 
-7.96002 50.2325 
-7.70723 50.0324 
-7.37954 49.7845 
-6.97562 49.5053 
-6.55856 49.2777 
-6.29338 49.2591 
-6.29953 49.5032 
-6.48978 49.8629 
-6.72447 50.1985 
-6.93743 50.4682 
-7.11418 50.6769 
-7.25788 50.8389 
-7.3751 50.9668 
-7.47188 51.0698 
-7.55293 51.1545 
-7.62182 51.2253 
-7.68118 51.2855 
-7.733 51.3375 
-7.77876 51.383 
-7.81962 51.4233 
-7.85646 51.4594 
-7.88999 51.492 
-7.92075 51.5218 
-7.94921 51.5492 
-7.97572 51.5745 
-8.00059 51.5982 
-8.02408 51.6205 
-8.04639 51.6416 
-8.06772 51.6617 
-8.08822 51.6809 
-8.10803 51.6994 
-8.12728 51.7174 
-8.14608 51.7348 
-8.16454 51.7519 
-8.18274 51.7687 
-8.20079 51.7853 
-8.21877 51.8018 
-8.23677 51.8182 
-8.25487 51.8347 
-8.27317 51.8513 
-8.29175 51.8682 
-8.31073 51.8853 
-8.3302 51.9028 
-8.35029 51.9209 
-8.37111 51.9395 
>
