167.417 -25.2062 
167.474 -25.2193 
167.531 -25.2303 
167.588 -25.2392 
167.646 -25.2461 
167.703 -25.2509 
167.761 -25.2536 
167.819 -25.2544 
167.877 -25.2531 
167.935 -25.2498 
167.992 -25.2444 
168.05 -25.237 
168.107 -25.2275 
168.165 -25.2158 
168.221 -25.2021 
168.278 -25.1861 
168.334 -25.1679 
168.389 -25.1475 
168.457 -25.1205 
168.512 -25.0978 
168.566 -25.0728 
168.619 -25.0454 
168.67 -25.0157 
168.721 -24.9835 
168.77 -24.9489 
168.817 -24.9119 
168.863 -24.8726 
168.906 -24.8308 
168.947 -24.7867 
168.985 -24.7404 
169.021 -24.6919 
169.054 -24.6414 
169.083 -24.589 
169.109 -24.5348 
169.132 -24.4792 
169.15 -24.4222 
169.165 -24.3641 
169.175 -24.3053 
169.181 -24.2458 
169.183 -24.1861 
169.181 -24.1265 
169.175 -24.0671 
169.164 -24.0083 
169.149 -23.9503 
169.13 -23.8935 
169.108 -23.8379 
169.082 -23.7839 
169.053 -23.7316 
169.02 -23.6812 
168.985 -23.6329 
168.947 -23.5866 
168.906 -23.5425 
168.863 -23.5008 
168.819 -23.4613 
168.772 -23.4242 
168.724 -23.3894 
168.675 -23.357 
168.624 -23.3269 
168.567 -23.293 
168.517 -23.2606 
168.467 -23.2305 
168.415 -23.2027 
168.362 -23.1772 
168.309 -23.154 
168.255 -23.133 
168.2 -23.1142 
168.145 -23.0975 
168.09 -23.0829 
168.034 -23.0704 
167.978 -23.06 
167.921 -23.0516 
167.865 -23.0452 
167.808 -23.0409 
167.751 -23.0385 
167.694 -23.0381 
167.637 -23.0397 
167.581 -23.0432 
167.524 -23.0488 
167.467 -23.0564 
167.411 -23.0661 
167.39 -23.0699 
167.333 -23.0796 
167.277 -23.0913 
167.221 -23.1052 
167.165 -23.1211 
167.11 -23.1393 
167.056 -23.1597 
167.002 -23.1824 
166.949 -23.2073 
166.897 -23.2346 
166.845 -23.2643 
166.795 -23.2963 
166.747 -23.3307 
166.7 -23.3676 
166.655 -23.4068 
166.611 -23.4484 
166.571 -23.4923 
166.532 -23.5384 
166.496 -23.5867 
166.463 -23.6371 
166.434 -23.6893 
166.407 -23.7433 
166.385 -23.7989 
166.366 -23.8557 
166.351 -23.9137 
166.34 -23.9725 
166.333 -24.0319 
166.331 -24.0715 
166.332 -24.1312 
166.336 -24.1908 
166.345 -24.2498 
166.358 -24.3082 
166.375 -24.3655 
166.396 -24.4217 
166.42 -24.4763 
166.448 -24.5294 
166.48 -24.5806 
166.514 -24.6298 
166.542 -24.667 
166.577 -24.7162 
166.614 -24.7634 
166.654 -24.8084 
166.696 -24.8511 
166.74 -24.8915 
166.786 -24.9296 
166.834 -24.9653 
166.883 -24.9987 
166.934 -25.0297 
166.986 -25.0583 
167.039 -25.0846 
167.093 -25.1087 
167.148 -25.1305 
167.203 -25.15 
167.259 -25.1674 
167.315 -25.1826 
167.372 -25.1957 
>
