-95.6425 21.1111 
-95.6309 21.1983 
-95.625 21.2853 
-95.6244 21.3717 
-95.629 21.4573 
-95.6384 21.5417 
-95.6523 21.6247 
-95.6704 21.7061 
-95.6923 21.7857 
-95.7178 21.8635 
-95.7467 21.9393 
-95.7786 22.0131 
-95.8134 22.0849 
-95.8508 22.1546 
-95.8907 22.2222 
-95.933 22.2878 
-95.9775 22.3515 
-96.024 22.4131 
-96.0438 22.4575 
-96.032 22.5446 
-96.0259 22.6316 
-96.0253 22.7181 
-96.0299 22.8036 
-96.0393 22.8881 
-96.0376 22.9564 
-96.0315 23.0434 
-96.0309 23.1299 
-96.0354 23.2154 
-96.0201 23.2765 
-95.9701 23.354 
-95.9265 23.4344 
-95.8893 23.5173 
-95.8586 23.602 
-95.8343 23.688 
-95.8162 23.7748 
-95.8042 23.862 
-95.798 23.9489 
-95.7973 24.0354 
-95.8019 24.121 
-95.8113 24.2054 
-95.8253 24.2884 
-95.8292 24.3397 
-95.811 24.4265 
-95.7989 24.5136 
-95.7926 24.6006 
-95.7919 24.6871 
-95.7964 24.7727 
-95.8059 24.8571 
-95.8199 24.9401 
-95.8383 25.0215 
-95.8606 25.1012 
-95.8866 25.179 
-95.916 25.2549 
-95.9486 25.3287 
-95.9841 25.4005 
-96.0224 25.4703 
-96.0632 25.538 
-96.1065 25.6037 
-96.152 25.6674 
-96.1997 25.7291 
-96.2494 25.7888 
-96.3012 25.8467 
-96.3549 25.9026 
-96.4104 25.9567 
-96.4679 26.0089 
-96.5272 26.0593 
-96.5884 26.1078 
-96.6514 26.1546 
-96.7163 26.1995 
-96.783 26.2425 
-96.8517 26.2837 
-96.9223 26.3229 
-96.9949 26.3601 
-97.0695 26.3952 
-97.1461 26.428 
-97.2247 26.4586 
-97.3053 26.4868 
-97.388 26.5123 
-97.4726 26.535 
-97.5592 26.5548 
-97.6477 26.5714 
-97.7379 26.5845 
-97.8297 26.594 
-97.923 26.5995 
-98.0174 26.6008 
-98.1127 26.5976 
-98.2086 26.5896 
-98.3046 26.5767 
-98.4003 26.5584 
-98.4951 26.5347 
-98.5886 26.5054 
-98.6801 26.4703 
-98.769 26.4295 
-98.8547 26.3829 
-98.9347 26.3378 
-99.0173 26.3633 
-99.1018 26.386 
-99.1883 26.4058 
-99.2767 26.4224 
-99.3668 26.4355 
-99.4585 26.445 
-99.5516 26.4505 
-99.6459 26.4518 
-99.7411 26.4486 
-99.8368 26.4406 
-99.9327 26.4277 
-100.028 26.4094 
-100.123 26.3857 
-100.216 26.3564 
-100.308 26.3213 
-100.397 26.2805 
-100.482 26.234 
-100.564 26.1818 
-100.641 26.1242 
-100.713 26.0614 
-100.758 26.0171 
-100.821 25.9466 
-100.877 25.8721 
-100.927 25.7941 
-100.971 25.7132 
-101.007 25.6298 
-101.037 25.5447 
-101.061 25.4582 
-101.077 25.3711 
-101.088 25.2837 
-101.093 25.1965 
-101.092 25.11 
-101.108 25.052 
-101.164 24.9775 
-101.214 24.8995 
-101.257 24.8186 
-101.294 24.7352 
-101.323 24.6501 
-101.347 24.5637 
-101.363 24.4765 
-101.374 24.3892 
-101.379 24.302 
-101.378 24.2154 
-101.372 24.1298 
-101.375 24.0873 
-101.379 24.0001 
-101.378 23.9136 
-101.382 23.8225 
-101.387 23.7353 
-101.386 23.6487 
-101.38 23.5631 
-101.381 23.4837 
-101.404 23.3973 
-101.421 23.3101 
-101.432 23.2228 
-101.436 23.1356 
-101.436 23.049 
-101.43 22.9634 
-101.419 22.8789 
-101.403 22.796 
-101.384 22.7147 
-101.36 22.6353 
-101.333 22.5577 
-101.303 22.4822 
-101.27 22.4087 
-101.234 22.3373 
-101.195 22.268 
-101.154 22.2007 
-101.111 22.1356 
-101.065 22.0724 
-101.018 22.0113 
-100.969 21.9521 
-100.918 21.8948 
-100.865 21.8395 
-100.81 21.7859 
-100.754 21.7343 
-100.696 21.6844 
-100.637 21.6364 
-100.58 21.5772 
-100.529 21.5199 
-100.477 21.4645 
-100.422 21.411 
-100.366 21.3594 
-100.308 21.3095 
-100.249 21.2614 
-100.183 21.1518 
-100.168 21.0688 
-100.149 20.9875 
-100.126 20.908 
-100.099 20.8305 
-100.069 20.7549 
-100.036 20.6814 
-100.001 20.61 
-99.9626 20.5406 
-99.9221 20.4734 
-99.8794 20.4081 
-99.8347 20.345 
-99.7879 20.2838 
-99.7393 20.2246 
-99.6613 20.1128 
-99.621 20.0455 
-99.5784 19.9803 
-99.5338 19.9171 
-99.4872 19.8559 
-99.4387 19.7967 
-99.3884 19.7394 
-99.3363 19.684 
-99.2826 19.6304 
-99.2272 19.5787 
-99.1701 19.5288 
-99.1114 19.4807 
-99.051 19.4344 
-98.989 19.3899 
-98.9253 19.3473 
-98.8598 19.3065 
-98.7927 19.2676 
-98.7237 19.2306 
-98.653 19.1957 
-98.5805 19.1629 
-98.5061 19.1323 
-98.4298 19.1041 
-98.3518 19.0785 
-98.2719 19.0554 
-98.1902 19.0353 
-98.1068 19.0182 
-98.0217 19.0044 
-97.9351 18.9941 
-97.8472 18.9877 
-97.7581 18.9853 
-97.6681 18.9872 
-97.5774 18.9938 
-97.4865 19.0052 
-97.3957 19.0217 
-97.3056 19.0436 
-97.2165 19.071 
-97.129 19.104 
-97.0437 19.1427 
-96.9612 19.1871 
-96.882 19.2371 
-96.8068 19.2926 
-96.7361 19.3533 
-96.6703 19.4188 
-96.6099 19.4889 
-96.5553 19.5629 
-96.5067 19.6405 
-96.4293 19.7119 
-96.3437 19.7506 
-96.2608 19.795 
-96.1814 19.845 
-96.1059 19.9004 
-96.0348 19.9611 
-95.9688 20.0266 
-95.9082 20.0966 
-95.8533 20.1707 
-95.8045 20.2482 
-95.762 20.3287 
-95.7258 20.4117 
-95.6959 20.4964 
-95.6722 20.5825 
-95.6547 20.6693 
-95.6432 20.7565 
-95.6373 20.8435 
-95.6368 20.9299 
-95.6414 21.0155 
>
