-103.095 27.8521 
-103.16 27.8904 
-103.227 27.9264 
-103.296 27.9599 
-103.367 27.991 
-103.412 28.0562 
-103.446 28.1201 
-103.483 28.1823 
-103.524 28.2428 
-103.566 28.3015 
-103.612 28.3583 
-103.66 28.4133 
-103.711 28.4664 
-103.763 28.5175 
-103.819 28.5666 
-103.876 28.6137 
-103.936 28.6586 
-103.997 28.7014 
-104.061 28.742 
-104.127 28.7803 
-104.194 28.8163 
-104.264 28.8499 
-104.335 28.8809 
-104.408 28.9094 
-104.482 28.9352 
-104.559 28.9583 
-104.636 28.9785 
-104.715 28.9956 
-104.795 29.0097 
-104.877 29.0205 
-104.959 29.028 
-105.042 29.032 
-105.126 29.0323 
-105.21 29.029 
-105.294 29.0218 
-105.378 29.0107 
-105.462 28.9956 
-105.545 28.9764 
-105.626 28.953 
-105.707 28.9255 
-105.786 28.8938 
-105.862 28.8579 
-105.936 28.818 
-106.008 28.7742 
-106.076 28.7264 
-106.141 28.675 
-106.202 28.6202 
-106.241 28.5819 
-106.295 28.5218 
-106.334 28.4897 
-106.39 28.5366 
-106.447 28.5815 
-106.507 28.6241 
-106.569 28.6644 
-106.633 28.7024 
-106.7 28.738 
-106.768 28.771 
-106.838 28.8013 
-106.91 28.8289 
-106.983 28.8537 
-107.058 28.8755 
-107.134 28.8943 
-107.212 28.9099 
-107.29 28.9222 
-107.37 28.9311 
-107.45 28.9366 
-107.531 28.9385 
-107.612 28.9367 
-107.693 28.9312 
-107.774 28.9219 
-107.855 28.9088 
-107.935 28.8917 
-107.995 28.8971 
-108.075 28.9026 
-108.156 28.9045 
-108.237 28.9027 
-108.318 28.8972 
-108.399 28.8879 
-108.48 28.8748 
-108.559 28.8577 
-108.638 28.8368 
-108.716 28.8119 
-108.792 28.7831 
-108.866 28.7506 
-108.938 28.7142 
-109.007 28.6742 
-109.074 28.6307 
-109.137 28.5838 
-109.178 28.5509 
-109.236 28.4988 
-109.29 28.4437 
-109.341 28.386 
-109.388 28.3259 
-109.43 28.2636 
-109.468 28.1993 
-109.502 28.1334 
-109.532 28.066 
-109.557 27.9975 
-109.578 27.928 
-109.595 27.8579 
-109.607 27.7873 
-109.615 27.7165 
-109.619 27.6457 
-109.619 27.575 
-109.615 27.5047 
-109.616 27.4277 
-109.616 27.3571 
-109.612 27.2868 
-109.604 27.2171 
-109.593 27.148 
-109.585 27.1059 
-109.585 27.0352 
-109.581 26.965 
-109.573 26.8952 
-109.561 26.8262 
-109.546 26.7579 
-109.527 26.6907 
-109.505 26.6245 
-109.48 26.5595 
-109.451 26.4958 
-109.466 26.4498 
-109.5 26.3839 
-109.529 26.3166 
-109.554 26.2481 
-109.575 26.1786 
-109.591 26.1085 
-109.603 26.0379 
-109.611 25.9671 
-109.615 25.8963 
-109.615 25.8257 
-109.611 25.7554 
-109.603 25.6857 
-109.592 25.6166 
-109.577 25.5484 
-109.559 25.4811 
-109.537 25.4149 
-109.512 25.3499 
-109.484 25.2862 
-109.453 25.2239 
-109.419 25.1631 
-109.382 25.1038 
-109.342 25.0461 
-109.3 24.9901 
-109.255 24.9359 
-109.208 24.8835 
-109.184 24.8213 
-109.162 24.7551 
-109.137 24.6901 
-109.109 24.6264 
-109.078 24.5641 
-109.044 24.5033 
-109.008 24.4439 
-108.968 24.3863 
-108.927 24.3303 
-108.882 24.276 
-108.835 24.2236 
-108.786 24.1731 
-108.735 24.1246 
-108.681 24.078 
-108.625 24.0336 
-108.567 23.9914 
-108.507 23.9513 
-108.446 23.9136 
-108.382 23.8784 
-108.317 23.8456 
-108.249 23.8153 
-108.181 23.7878 
-108.111 23.763 
-108.039 23.7411 
-107.966 23.7221 
-107.892 23.7062 
-107.817 23.6935 
-107.741 23.6841 
-107.665 23.6781 
-107.578 23.6601 
-107.522 23.6157 
-107.464 23.5734 
-107.41 23.5261 
-107.354 23.4817 
-107.297 23.4394 
-107.237 23.3994 
-107.175 23.3617 
-107.112 23.3264 
-107.047 23.2936 
-106.98 23.2634 
-106.914 23.2177 
-106.861 23.1712 
-106.806 23.1267 
-106.748 23.0845 
-106.689 23.0444 
-106.627 23.0067 
-106.564 22.9714 
-106.499 22.9386 
-106.433 22.9084 
-106.364 22.8808 
-106.295 22.856 
-106.224 22.8341 
-106.151 22.8151 
-106.078 22.7992 
-106.003 22.7865 
-105.928 22.7771 
-105.852 22.7711 
-105.775 22.7685 
-105.698 22.7695 
-105.621 22.7741 
-105.534 22.7725 
-105.459 22.7631 
-105.383 22.7571 
-105.306 22.7545 
-105.229 22.7555 
-105.152 22.7601 
-105.075 22.7684 
-104.999 22.7805 
-104.876 22.7591 
-104.81 22.7257 
-104.742 22.6948 
-104.673 22.6664 
-104.602 22.6406 
-104.53 22.6175 
-104.457 22.5972 
-104.382 22.5797 
-104.306 22.5653 
-104.229 22.5541 
-104.151 22.546 
-104.054 22.5361 
-103.976 22.528 
-103.898 22.5234 
-103.819 22.5222 
-103.739 22.5247 
-103.659 22.5308 
-103.58 22.5408 
-103.5 22.5548 
-103.401 22.5187 
-103.351 22.4638 
-103.299 22.4109 
-103.245 22.3599 
-103.189 22.3108 
-103.132 22.2638 
-103.073 22.2186 
-103.012 22.1755 
-102.949 22.1344 
-102.885 22.0953 
-102.819 22.0584 
-102.751 22.0235 
-102.717 21.9961 
-102.674 21.9354 
-102.628 21.8767 
-102.581 21.8198 
-102.531 21.765 
-102.479 21.712 
-102.426 21.661 
-102.37 21.612 
-102.313 21.5649 
-102.254 21.5197 
-102.193 21.4766 
-102.131 21.4355 
-102.067 21.3964 
-102.001 21.3594 
-101.934 21.3246 
-101.865 21.292 
-101.794 21.2617 
-101.722 21.2338 
-101.648 21.2084 
-101.572 21.1856 
-101.496 21.1656 
-101.417 21.1484 
-101.337 21.1343 
-101.257 21.1234 
-101.175 21.1159 
-101.092 21.112 
-101.008 21.1118 
-100.923 21.1156 
-100.839 21.1234 
-100.754 21.1355 
-100.648 21.1246 
-100.571 21.1046 
-100.493 21.0874 
-100.413 21.0733 
-100.333 21.0624 
-100.251 21.0549 
-100.168 21.051 
-100.084 21.0508 
-99.9996 21.0546 
-99.915 21.0624 
-99.8303 21.0745 
-99.746 21.0911 
-99.6622 21.1122 
-99.5795 21.138 
-99.4981 21.1686 
-99.4186 21.2039 
-99.3414 21.244 
-99.2668 21.2888 
-99.1954 21.3382 
-99.1276 21.392 
-99.0637 21.45 
-99.0042 21.512 
-98.9493 21.5776 
-98.8993 21.6464 
-98.8545 21.7181 
-98.8192 21.7567 
-98.7476 21.8061 
-98.6795 21.8599 
-98.6154 21.9179 
-98.5557 21.9799 
-98.5006 22.0454 
-98.4504 22.1143 
-98.4054 22.186 
-98.3658 22.2602 
-98.3315 22.3364 
-98.3027 22.4143 
-98.2794 22.4934 
-98.2614 22.5734 
-98.2488 22.6538 
-98.2412 22.7343 
-98.2387 22.8145 
-98.2409 22.8942 
-98.2477 22.9731 
-98.2588 23.051 
-98.274 23.1277 
-98.293 23.203 
-98.3158 23.2768 
-98.342 23.3489 
-98.3714 23.4193 
-98.4039 23.488 
-98.4305 23.5819 
-98.4278 23.6621 
-98.43 23.7418 
-98.4368 23.8207 
-98.4479 23.8986 
-98.4632 23.9753 
-98.4824 24.0506 
-98.5052 24.1244 
-98.5315 24.1966 
-98.5611 24.267 
-98.5938 24.3357 
-98.6294 24.4025 
-98.6677 24.4675 
-98.7086 24.5305 
-98.752 24.5917 
-98.7978 24.6509 
-98.8314 24.712 
-98.8507 24.7873 
-98.8736 24.8611 
-98.9001 24.9333 
-98.9298 25.0037 
-98.9626 25.0724 
-98.9708 25.1452 
-98.982 25.2231 
-98.9973 25.2998 
-99.0166 25.3751 
-99.0397 25.4489 
-99.0662 25.521 
-99.0961 25.5915 
-99.1291 25.6602 
-99.165 25.727 
-99.2037 25.792 
-99.245 25.8551 
-99.2888 25.9163 
-99.335 25.9755 
-99.3835 26.0328 
-99.4342 26.0882 
-99.487 26.1416 
-99.5419 26.1931 
-99.5988 26.2426 
-99.6576 26.2902 
-99.6844 26.3139 
-99.7204 26.3808 
-99.7593 26.4458 
-99.8009 26.5089 
-99.8449 26.5701 
-99.8914 26.6293 
-99.9401 26.6867 
-99.9911 26.742 
-100.044 26.7955 
-100.099 26.847 
-100.157 26.8965 
-100.216 26.9441 
-100.277 26.9897 
-100.34 27.0332 
-100.405 27.0747 
-100.472 27.1141 
-100.54 27.1514 
-100.611 27.1865 
-100.683 27.2192 
-100.703 27.2352 
-100.752 27.2925 
-100.803 27.3479 
-100.857 27.4014 
-100.912 27.4529 
-100.97 27.5024 
-101.029 27.55 
-101.09 27.5956 
-101.154 27.6392 
-101.219 27.6807 
-101.286 27.7201 
-101.355 27.7574 
-101.426 27.7924 
-101.499 27.8252 
-101.573 27.8556 
-101.65 27.8835 
-101.728 27.9089 
-101.807 27.9315 
-101.889 27.9513 
-101.972 27.9681 
-102.056 27.9817 
-102.142 27.992 
-102.229 27.9988 
-102.316 28.0019 
-102.405 28.0012 
-102.494 27.9963 
-102.584 27.9872 
-102.673 27.9737 
-102.762 27.9557 
-102.85 27.933 
-102.937 27.9055 
-103.022 27.8732 
>
