116.649 6.99734 
116.596 7.02718 
116.54 7.05431 
116.484 7.07866 
116.426 7.10017 
116.367 7.11878 
116.308 7.13445 
116.247 7.14713 
116.186 7.15679 
116.125 7.16342 
116.063 7.16698 
116.022 7.16766 
115.961 7.16613 
115.899 7.16153 
115.838 7.15388 
115.777 7.1432 
115.719 7.13092 
115.658 7.13448 
115.617 7.13516 
115.555 7.13363 
115.494 7.12903 
115.432 7.12138 
115.372 7.1107 
115.311 7.09701 
115.252 7.08035 
115.194 7.06076 
115.136 7.03829 
115.08 7.013 
115.025 6.98495 
114.972 6.9542 
114.92 6.92085 
114.87 6.88497 
114.822 6.84665 
114.776 6.80599 
114.732 6.76309 
114.691 6.71806 
114.628 6.68686 
114.566 6.68533 
114.504 6.68073 
114.443 6.67308 
114.383 6.6624 
114.323 6.64872 
114.263 6.63206 
114.205 6.61247 
114.148 6.59001 
114.091 6.56472 
114.037 6.53667 
113.983 6.50593 
113.932 6.47258 
113.882 6.43671 
113.834 6.39839 
113.788 6.35774 
113.744 6.31484 
113.702 6.26982 
113.663 6.22277 
113.626 6.17382 
113.591 6.1231 
113.559 6.07073 
113.53 6.01684 
113.504 5.96156 
113.48 5.90504 
113.46 5.84741 
113.442 5.78883 
113.427 5.72943 
113.415 5.66937 
113.406 5.60879 
113.4 5.54786 
113.398 5.48671 
113.398 5.4255 
113.402 5.36439 
113.408 5.30353 
113.418 5.24307 
113.43 5.18316 
113.446 5.12395 
113.464 5.06558 
113.486 5.00822 
113.51 4.95199 
113.537 4.89703 
113.567 4.84349 
113.599 4.7915 
113.634 4.74118 
113.672 4.69267 
113.712 4.64608 
113.754 4.60153 
113.798 4.55913 
113.844 4.51898 
113.893 4.48119 
113.943 4.44585 
113.994 4.41305 
114.048 4.38287 
114.103 4.35538 
114.159 4.33065 
114.216 4.30875 
114.275 4.28973 
114.334 4.27363 
114.394 4.2605 
114.454 4.25037 
114.515 4.24326 
114.576 4.2392 
114.638 4.23818 
114.699 4.24022 
114.76 4.24531 
114.821 4.25344 
114.882 4.26458 
114.941 4.27872 
115 4.2958 
115.058 4.3158 
115.115 4.33865 
115.171 4.36432 
115.225 4.39272 
115.278 4.42379 
115.329 4.45746 
115.379 4.49363 
115.427 4.53222 
115.472 4.57314 
115.516 4.61627 
115.557 4.66152 
115.627 4.68648 
115.688 4.68852 
115.75 4.69361 
115.832 4.68074 
115.891 4.66172 
115.95 4.64563 
116.01 4.6325 
116.071 4.62237 
116.132 4.61526 
116.193 4.6112 
116.254 4.61018 
116.316 4.61222 
116.377 4.61731 
116.438 4.62544 
116.498 4.63658 
116.558 4.65071 
116.617 4.66779 
116.675 4.68779 
116.732 4.71064 
116.788 4.7363 
116.842 4.7647 
116.895 4.79577 
116.946 4.82943 
116.996 4.8656 
117.043 4.90419 
117.089 4.9451 
117.133 4.98823 
117.174 5.03348 
117.213 5.08072 
117.25 5.12985 
117.284 5.18074 
117.315 5.23326 
117.344 5.28729 
117.37 5.34269 
117.394 5.39931 
117.414 5.45703 
117.432 5.51569 
117.446 5.57515 
117.458 5.63526 
117.467 5.69588 
117.472 5.75684 
117.475 5.818 
117.474 5.8792 
117.47 5.9403 
117.463 6.00113 
117.454 6.06155 
117.441 6.12141 
117.425 6.18055 
117.406 6.23883 
117.384 6.2961 
117.36 6.35223 
117.332 6.40705 
117.302 6.46045 
117.269 6.51229 
117.234 6.56243 
117.196 6.61076 
117.156 6.65714 
117.114 6.70147 
117.069 6.74363 
117.022 6.78351 
116.974 6.82102 
116.923 6.85606 
116.871 6.88854 
116.817 6.91839 
116.762 6.94552 
116.705 6.96987 
>
120.366 8.69794 
120.336 8.75136 
120.303 8.80322 
120.268 8.85339 
120.23 8.90174 
120.189 8.94815 
120.146 8.9925 
120.102 9.03469 
120.055 9.0746 
120.006 9.11213 
119.955 9.1472 
119.902 9.1797 
119.848 9.20957 
119.793 9.23672 
119.736 9.26109 
119.678 9.28262 
119.619 9.30124 
119.559 9.31692 
119.498 9.32961 
119.437 9.33928 
119.375 9.34591 
119.313 9.34948 
119.272 9.35016 
119.21 9.34862 
119.148 9.34402 
119.086 9.33637 
119.025 9.32568 
118.965 9.31198 
118.905 9.2953 
118.847 9.2757 
118.789 9.25321 
118.732 9.2279 
118.677 9.19983 
118.624 9.16906 
118.572 9.13569 
118.522 9.09978 
118.473 9.06144 
118.427 9.02075 
118.383 8.97782 
118.341 8.93277 
118.301 8.88569 
118.264 8.83672 
118.229 8.78596 
118.197 8.73356 
118.168 8.67965 
118.142 8.62435 
118.118 8.5678 
118.097 8.51016 
118.079 8.45156 
118.064 8.39214 
118.052 8.33207 
118.044 8.27149 
118.038 8.21054 
118.035 8.14939 
118.036 8.08819 
118.039 8.02708 
118.046 7.96622 
118.056 7.90577 
118.068 7.84587 
118.084 7.78668 
118.103 7.72833 
118.124 7.67099 
118.149 7.61478 
118.134 7.58658 
118.088 7.54591 
118.044 7.503 
118.002 7.45796 
117.963 7.4109 
117.926 7.36194 
117.891 7.31121 
117.859 7.25882 
117.83 7.20492 
117.804 7.14963 
117.78 7.0931 
117.759 7.03547 
117.741 6.97687 
117.727 6.91747 
117.715 6.8574 
117.706 6.79682 
117.7 6.73588 
117.697 6.67473 
117.698 6.61353 
117.701 6.55242 
117.708 6.49156 
117.718 6.4311 
117.73 6.3712 
117.746 6.31199 
117.764 6.25364 
117.786 6.19628 
117.81 6.14006 
117.837 6.08512 
117.867 6.03159 
117.9 5.97961 
117.935 5.9293 
117.972 5.8808 
118.012 5.83423 
118.054 5.78969 
118.099 5.7473 
118.145 5.70717 
118.194 5.66939 
118.244 5.63407 
118.296 5.60128 
118.349 5.57111 
118.404 5.54363 
118.46 5.51891 
118.518 5.49702 
118.576 5.47801 
118.636 5.46192 
118.696 5.44879 
118.756 5.43866 
118.817 5.43156 
118.879 5.4275 
118.94 5.42648 
119.002 5.42852 
119.063 5.43361 
119.124 5.44173 
119.184 5.45287 
119.244 5.467 
119.303 5.48408 
119.361 5.50406 
119.418 5.52691 
119.474 5.55256 
119.529 5.58095 
119.582 5.61202 
119.633 5.64567 
119.683 5.68183 
119.73 5.72041 
119.776 5.76131 
119.82 5.80443 
119.861 5.84967 
119.9 5.8969 
119.937 5.94602 
119.971 5.99691 
120.003 6.04942 
120.032 6.10344 
120.058 6.15883 
120.082 6.21545 
120.102 6.27316 
120.12 6.33182 
120.134 6.39127 
120.146 6.45138 
120.154 6.51199 
120.16 6.57295 
120.162 6.63411 
120.162 6.69531 
120.158 6.75641 
120.151 6.81724 
120.17 6.85278 
120.22 6.88892 
120.268 6.92749 
120.313 6.96838 
120.357 7.01149 
120.399 7.05671 
120.438 7.10393 
120.475 7.15304 
120.509 7.20391 
120.541 7.25641 
120.57 7.31042 
120.596 7.3658 
120.62 7.42241 
120.64 7.48011 
120.658 7.53875 
120.673 7.5982 
120.684 7.65831 
120.693 7.71891 
120.698 7.77987 
120.701 7.84103 
120.7 7.90223 
120.697 7.96333 
120.69 8.02417 
120.68 8.0846 
120.667 8.14446 
120.651 8.20362 
120.632 8.26191 
120.611 8.3192 
120.586 8.37534 
120.559 8.43019 
120.528 8.48361 
120.495 8.53547 
120.46 8.58563 
120.422 8.63398 
120.382 8.68038 
>
121.107 2.31804 
121.046 2.3104 
120.986 2.29974 
120.926 2.28608 
120.868 2.26945 
120.809 2.24989 
120.752 2.22746 
120.697 2.20221 
120.642 2.1742 
120.589 2.14351 
120.538 2.1102 
120.488 2.07437 
120.44 2.03611 
120.395 1.9955 
120.351 1.95266 
120.289 1.91371 
120.229 1.90304 
120.169 1.88938 
120.11 1.87275 
120.052 1.8532 
119.995 1.83077 
119.939 1.80553 
119.885 1.77752 
119.832 1.74683 
119.781 1.71353 
119.731 1.67771 
119.683 1.63945 
119.637 1.59884 
119.594 1.556 
119.552 1.51103 
119.513 1.46404 
119.476 1.41515 
119.442 1.36448 
119.41 1.31215 
119.381 1.2583 
119.354 1.20307 
119.331 1.14659 
119.31 1.089 
119.292 1.03044 
119.277 0.971071 
119.266 0.91103 
119.257 0.850469 
119.251 0.789542 
119.248 0.728398 
119.248 0.667192 
119.252 0.606075 
119.258 0.545202 
119.255 0.484011 
119.252 0.422868 
119.253 0.361661 
119.256 0.300545 
119.262 0.239671 
119.272 0.179191 
119.284 0.119257 
119.3 0.0600182 
119.318 0.00162289 
119.339 -0.0557832 
119.363 -0.112057 
119.39 -0.167057 
119.42 -0.220646 
119.452 -0.272691 
119.487 -0.323061 
119.524 -0.37163 
119.564 -0.418278 
119.606 -0.462887 
119.65 -0.505345 
119.696 -0.545548 
119.744 -0.583394 
119.794 -0.618789 
119.845 -0.651643 
119.899 -0.681876 
119.953 -0.709411 
120.009 -0.73418 
120.066 -0.75612 
120.125 -0.775177 
120.184 -0.791302 
120.243 -0.804457 
120.304 -0.814607 
120.365 -0.821728 
120.426 -0.825801 
120.487 -0.826817 
120.548 -0.824772 
120.609 -0.819673 
120.67 -0.811531 
120.73 -0.800367 
120.789 -0.786209 
120.848 -0.769093 
120.906 -0.749061 
120.963 -0.726163 
121.018 -0.700457 
121.073 -0.672006 
121.125 -0.640883 
121.176 -0.607165 
121.226 -0.570936 
121.294 -0.543597 
121.352 -0.523567 
121.409 -0.500671 
121.464 -0.474967 
121.518 -0.446518 
121.571 -0.415398 
121.622 -0.381682 
121.672 -0.345455 
121.719 -0.306808 
121.765 -0.265838 
121.808 -0.222646 
121.849 -0.177342 
121.888 -0.130037 
121.924 -0.0808508 
121.958 -0.0299057 
121.99 0.0226709 
122.048 0.0574899 
122.106 0.0775162 
122.163 0.100408 
122.218 0.126107 
122.272 0.154549 
122.325 0.185664 
122.376 0.219374 
122.426 0.255594 
122.473 0.294234 
122.519 0.335197 
122.562 0.378382 
122.603 0.42368 
122.642 0.470978 
122.678 0.520157 
122.712 0.571096 
122.744 0.623667 
122.772 0.677738 
122.798 0.733174 
122.821 0.789838 
122.842 0.847587 
122.859 0.906277 
122.874 0.965762 
122.885 1.02589 
122.893 1.08652 
122.899 1.14749 
122.901 1.20865 
122.9 1.26986 
122.896 1.33094 
122.89 1.39177 
122.88 1.45217 
122.867 1.51201 
122.851 1.57112 
122.832 1.62937 
122.811 1.68661 
122.786 1.74269 
122.759 1.79748 
122.729 1.85084 
122.696 1.90262 
122.661 1.95272 
122.623 2.00099 
122.583 2.04732 
122.541 2.09159 
122.496 2.1337 
122.45 2.17353 
122.401 2.21099 
122.351 2.24598 
122.299 2.27842 
122.246 2.30822 
122.191 2.33531 
122.135 2.35962 
122.077 2.38109 
122.019 2.39967 
121.96 2.4153 
121.9 2.42796 
121.839 2.43761 
121.778 2.44422 
121.717 2.44779 
121.677 2.44846 
121.615 2.44693 
121.554 2.44234 
121.493 2.4347 
121.433 2.42404 
121.373 2.41037 
121.314 2.39374 
121.256 2.37419 
121.199 2.35175 
121.144 2.3265 
>
128.561 14.7189 
128.604 14.7641 
128.645 14.8112 
128.683 14.8602 
128.718 14.911 
128.751 14.9634 
128.781 15.0174 
128.808 15.0727 
128.832 15.1292 
128.853 15.1868 
128.872 15.2454 
128.887 15.3049 
128.899 15.3649 
128.908 15.4255 
128.914 15.4864 
128.917 15.5476 
128.916 15.6088 
128.913 15.6699 
128.906 15.7308 
128.896 15.7912 
128.883 15.8511 
128.867 15.9103 
128.848 15.9687 
128.825 16.026 
128.836 16.0605 
128.855 16.119 
128.87 16.1784 
128.882 16.2385 
128.892 16.2991 
128.898 16.36 
128.9 16.4212 
128.9 16.4824 
128.896 16.5435 
128.89 16.6044 
128.88 16.6648 
128.867 16.7247 
128.85 16.7839 
128.831 16.8423 
128.809 16.8996 
128.783 16.9558 
128.755 17.0108 
128.724 17.0643 
128.69 17.1162 
128.654 17.1665 
128.614 17.2149 
128.573 17.2615 
128.529 17.3059 
128.482 17.3482 
128.434 17.3882 
128.383 17.4258 
128.331 17.461 
128.276 17.4936 
128.22 17.5235 
128.163 17.5508 
128.104 17.5752 
128.044 17.5968 
127.983 17.6155 
127.921 17.6312 
127.858 17.6439 
127.795 17.6536 
127.731 17.6603 
127.667 17.6639 
127.624 17.6646 
127.56 17.663 
127.496 17.6584 
127.432 17.6507 
127.369 17.64 
127.306 17.6263 
127.244 17.6095 
127.184 17.5899 
127.124 17.5673 
127.066 17.5419 
127.009 17.5138 
126.953 17.4829 
126.899 17.4494 
126.847 17.4134 
126.798 17.375 
126.75 17.3342 
126.704 17.2912 
126.661 17.246 
126.62 17.1989 
126.582 17.1498 
126.546 17.0989 
126.513 17.0465 
126.483 16.9925 
126.456 16.9371 
126.431 16.8805 
126.41 16.8228 
126.392 16.7641 
126.377 16.7046 
126.365 16.6445 
126.356 16.5839 
126.35 16.523 
126.348 16.4618 
126.348 16.4006 
126.352 16.3395 
126.359 16.2787 
126.327 16.237 
126.271 16.2088 
126.216 16.178 
126.162 16.1445 
126.111 16.1086 
126.061 16.0701 
126.014 16.0294 
125.968 15.9864 
125.925 15.9412 
125.872 15.9308 
125.809 15.9344 
125.766 15.9351 
125.703 15.9335 
125.639 15.9289 
125.576 15.9212 
125.513 15.9105 
125.451 15.8968 
125.39 15.8801 
125.33 15.8604 
125.271 15.8379 
125.213 15.8125 
125.156 15.7844 
125.101 15.7535 
125.048 15.7201 
124.997 15.6841 
124.947 15.6457 
124.9 15.6049 
124.855 15.5619 
124.812 15.5168 
124.771 15.4696 
124.733 15.4206 
124.698 15.3697 
124.665 15.3173 
124.635 15.2633 
124.608 15.2079 
124.584 15.1513 
124.563 15.0936 
124.545 15.035 
124.53 14.9755 
124.508 14.9107 
124.472 14.8598 
124.44 14.8074 
124.41 14.7534 
124.383 14.698 
124.359 14.6414 
124.338 14.5838 
124.319 14.5251 
124.304 14.4657 
124.292 14.4056 
124.284 14.345 
124.278 14.284 
124.253 14.2289 
124.191 14.2182 
124.129 14.2045 
124.069 14.1878 
124.009 14.1682 
123.95 14.1456 
123.893 14.1203 
123.837 14.0922 
123.782 14.0613 
123.729 14.0279 
123.678 13.992 
123.629 13.9536 
123.582 13.9128 
123.537 13.8698 
123.495 13.8247 
123.454 13.7776 
123.417 13.7285 
123.382 13.6777 
123.349 13.6253 
123.319 13.5713 
123.293 13.516 
123.269 13.4594 
123.247 13.4017 
123.229 13.3431 
123.214 13.2836 
123.202 13.2235 
123.194 13.1629 
123.188 13.102 
123.185 13.0408 
123.186 12.9796 
123.19 12.9185 
123.197 12.8577 
123.206 12.7973 
123.219 12.7374 
123.236 12.6782 
123.255 12.6199 
123.277 12.5626 
123.302 12.5064 
123.329 12.4515 
123.36 12.3981 
123.393 12.3462 
123.429 12.2959 
123.467 12.2475 
123.508 12.201 
123.551 12.1565 
123.555 12.0969 
123.503 12.0635 
123.452 12.0275 
123.403 11.9891 
123.357 11.9484 
123.312 11.9055 
123.27 11.8604 
123.23 11.8133 
123.193 11.7643 
123.158 11.7135 
123.125 11.661 
123.096 11.6071 
123.069 11.5518 
123.045 11.4952 
123.024 11.4375 
123.006 11.3789 
122.991 11.3195 
122.98 11.2594 
122.971 11.1988 
122.965 11.1379 
122.962 11.0767 
122.963 11.0155 
122.967 10.9544 
122.973 10.8935 
122.983 10.8331 
122.996 10.7732 
123.012 10.714 
123.031 10.6557 
123.053 10.5984 
123.077 10.5422 
123.105 10.4873 
123.135 10.4338 
123.168 10.3819 
123.204 10.3316 
123.242 10.2832 
123.282 10.2367 
123.325 10.1922 
123.37 10.1498 
123.417 10.1098 
123.466 10.072 
123.516 10.0367 
123.569 10.004 
123.623 9.97388 
123.679 9.94644 
123.735 9.92176 
123.793 9.8999 
123.853 9.88092 
123.912 9.86486 
123.973 9.85175 
124.034 9.84164 
124.096 9.83455 
124.158 9.83049 
124.22 9.82948 
124.282 9.83152 
124.344 9.8366 
124.406 9.84471 
124.467 9.85583 
124.527 9.86993 
124.559 9.87639 
124.622 9.87538 
124.684 9.87742 
124.746 9.8825 
124.807 9.89061 
124.868 9.90173 
124.929 9.91583 
124.988 9.93288 
125.047 9.95284 
125.105 9.97565 
125.161 10.0013 
125.216 10.0296 
125.27 10.0606 
125.322 10.0942 
125.372 10.1303 
125.42 10.1689 
125.467 10.2097 
125.511 10.2528 
125.553 10.298 
125.592 10.3452 
125.63 10.3942 
125.664 10.4451 
125.696 10.4975 
125.726 10.5515 
125.752 10.6069 
125.776 10.6634 
125.797 10.7211 
125.867 10.7851 
125.928 10.7992 
125.988 10.8163 
126.047 10.8362 
126.104 10.859 
126.161 10.8846 
126.216 10.913 
126.27 10.944 
126.322 10.9776 
126.372 11.0137 
126.421 11.0522 
126.467 11.093 
126.512 11.1361 
126.554 11.1813 
126.594 11.2284 
126.631 11.2775 
126.666 11.3283 
126.698 11.3808 
126.727 11.4347 
126.754 11.4901 
126.778 11.5467 
126.799 11.6043 
126.817 11.663 
126.832 11.7224 
126.844 11.7825 
126.852 11.8431 
126.858 11.904 
126.861 11.9652 
126.883 12.032 
126.951 12.0532 
127.014 12.0492 
127.076 12.0482 
127.139 12.0502 
127.201 12.0553 
127.263 12.0634 
127.325 12.0745 
127.386 12.0886 
127.446 12.1056 
127.505 12.1256 
127.563 12.1484 
127.62 12.174 
127.676 12.2023 
127.73 12.2333 
127.782 12.2669 
127.833 12.3029 
127.881 12.3415 
127.928 12.3823 
127.941 12.3894 
128.004 12.3884 
128.066 12.3904 
128.129 12.3955 
128.191 12.4036 
128.253 12.4147 
128.314 12.4288 
128.374 12.4458 
128.433 12.4658 
128.491 12.4886 
128.548 12.5141 
128.604 12.5425 
128.658 12.5735 
128.71 12.607 
128.761 12.6431 
128.81 12.6816 
128.856 12.7224 
128.901 12.7655 
128.943 12.8106 
128.983 12.8578 
129.021 12.9068 
129.056 12.9576 
129.088 13.0101 
129.118 13.064 
129.145 13.1194 
129.169 13.1759 
129.19 13.2336 
129.208 13.2922 
129.223 13.3516 
129.235 13.4117 
129.244 13.4723 
129.25 13.5332 
129.253 13.5944 
129.252 13.6556 
129.249 13.7167 
129.242 13.7775 
129.232 13.838 
129.219 13.8979 
129.203 13.9571 
129.184 14.0154 
129.162 14.0727 
129.137 14.1289 
129.109 14.1838 
129.078 14.2373 
129.045 14.2892 
129.009 14.3394 
128.97 14.3879 
128.929 14.4343 
128.885 14.4788 
128.84 14.521 
128.792 14.561 
128.742 14.5986 
128.69 14.6337 
128.636 14.6663 
128.581 14.6962 
>
159.971 -20.4409 
159.999 -20.3853 
160.023 -20.3285 
160.044 -20.2706 
160.062 -20.2117 
160.077 -20.1521 
160.089 -20.0919 
160.097 -20.0312 
160.102 -19.9702 
160.104 -19.909 
160.103 -19.8478 
160.098 -19.7868 
160.09 -19.726 
160.079 -19.6657 
160.065 -19.606 
160.048 -19.547 
160.027 -19.4889 
160.004 -19.4318 
159.978 -19.3759 
159.948 -19.3213 
159.916 -19.2682 
159.881 -19.2166 
159.844 -19.1668 
159.803 -19.1187 
159.761 -19.0726 
159.716 -19.0286 
159.669 -18.9868 
159.619 -18.9472 
159.568 -18.91 
159.515 -18.8752 
159.46 -18.843 
159.403 -18.8134 
159.345 -18.7865 
159.285 -18.7624 
159.225 -18.7411 
159.163 -18.7226 
159.101 -18.7071 
159.037 -18.6946 
158.974 -18.685 
158.909 -18.6784 
158.845 -18.6749 
158.802 -18.6742 
158.737 -18.6758 
158.673 -18.6803 
158.609 -18.6879 
158.579 -18.6818 
158.6 -18.6239 
158.618 -18.5651 
158.633 -18.5055 
158.644 -18.4453 
158.652 -18.3846 
158.658 -18.3236 
158.66 -18.2625 
158.658 -18.2013 
158.654 -18.1402 
158.646 -18.0794 
158.635 -18.0191 
158.621 -17.9594 
158.604 -17.9004 
158.584 -17.8422 
158.561 -17.7852 
158.535 -17.7292 
158.506 -17.6746 
158.474 -17.6215 
158.439 -17.5699 
158.43 -17.487 
158.454 -17.4302 
158.475 -17.3723 
158.493 -17.3135 
158.507 -17.2539 
158.519 -17.1937 
158.527 -17.1331 
158.533 -17.072 
158.534 -17.0109 
158.533 -16.9497 
158.529 -16.8886 
158.521 -16.8278 
158.51 -16.7675 
158.497 -16.7078 
158.48 -16.6487 
158.46 -16.5906 
158.437 -16.5335 
158.411 -16.4776 
158.382 -16.423 
158.35 -16.3698 
158.316 -16.3182 
158.279 -16.2683 
158.24 -16.2203 
158.198 -16.1741 
158.153 -16.1301 
158.107 -16.0882 
158.058 -16.0486 
158.008 -16.0113 
157.955 -15.9765 
157.901 -15.9443 
157.846 -15.9147 
157.789 -15.8877 
157.73 -15.8636 
157.67 -15.8423 
157.61 -15.8238 
157.548 -15.8083 
157.486 -15.7957 
157.423 -15.7861 
157.36 -15.7795 
157.296 -15.776 
157.254 -15.7753 
157.191 -15.7769 
157.127 -15.7814 
157.064 -15.789 
157.001 -15.7996 
156.939 -15.8132 
156.878 -15.8297 
156.818 -15.8491 
156.759 -15.8714 
156.701 -15.8965 
156.644 -15.9243 
156.589 -15.9548 
156.535 -15.9879 
156.483 -16.0236 
156.433 -16.0616 
156.386 -16.102 
156.34 -16.1447 
156.296 -16.1894 
156.255 -16.2362 
156.217 -16.2849 
156.181 -16.3354 
156.147 -16.3875 
156.117 -16.4412 
156.089 -16.4963 
156.064 -16.5526 
156.042 -16.6101 
156.023 -16.6685 
156.007 -16.7278 
155.994 -16.7877 
155.984 -16.8482 
155.978 -16.9091 
155.974 -16.9702 
155.974 -17.0315 
155.977 -17.0926 
155.984 -17.1535 
155.993 -17.214 
156.006 -17.2741 
156.021 -17.3334 
156.04 -17.3919 
156.062 -17.4494 
156.087 -17.5059 
156.115 -17.561 
156.145 -17.6148 
156.179 -17.667 
156.197 -17.7479 
156.172 -17.8042 
156.15 -17.8617 
156.131 -17.9201 
156.114 -17.9794 
156.101 -18.0393 
156.092 -18.0998 
156.085 -18.1607 
156.082 -18.2218 
156.081 -18.283 
156.085 -18.3442 
156.091 -18.4051 
156.1 -18.4656 
156.113 -18.5257 
156.129 -18.585 
156.148 -18.6435 
156.17 -18.7011 
156.195 -18.7575 
156.223 -18.8127 
156.254 -18.8665 
156.287 -18.9187 
156.324 -18.9693 
156.363 -19.0181 
156.404 -19.0649 
156.449 -19.1097 
156.495 -19.1524 
156.544 -19.1928 
156.594 -19.2309 
156.647 -19.2665 
156.702 -19.2996 
156.758 -19.33 
156.816 -19.3577 
156.875 -19.3826 
156.936 -19.4047 
156.997 -19.4239 
157.06 -19.4401 
157.123 -19.4534 
157.187 -19.4636 
157.252 -19.4708 
157.316 -19.4749 
157.381 -19.4759 
157.446 -19.4739 
157.511 -19.4687 
157.575 -19.4605 
157.569 -19.5083 
157.55 -19.5667 
157.534 -19.626 
157.521 -19.6859 
157.511 -19.7464 
157.504 -19.8073 
157.5 -19.8684 
157.5 -19.9296 
157.503 -19.9908 
157.509 -20.0517 
157.519 -20.1122 
157.532 -20.1723 
157.548 -20.2316 
157.567 -20.2901 
157.589 -20.3477 
157.614 -20.4042 
157.642 -20.4593 
157.674 -20.5131 
157.708 -20.5654 
157.704 -20.6403 
157.678 -20.6966 
157.656 -20.754 
157.636 -20.8124 
157.62 -20.8717 
157.606 -20.9316 
157.596 -20.9921 
157.589 -21.053 
157.586 -21.1141 
157.586 -21.1753 
157.589 -21.2364 
157.595 -21.2974 
157.604 -21.3579 
157.617 -21.4179 
157.633 -21.4773 
157.653 -21.5359 
157.675 -21.5934 
157.7 -21.6499 
157.729 -21.7051 
157.76 -21.7589 
157.794 -21.8112 
157.832 -21.8618 
157.871 -21.9106 
157.914 -21.9575 
157.959 -22.0024 
158.006 -22.0451 
158.055 -22.0855 
158.107 -22.1236 
158.161 -22.1593 
158.216 -22.1924 
158.274 -22.2228 
158.333 -22.2506 
158.393 -22.2755 
158.455 -22.2976 
158.518 -22.3168 
158.581 -22.3331 
158.646 -22.3464 
158.711 -22.3566 
158.777 -22.3638 
158.843 -22.3679 
158.909 -22.3689 
158.975 -22.3669 
159.041 -22.3617 
159.107 -22.3535 
159.172 -22.3422 
159.236 -22.328 
159.3 -22.3107 
159.362 -22.2905 
159.424 -22.2674 
159.483 -22.2415 
159.542 -22.2129 
159.599 -22.1815 
159.654 -22.1476 
159.707 -22.1111 
159.758 -22.0722 
159.806 -22.031 
159.853 -21.9875 
159.897 -21.9419 
159.939 -21.8944 
159.977 -21.845 
160.014 -21.7938 
160.047 -21.741 
160.077 -21.6867 
160.105 -21.631 
160.129 -21.5742 
160.15 -21.5163 
160.169 -21.4574 
160.184 -21.3978 
160.195 -21.3376 
160.204 -21.2769 
160.209 -21.2159 
160.211 -21.1547 
160.209 -21.0935 
160.205 -21.0325 
160.197 -20.9717 
160.186 -20.9114 
160.171 -20.8517 
160.154 -20.7927 
160.133 -20.7346 
160.11 -20.6775 
160.083 -20.6216 
160.053 -20.5671 
160.021 -20.5139 
159.986 -20.4624 
>
167.132 -23.1812 
167.081 -23.1416 
167.028 -23.1045 
166.974 -23.0698 
166.917 -23.0376 
166.859 -23.0081 
166.799 -22.9812 
166.738 -22.9571 
166.675 -22.9359 
166.612 -22.9175 
166.548 -22.902 
166.483 -22.8894 
166.417 -22.8799 
166.351 -22.8733 
166.285 -22.8698 
166.241 -22.8691 
166.174 -22.8707 
166.108 -22.8752 
166.042 -22.8828 
165.977 -22.8933 
165.912 -22.9069 
165.848 -22.9233 
165.785 -22.9427 
165.723 -22.9649 
165.662 -22.9899 
165.603 -23.0177 
165.545 -23.0481 
165.489 -23.0812 
165.435 -23.1167 
165.383 -23.1547 
165.333 -23.195 
165.285 -23.2375 
165.239 -23.2822 
165.196 -23.3289 
165.156 -23.3775 
165.118 -23.4279 
165.083 -23.4799 
165.051 -23.5335 
165.021 -23.5885 
164.995 -23.6448 
164.972 -23.7022 
164.952 -23.7606 
164.935 -23.8198 
164.921 -23.8797 
164.911 -23.9402 
164.904 -24.0011 
164.9 -24.0622 
164.9 -24.1234 
164.903 -24.1845 
164.909 -24.2455 
164.919 -24.306 
164.932 -24.3661 
164.948 -24.4255 
164.943 -24.5234 
164.914 -24.5784 
164.887 -24.6347 
164.864 -24.6921 
164.844 -24.7504 
164.827 -24.8097 
164.813 -24.8696 
164.802 -24.93 
164.795 -24.9909 
164.792 -25.052 
164.791 -25.1132 
164.776 -25.208 
164.749 -25.2642 
164.725 -25.3216 
164.705 -25.38 
164.688 -25.4392 
164.674 -25.4991 
164.663 -25.5596 
164.656 -25.6204 
164.652 -25.6815 
164.652 -25.7428 
164.655 -25.8039 
164.656 -25.8699 
164.639 -25.9292 
164.625 -25.9891 
164.615 -26.0495 
164.607 -26.1104 
164.604 -26.1715 
164.603 -26.2327 
164.606 -26.2939 
164.613 -26.3548 
164.622 -26.4154 
164.636 -26.4754 
164.652 -26.5348 
164.672 -26.5934 
164.695 -26.651 
164.708 -26.6884 
164.701 -26.7492 
164.697 -26.8103 
164.697 -26.8715 
164.7 -26.9327 
164.706 -26.9936 
164.716 -27.0542 
164.729 -27.1143 
164.746 -27.1737 
164.766 -27.2322 
164.789 -27.2899 
164.815 -27.3464 
164.845 -27.4016 
164.878 -27.4555 
164.914 -27.5079 
164.952 -27.5585 
164.994 -27.6074 
165.038 -27.6544 
165.085 -27.6994 
165.134 -27.7422 
165.186 -27.7827 
165.24 -27.8209 
165.297 -27.8566 
165.355 -27.8897 
165.415 -27.9203 
165.476 -27.9481 
165.54 -27.9731 
165.604 -27.9953 
165.67 -28.0145 
165.737 -28.0308 
165.805 -28.0441 
165.873 -28.0544 
165.942 -28.0616 
166.011 -28.0657 
166.08 -28.0667 
166.15 -28.0646 
166.219 -28.0595 
166.288 -28.0513 
166.356 -28.04 
166.423 -28.0257 
166.49 -28.0084 
166.555 -27.9881 
166.619 -27.965 
166.682 -27.939 
166.743 -27.9103 
166.803 -27.8789 
166.86 -27.8449 
166.916 -27.8083 
166.969 -27.7693 
167.02 -27.728 
167.069 -27.6845 
167.115 -27.6388 
167.158 -27.5912 
167.199 -27.5417 
167.236 -27.4904 
167.271 -27.4376 
167.303 -27.3832 
167.331 -27.3275 
167.357 -27.2706 
167.379 -27.2126 
167.398 -27.1538 
167.413 -27.0941 
167.425 -27.0339 
167.434 -26.9732 
167.439 -26.9121 
167.441 -26.8509 
167.439 -26.7898 
167.443 -26.7572 
167.472 -26.7015 
167.497 -26.6446 
167.519 -26.5866 
167.538 -26.5277 
167.553 -26.4681 
167.565 -26.4079 
167.574 -26.3471 
167.579 -26.2861 
167.581 -26.2249 
167.579 -26.1637 
167.575 -26.1027 
167.566 -26.0419 
167.554 -25.9817 
167.539 -25.922 
167.521 -25.863 
167.5 -25.805 
167.475 -25.7479 
167.447 -25.6921 
167.416 -25.6376 
167.386 -25.5691 
167.411 -25.5122 
167.433 -25.4543 
167.452 -25.3954 
167.467 -25.3358 
167.479 -25.2756 
167.488 -25.2149 
167.493 -25.1538 
167.495 -25.0926 
167.493 -25.0315 
167.488 -24.9704 
167.48 -24.9097 
167.468 -24.8494 
167.494 -24.8303 
167.549 -24.8659 
167.605 -24.8991 
167.664 -24.9296 
167.724 -24.9573 
167.786 -24.9823 
167.849 -25.0045 
167.913 -25.0237 
167.978 -25.04 
168.044 -25.0532 
168.11 -25.0635 
168.178 -25.0707 
168.245 -25.0748 
168.313 -25.0758 
168.38 -25.0738 
168.447 -25.0686 
168.514 -25.0604 
168.581 -25.0491 
168.646 -25.0348 
168.711 -25.0175 
168.775 -24.9973 
168.838 -24.9742 
168.899 -24.9483 
168.958 -24.9196 
169.016 -24.8882 
169.072 -24.8542 
169.127 -24.8177 
169.179 -24.7788 
169.228 -24.7375 
169.276 -24.694 
169.321 -24.6484 
169.363 -24.6008 
169.403 -24.5514 
169.439 -24.5001 
169.473 -24.4473 
169.504 -24.393 
169.532 -24.3373 
169.557 -24.2804 
169.579 -24.2225 
169.597 -24.1637 
169.612 -24.104 
169.624 -24.0438 
169.633 -23.9831 
169.638 -23.9221 
169.64 -23.8609 
169.638 -23.7997 
169.634 -23.7386 
169.625 -23.6779 
169.614 -23.6176 
169.599 -23.5579 
169.581 -23.4989 
169.56 -23.4408 
169.536 -23.3838 
169.509 -23.328 
169.479 -23.2734 
169.446 -23.2203 
169.41 -23.1688 
169.371 -23.119 
169.33 -23.071 
169.286 -23.025 
169.239 -22.981 
169.191 -22.9392 
169.14 -22.8997 
169.087 -22.8625 
169.033 -22.8278 
168.976 -22.7956 
168.918 -22.7661 
168.858 -22.7392 
168.797 -22.7151 
168.735 -22.6939 
168.672 -22.6755 
168.608 -22.66 
168.543 -22.6474 
168.477 -22.6379 
168.411 -22.6313 
168.345 -22.6278 
168.301 -22.6271 
168.235 -22.6287 
168.169 -22.6332 
168.103 -22.6408 
168.038 -22.6513 
167.973 -22.6649 
167.909 -22.6813 
167.846 -22.7007 
167.784 -22.7229 
167.724 -22.748 
167.665 -22.7757 
167.607 -22.8062 
167.551 -22.8392 
167.497 -22.8747 
167.445 -22.9127 
167.395 -22.953 
167.347 -22.9956 
167.302 -23.0402 
167.259 -23.0869 
167.218 -23.1355 
167.18 -23.1859 
>
