-9.21587 -14.8241 
-9.03732 -14.5146 
-8.90638 -14.1904 
-8.83321 -13.8584 
-8.82543 -13.5265 
-8.8583 -13.3107 
-8.91975 -13.0949 
-8.68018 -12.8273 
-8.46593 -12.5379 
-8.28764 -12.2291 
-8.15638 -11.9055 
-8.08227 -11.5738 
-8.07294 -11.242 
-8.10449 -11.026 
-8.20861 -10.7133 
-8.37644 -10.4227 
-8.5994 -10.1597 
-8.86625 -9.9276 
-9.1648 -9.72735 
-9.48343 -9.55795 
-9.81205 -9.41709 
-10.1426 -9.30173 
-10.4691 -9.2086 
-10.7874 -9.13446 
-11.0949 -9.07633 
-11.39 -9.03161 
-11.6723 -8.99804 
-11.9416 -8.97373 
-12.1984 -8.95712 
-12.4432 -8.94692 
-12.677 -8.94208 
-12.9005 -8.94176 
-13.1146 -8.94526 
-13.3203 -8.95204 
-13.5183 -8.96166 
-13.7095 -8.97377 
-13.8946 -8.9881 
-14.0745 -9.00444 
-14.2497 -9.02263 
-14.421 -9.04257 
-14.589 -9.06417 
-14.7542 -9.08741 
-14.9173 -9.11226 
-15.0788 -9.13876 
-15.2392 -9.16694 
-15.3991 -9.19688 
-15.559 -9.22867 
-15.7193 -9.26245 
-15.8806 -9.29837 
-16.0435 -9.3366 
-16.2084 -9.37737 
-16.3759 -9.42095 
-16.5466 -9.46762 
-16.721 -9.51774 
-16.8998 -9.57171 
-17.0835 -9.63001 
-17.2728 -9.69318 
-17.4683 -9.76185 
-17.6707 -9.83676 
-17.8806 -9.91876 
-18.0985 -10.0088 
-18.325 -10.1081 
-18.5603 -10.2178 
-18.8046 -10.3394 
-19.0575 -10.4746 
-19.3183 -10.6251 
-19.5854 -10.7929 
-19.8563 -10.9797 
-20.1272 -11.1874 
-20.3927 -11.4175 
-20.6457 -11.6706 
-20.8771 -11.9466 
-21.0764 -12.2436 
-21.2322 -12.5581 
-21.3333 -12.8846 
-21.3708 -13.2156 
-21.3394 -13.5427 
-21.5112 -13.9581 
-21.746 -14.2331 
-21.9486 -14.5292 
-22.1073 -14.843 
-22.211 -15.169 
-22.2506 -15.4998 
-22.2206 -15.8271 
-22.1202 -16.1422 
-21.954 -16.4373 
-21.7306 -16.7065 
-21.4616 -16.9461 
-21.1595 -17.1547 
-20.836 -17.3329 
-20.5016 -17.4826 
-20.1646 -17.6065 
-19.8312 -17.7077 
-19.5057 -17.7893 
-19.1908 -17.8543 
-18.8882 -17.9052 
-18.5984 -17.9442 
-18.3217 -17.9734 
-18.0575 -17.9942 
-18.0885 -18.0952 
-18.2527 -18.4078 
-18.361 -18.733 
-18.4041 -19.0635 
-18.3761 -19.391 
-18.2763 -19.7068 
-18.1091 -20.0032 
-17.8832 -20.2739 
-17.6103 -20.5153 
-17.3031 -20.7259 
-16.9739 -20.9061 
-16.6331 -21.0577 
-16.2894 -21.1834 
-15.9491 -21.2863 
-15.6167 -21.3694 
-15.2951 -21.4357 
-14.9858 -21.4878 
-14.6897 -21.5279 
-14.4067 -21.5579 
-14.1367 -21.5796 
-13.8789 -21.5942 
-13.6325 -21.6028 
-13.3968 -21.6063 
-13.1709 -21.6055 
-12.9537 -21.601 
-12.7445 -21.5933 
-12.5424 -21.5827 
-12.3467 -21.5695 
-12.1564 -21.554 
-11.971 -21.5363 
-11.7897 -21.5166 
-11.6119 -21.495 
-11.437 -21.4715 
-11.2643 -21.4461 
-11.0933 -21.4188 
-10.9235 -21.3896 
-10.7543 -21.3584 
-10.5851 -21.3251 
-10.4154 -21.2895 
-10.2448 -21.2515 
-10.0725 -21.2108 
-9.89824 -21.1674 
-9.72127 -21.1207 
-9.54108 -21.0706 
-9.35708 -21.0167 
-9.16868 -20.9584 
-8.97525 -20.8953 
-8.77619 -20.8268 
-8.57087 -20.7522 
-8.35871 -20.6707 
-8.13913 -20.5813 
-7.91166 -20.483 
-7.67593 -20.3746 
-7.4318 -20.2547 
-7.1794 -20.1218 
-6.91929 -19.9741 
-6.65266 -19.81 
-6.3815 -19.6275 
-6.1089 -19.4247 
-5.83931 -19.2003 
-5.57884 -18.9531 
-5.33535 -18.683 
-5.11843 -18.3911 
-4.93896 -18.0803 
-4.80819 -17.7552 
-4.73637 -17.4226 
-4.7311 -17.0907 
-4.76625 -16.8751 
-4.87699 -16.5637 
-5.05259 -16.2751 
-5.28412 -16.0146 
-5.55999 -15.7855 
-5.86772 -15.5883 
-6.19545 -15.4221 
-6.53293 -15.2843 
-6.87199 -15.1718 
-7.20659 -15.0813 
-7.53255 -15.0095 
-7.84723 -14.9535 
-8.14918 -14.9106 
-8.43782 -14.8787 
-8.71317 -14.8558 
-8.97565 -14.8404 
>
