161.669 3.30636 
161.725 3.46431 
161.772 3.62324 
161.811 3.78256 
161.842 3.94175 
161.866 4.10039 
161.882 4.25812 
161.891 4.32788 
161.915 4.48651 
161.931 4.64424 
161.953 4.90154 
161.971 5.12522 
161.981 5.28175 
161.984 5.43687 
161.981 5.59041 
161.973 5.74224 
161.959 5.89227 
161.94 6.04045 
161.916 6.18673 
161.887 6.33111 
161.853 6.47359 
161.814 6.61419 
161.771 6.75292 
161.711 6.94626 
161.668 7.085 
161.621 7.2219 
161.568 7.35697 
161.512 7.49023 
161.451 7.62167 
161.385 7.75131 
161.315 7.8791 
161.241 8.00502 
161.161 8.12899 
161.077 8.25092 
160.988 8.3707 
160.893 8.48818 
160.794 8.60315 
160.689 8.71539 
160.579 8.82462 
160.463 8.9305 
160.341 9.03267 
160.214 9.13067 
160.08 9.22401 
159.941 9.31214 
159.796 9.39444 
159.646 9.47026 
159.49 9.53887 
159.329 9.59954 
159.164 9.65148 
158.994 9.69393 
158.82 9.72612 
158.644 9.74732 
158.466 9.75689 
158.287 9.75425 
158.108 9.73896 
157.93 9.71073 
157.755 9.66942 
157.583 9.61508 
157.471 9.57193 
157.307 9.49654 
157.15 9.40914 
157 9.31045 
156.858 9.20128 
156.725 9.08259 
156.602 8.95539 
156.488 8.82074 
156.384 8.67971 
156.289 8.53334 
156.205 8.38266 
156.13 8.2286 
156.065 8.07204 
156.009 7.91377 
155.961 7.75449 
155.923 7.5948 
155.892 7.43524 
155.868 7.27623 
155.852 7.11815 
155.843 6.96129 
155.84 6.80587 
155.843 6.65208 
155.853 6.50005 
155.867 6.34987 
155.862 6.17089 
155.823 6.01126 
155.792 5.85174 
155.768 5.69277 
155.752 5.53472 
155.743 5.37787 
155.74 5.22245 
155.743 5.06866 
155.752 4.91662 
155.766 4.76641 
155.786 4.61811 
155.81 4.47173 
155.84 4.32731 
155.874 4.18482 
155.913 4.04426 
155.957 3.90561 
156.005 3.76884 
156.057 3.63394 
156.114 3.50087 
156.175 3.36965 
156.24 3.24026 
156.31 3.11273 
156.384 2.98709 
156.463 2.8634 
156.547 2.74175 
156.635 2.62223 
156.728 2.50501 
156.827 2.39025 
156.93 2.27818 
157.039 2.16907 
157.154 2.06323 
157.273 1.96103 
157.399 1.86289 
157.53 1.7693 
157.667 1.68079 
157.809 1.59794 
157.957 1.52142 
158.11 1.45192 
158.268 1.39016 
158.43 1.33692 
158.597 1.29296 
158.768 1.25903 
158.941 1.23587 
159.116 1.22415 
159.293 1.22443 
159.469 1.23719 
159.645 1.26276 
159.819 1.3013 
159.989 1.35279 
160.155 1.41706 
160.316 1.49371 
160.471 1.58221 
160.618 1.68184 
160.757 1.79177 
160.888 1.91105 
161.01 2.03869 
161.122 2.17362 
161.224 2.3148 
161.317 2.46118 
161.4 2.61177 
161.474 2.76565 
161.539 2.92196 
161.594 3.07993 
161.641 3.23888 
>
