18.5872 -4.94619 
18.655 -4.95094 
18.7213 -4.9549 
18.7863 -4.95814 
18.8504 -4.96069 
18.9137 -4.96261 
18.9765 -4.96392 
19.039 -4.96463 
19.1015 -4.96476 
19.1641 -4.9643 
19.2271 -4.96325 
19.2908 -4.96157 
19.3553 -4.95925 
19.421 -4.95624 
19.488 -4.95248 
19.5567 -4.9479 
19.6274 -4.94243 
19.7003 -4.93595 
19.7758 -4.92833 
19.8542 -4.91943 
19.936 -4.90903 
19.9964 -4.91136 
20.0999 -4.91912 
20.1978 -4.92425 
20.2906 -4.9272 
20.3787 -4.92836 
20.4625 -4.92803 
20.5425 -4.92644 
20.619 -4.92379 
20.6925 -4.92022 
20.7633 -4.91585 
20.8317 -4.91076 
20.898 -4.90503 
20.9626 -4.89871 
21.0257 -4.89182 
21.0875 -4.88439 
21.1483 -4.87644 
21.2083 -4.86795 
21.2677 -4.85892 
21.3268 -4.84933 
21.3857 -4.83916 
21.4446 -4.82836 
21.5038 -4.81689 
21.5635 -4.80468 
21.6239 -4.79168 
21.6851 -4.77781 
21.7475 -4.76295 
21.8112 -4.74701 
21.8766 -4.72986 
21.9437 -4.71133 
22.0131 -4.69126 
22.0848 -4.66942 
22.1593 -4.64559 
22.2368 -4.61946 
22.3177 -4.5907 
22.4023 -4.55892 
22.4908 -4.52365 
22.5836 -4.48436 
22.6809 -4.44041 
22.7826 -4.3911 
22.8887 -4.33561 
22.9987 -4.27305 
23.1118 -4.20248 
23.2264 -4.12299 
23.3404 -4.03375 
23.4505 -3.93423 
23.5525 -3.82438 
23.641 -3.7049 
23.7103 -3.57747 
23.7547 -3.44481 
23.7694 -3.31064 
23.7616 -3.22284 
23.7229 -3.09559 
23.654 -2.97772 
23.5596 -2.87199 
23.4456 -2.7799 
23.3183 -2.70169 
23.1836 -2.6367 
23.2497 -2.49978 
23.4731 -2.35619 
23.6692 -2.18965 
23.8192 -2.00247 
23.9051 -1.8005 
23.9204 -1.66263 
23.8779 -1.45692 
23.7627 -1.26253 
23.5896 -1.08708 
23.3776 -0.934585 
23.1449 -0.805734 
22.9061 -0.69891 
22.6711 -0.611343 
22.4459 -0.539947 
22.2339 -0.481804 
22.0361 -0.434374 
21.8524 -0.395553 
21.6823 -0.363642 
21.5246 -0.337287 
21.3782 -0.315422 
21.2419 -0.297205 
21.1146 -0.281972 
20.9952 -0.269199 
20.8828 -0.25847 
20.7765 -0.249455 
20.6756 -0.241888 
20.5794 -0.235558 
20.4872 -0.230293 
20.3985 -0.225956 
20.3129 -0.222437 
20.2298 -0.219647 
20.1488 -0.217515 
20.0697 -0.215985 
19.9919 -0.215014 
19.9152 -0.214573 
19.8393 -0.214638 
19.7638 -0.215198 
19.6884 -0.216249 
19.6128 -0.217795 
19.5368 -0.219851 
19.46 -0.222438 
19.3821 -0.225588 
19.3027 -0.229343 
19.2215 -0.233757 
19.1381 -0.2389 
19.0521 -0.244855 
18.9631 -0.251727 
18.8704 -0.259644 
18.7737 -0.268764 
18.6721 -0.279281 
18.5652 -0.291433 
18.452 -0.305516 
18.3317 -0.321896 
18.2034 -0.341033 
18.0661 -0.363499 
17.9185 -0.390014 
17.7596 -0.421486 
17.5882 -0.459057 
17.4034 -0.504159 
17.2045 -0.558571 
16.9918 -0.624468 
16.7668 -0.704418 
16.5331 -0.801292 
16.2975 -0.917986 
16.0708 -1.05686 
15.8683 -1.2188 
15.7085 -1.40216 
15.6099 -1.60178 
15.5861 -1.80915 
15.6406 -2.01387 
15.7661 -2.20605 
15.9464 -2.37856 
16.1627 -2.52788 
16.397 -2.65372 
16.6357 -2.75791 
16.8694 -2.84328 
16.835 -2.91661 
16.6926 -2.99633 
16.5549 -3.08885 
16.4279 -3.19478 
16.3189 -3.31381 
16.2354 -3.44439 
16.1844 -3.58357 
16.1705 -3.72711 
16.195 -3.8701 
16.2556 -4.00774 
16.2602 -4.03638 
16.223 -4.09432 
16.1925 -4.15578 
16.1696 -4.22014 
16.1552 -4.28661 
16.1497 -4.35424 
16.1534 -4.42202 
16.1659 -4.48896 
16.1867 -4.5541 
16.2152 -4.61665 
16.2501 -4.67596 
16.2906 -4.73158 
16.3353 -4.78324 
16.3834 -4.83083 
16.4338 -4.87438 
16.4858 -4.91401 
16.5386 -4.94992 
16.5917 -4.98234 
16.6446 -5.01155 
16.6972 -5.0378 
16.749 -5.06136 
16.8001 -5.08248 
16.8502 -5.10139 
16.8994 -5.1183 
16.9477 -5.1334 
16.995 -5.14687 
17.0414 -5.15885 
17.0869 -5.16948 
17.1317 -5.17887 
17.1758 -5.18713 
17.2193 -5.19433 
17.2622 -5.20056 
17.3047 -5.20586 
17.3468 -5.21029 
17.3887 -5.21389 
17.4304 -5.21668 
17.472 -5.21869 
17.5136 -5.21992 
17.5553 -5.22038 
17.5971 -5.22006 
17.6393 -5.21893 
17.6818 -5.21698 
17.7248 -5.21416 
17.7684 -5.21042 
17.8126 -5.20572 
17.8575 -5.19997 
17.9033 -5.19309 
17.9499 -5.18497 
17.9976 -5.1755 
18.0462 -5.16453 
18.0959 -5.15192 
18.1467 -5.13748 
18.1986 -5.121 
18.2515 -5.10226 
18.3053 -5.08102 
18.3599 -5.05699 
18.415 -5.02991 
18.4702 -4.99947 
18.5252 -4.9654 
>
19.7269 -6.21694 
19.7167 -6.12286 
19.6898 -6.03112 
19.6478 -5.94351 
19.593 -5.86146 
19.5278 -5.7859 
19.4549 -5.71734 
19.3768 -5.65584 
19.2957 -5.6012 
19.2132 -5.55301 
19.1308 -5.51071 
19.0494 -5.47372 
18.9698 -5.44146 
18.8923 -5.41337 
18.8171 -5.38892 
18.7445 -5.36766 
18.6744 -5.34919 
18.6068 -5.33315 
18.5415 -5.31923 
18.4783 -5.30718 
18.4172 -5.29677 
18.358 -5.28782 
18.3004 -5.28016 
18.2444 -5.27366 
18.1896 -5.26821 
18.136 -5.26372 
18.0834 -5.26011 
18.0317 -5.25731 
17.9806 -5.25529 
17.93 -5.25399 
17.8798 -5.2534 
17.8298 -5.2535 
17.7799 -5.25428 
17.7299 -5.25575 
17.6796 -5.25792 
17.629 -5.2608 
17.5779 -5.26444 
17.5261 -5.26887 
17.4735 -5.27416 
17.4199 -5.28036 
17.3652 -5.28757 
17.3091 -5.29589 
17.2515 -5.30543 
17.1922 -5.31634 
17.1311 -5.32879 
17.068 -5.34297 
17.0028 -5.35913 
16.9352 -5.37752 
16.8653 -5.39848 
16.7929 -5.42235 
16.7182 -5.44956 
16.6411 -5.48056 
16.5621 -5.51589 
16.4817 -5.55607 
16.4005 -5.6017 
16.3196 -5.65331 
16.2405 -5.7114 
16.165 -5.77629 
16.0953 -5.8481 
16.034 -5.92661 
15.9835 -6.01117 
15.9466 -6.10069 
15.9251 -6.19362 
15.9205 -6.28808 
15.9329 -6.382 
15.9619 -6.47337 
16.0056 -6.56043 
16.0619 -6.64183 
16.1282 -6.71666 
16.2018 -6.7845 
16.2803 -6.84529 
16.3617 -6.89927 
16.4442 -6.94688 
16.5265 -6.98866 
16.6077 -7.02519 
16.6871 -7.05707 
16.7644 -7.08484 
16.8392 -7.109 
16.9116 -7.13002 
16.9814 -7.14829 
17.0488 -7.16416 
17.114 -7.17793 
17.1769 -7.18985 
17.2379 -7.20015 
17.2971 -7.209 
17.3546 -7.21656 
17.4106 -7.22296 
17.4653 -7.22832 
17.5189 -7.23273 
17.5716 -7.23626 
17.6234 -7.23896 
17.6746 -7.2409 
17.7253 -7.2421 
17.7757 -7.24258 
17.8258 -7.24237 
17.8759 -7.24147 
17.9261 -7.23987 
17.9766 -7.23757 
18.0275 -7.23452 
18.0789 -7.23071 
18.131 -7.22608 
18.184 -7.22058 
18.2379 -7.21413 
18.2931 -7.20665 
18.3496 -7.19804 
18.4077 -7.18815 
18.4674 -7.17686 
18.529 -7.16398 
18.5926 -7.1493 
18.6584 -7.13259 
18.7265 -7.11357 
18.797 -7.0919 
18.8699 -7.06722 
18.9452 -7.0391 
19.0227 -7.00707 
19.102 -6.9706 
19.1827 -6.92913 
19.2639 -6.88211 
19.3445 -6.82899 
19.4229 -6.76932 
19.4973 -6.7028 
19.5654 -6.62939 
19.6247 -6.54942 
19.6724 -6.4636 
19.7063 -6.37314 
19.7243 -6.27968 
>
