30.3636 6.43266 
30.4351 6.55937 
30.4917 6.69213 
30.5283 6.82813 
30.5404 6.96363 
30.5244 7.09422 
30.4975 7.17598 
30.4329 7.28878 
30.342 7.38646 
30.2296 7.46733 
30.1016 7.53121 
29.9637 7.5791 
29.8214 7.6128 
29.6788 7.63446 
29.539 7.64628 
29.4042 7.65025 
29.2755 7.64811 
29.1535 7.64128 
29.0384 7.63091 
29.0996 7.66944 
29.2735 7.76707 
29.4564 7.87855 
29.6461 8.00576 
29.8378 8.15032 
30.0241 8.31306 
30.1942 8.49336 
30.3339 8.68824 
30.4274 8.89186 
30.4606 9.09554 
30.4448 9.22577 
30.3634 9.40723 
30.2193 9.56425 
30.0266 9.69281 
29.8025 9.79274 
29.563 9.86672 
29.3209 9.91886 
29.085 9.95356 
28.8603 9.97484 
28.6496 9.98603 
28.4536 9.98978 
28.2722 9.98809 
28.1044 9.98246 
27.9493 9.97398 
27.8054 9.96346 
27.6718 9.95148 
27.5471 9.93845 
27.4304 9.92467 
27.3206 9.91036 
27.217 9.89566 
27.1188 9.88067 
27.0253 9.86546 
26.9358 9.85006 
26.8499 9.83449 
26.7671 9.81875 
26.6868 9.80284 
26.6087 9.78673 
26.5325 9.77039 
26.4577 9.7538 
26.3841 9.7369 
26.3113 9.71964 
26.239 9.70198 
26.1671 9.68384 
26.095 9.66515 
26.0227 9.64583 
25.9497 9.62579 
25.8759 9.60493 
25.8008 9.58312 
25.7242 9.56023 
25.6458 9.53611 
25.565 9.51058 
25.4795 9.7161 
25.3194 9.95159 
25.0791 10.1623 
24.7894 10.3427 
24.4782 10.4924 
24.1658 10.6144 
23.865 10.7128 
23.5823 10.7918 
23.3206 10.8555 
23.0799 10.9069 
22.8593 10.9488 
22.6571 10.983 
22.4713 11.0112 
22.3001 11.0345 
22.1418 11.054 
21.9947 11.0703 
21.8574 11.0841 
21.7287 11.0957 
21.6074 11.1055 
21.4925 11.1139 
21.3833 11.121 
21.2789 11.127 
21.1787 11.132 
21.082 11.1362 
20.9883 11.1397 
20.8972 11.1425 
20.8081 11.1447 
20.7206 11.1463 
20.6344 11.1475 
20.5491 11.1481 
20.4643 11.1483 
20.3796 11.1479 
20.2948 11.1471 
20.2093 11.1459 
20.123 11.1441 
20.0353 11.1417 
19.9459 11.1388 
19.8544 11.1353 
19.7603 11.1311 
19.6631 11.1261 
19.5622 11.1202 
19.4571 11.1134 
19.347 11.1054 
19.2312 11.096 
19.1088 11.0851 
18.9788 11.0723 
18.8401 11.0572 
18.6913 11.0394 
18.5311 11.0183 
18.3578 10.993 
18.1696 10.9627 
17.9646 10.9259 
17.7411 10.8811 
17.4973 10.8262 
17.2325 10.7585 
16.9471 10.6745 
16.6444 10.5705 
16.332 10.442 
16.0239 10.2852 
15.7418 10.0977 
15.5143 9.8808 
15.3721 9.64113 
15.3383 9.39085 
15.4191 9.14521 
15.6009 8.91826 
15.8563 8.71922 
16.1544 8.55153 
16.4686 8.41403 
16.7803 8.30308 
17.0782 8.2142 
17.3567 8.14308 
17.6139 8.08602 
17.8499 8.04 
18.066 8.00264 
18.264 7.9721 
18.2955 7.89148 
18.0995 7.76757 
17.9153 7.62502 
17.7555 7.46438 
17.6346 7.28847 
17.5663 7.10279 
17.56 6.91507 
17.6177 6.73392 
17.7333 6.56695 
17.8774 6.41877 
17.9955 6.27163 
18.1528 6.14557 
18.3364 6.04155 
18.5343 5.95838 
18.7365 5.89359 
18.9358 5.84423 
19.1277 5.8074 
19.3097 5.78051 
19.4807 5.76141 
19.6405 5.74837 
19.7894 5.74003 
19.9283 5.73534 
20.0578 5.73349 
20.179 5.73385 
20.2926 5.73596 
20.3994 5.73946 
20.5003 5.74407 
20.596 5.74959 
20.687 5.75586 
20.7739 5.76276 
20.8573 5.77021 
20.9376 5.77814 
21.0153 5.78651 
21.0468 5.78848 
21.1218 5.7913 
21.1956 5.79462 
21.2683 5.79842 
21.3404 5.8027 
21.412 5.80747 
21.4836 5.81274 
21.5554 5.81854 
21.6276 5.82489 
21.7005 5.83183 
21.7745 5.83942 
21.8499 5.84772 
21.9269 5.85681 
22.006 5.86677 
22.0875 5.87771 
22.1719 5.88978 
22.0781 5.80852 
21.9784 5.71663 
21.8805 5.61552 
21.7875 5.50506 
21.7033 5.38571 
21.6326 5.25872 
21.5807 5.12632 
21.5527 4.99173 
21.5526 4.85901 
21.5827 4.73252 
21.6424 4.61633 
21.729 4.51356 
21.8375 4.42603 
21.9619 4.35417 
22.0964 4.29725 
22.2357 4.25381 
22.3756 4.22199 
22.5129 4.19987 
22.6457 4.18565 
22.7728 4.17774 
22.826 4.17112 
22.8136 4.08742 
22.8125 4.00366 
22.8238 3.92144 
22.8477 3.8424 
22.8838 3.76806 
22.9314 3.69968 
22.9888 3.63821 
23.0544 3.58416 
23.1262 3.53767 
23.2022 3.49855 
23.2807 3.46635 
23.3604 3.44048 
23.4398 3.42026 
23.5183 3.40499 
23.595 3.394 
23.6696 3.38669 
23.7417 3.3825 
23.8113 3.38095 
23.8784 3.38163 
23.9429 3.38421 
24.0049 3.3884 
24.0647 3.39395 
24.1223 3.40068 
24.1779 3.40843 
24.2317 3.41707 
24.2838 3.42652 
24.3344 3.43668 
24.3836 3.44751 
24.4316 3.45896 
24.4786 3.47101 
24.5247 3.48365 
24.57 3.49687 
24.6147 3.51068 
24.6589 3.52509 
24.7027 3.54014 
24.7462 3.55586 
24.7896 3.57229 
24.8066 3.57218 
24.8465 3.54668 
24.8879 3.52448 
24.9305 3.5055 
24.9739 3.4896 
25.0177 3.47662 
25.0616 3.46635 
25.1052 3.4586 
25.1484 3.45316 
25.1911 3.44983 
25.233 3.44841 
25.2742 3.44872 
25.3145 3.45061 
25.354 3.45392 
25.3925 3.45852 
25.4302 3.46429 
25.4671 3.47115 
25.503 3.479 
25.5382 3.48778 
25.5727 3.49742 
25.6064 3.50788 
25.6395 3.51913 
25.6719 3.53113 
25.7038 3.54388 
25.7352 3.55736 
25.7661 3.57158 
25.7965 3.58653 
25.8265 3.60224 
25.8562 3.61873 
25.8855 3.63601 
25.9146 3.65413 
25.9433 3.67312 
25.9718 3.69304 
26 3.71392 
26.028 3.73582 
26.0557 3.75881 
26.0831 3.78295 
26.1102 3.8083 
26.137 3.83494 
26.1633 3.86295 
26.1892 3.89239 
26.2144 3.92333 
26.239 3.95585 
26.2626 3.98998 
26.2852 4.02579 
26.3066 4.06328 
26.3264 4.10245 
26.3444 4.14327 
26.3603 4.18567 
26.3738 4.22953 
26.3845 4.27466 
26.3921 4.32084 
26.3962 4.36776 
26.3965 4.41509 
26.3927 4.46241 
26.3847 4.50928 
26.3722 4.55522 
26.3554 4.59975 
26.3418 4.6283 
26.3178 4.66949 
26.29 4.70813 
26.2585 4.74392 
26.2577 4.7495 
26.3998 4.71892 
26.5414 4.69992 
26.6797 4.69032 
26.8128 4.68816 
26.9397 4.69176 
27.0598 4.69976 
27.1732 4.71105 
27.2799 4.7248 
27.3804 4.74037 
27.4751 4.75725 
27.5645 4.7751 
27.6491 4.79364 
27.7293 4.81268 
27.8055 4.83208 
27.8783 4.85175 
27.948 4.87164 
28.0149 4.8917 
28.0794 4.91193 
28.1418 4.93232 
28.2024 4.9529 
28.2614 4.97369 
28.3191 4.99472 
28.3757 5.01604 
28.4315 5.0377 
28.4865 5.05975 
28.5411 5.08226 
28.5954 5.10531 
28.5856 5.07968 
28.532 4.99937 
28.4803 4.91337 
28.4318 4.82173 
28.3883 4.72472 
28.3516 4.62303 
28.324 4.51779 
28.308 4.41068 
28.3059 4.30389 
28.3198 4.20004 
28.3508 4.10194 
28.3991 4.0123 
28.4639 3.93337 
28.5431 3.86669 
28.6341 3.81295 
28.7336 3.77201 
28.8385 3.74305 
28.9458 3.72479 
29.0532 3.71574 
29.1589 3.71436 
29.2615 3.7192 
29.3602 3.72899 
29.4546 3.74262 
29.5443 3.7592 
29.6295 3.778 
29.7102 3.79846 
29.7868 3.82014 
29.8593 3.84269 
29.9283 3.86588 
29.9939 3.88951 
30.0565 3.91347 
30.1163 3.93765 
30.1736 3.96201 
30.2288 3.98651 
30.282 4.01114 
30.3334 4.03592 
30.3833 4.06085 
30.4318 4.08598 
30.4792 4.11133 
30.5256 4.13696 
30.5712 4.16293 
30.6161 4.18929 
30.6605 4.21612 
30.7046 4.24349 
30.7483 4.2715 
30.792 4.30022 
30.8356 4.32978 
30.8794 4.36028 
30.9235 4.39185 
30.9679 4.42462 
31.0128 4.45875 
31.0583 4.49442 
31.1045 4.5318 
31.1515 4.57111 
31.1994 4.61259 
31.2484 4.65648 
31.2983 4.70308 
31.3494 4.7527 
31.4015 4.80568 
31.4547 4.86238 
31.5088 4.92319 
31.5635 4.9885 
31.6185 5.05872 
31.6733 5.13419 
31.7271 5.21519 
31.7788 5.30188 
31.827 5.39421 
31.8702 5.49183 
31.9061 5.59402 
31.9326 5.69956 
31.947 5.80671 
31.9471 5.91319 
31.931 6.01637 
31.8975 6.11341 
31.8656 6.17312 
31.8037 6.2543 
31.7268 6.3235 
31.6375 6.37986 
31.539 6.42335 
31.4345 6.45469 
31.3271 6.47506 
31.2191 6.48594 
31.1125 6.48884 
31.0089 6.48525 
30.909 6.47647 
30.8135 6.46363 
30.7226 6.44767 
30.6362 6.42935 
30.5544 6.40925 
30.4768 6.38785 
30.4033 6.36549 
30.3335 6.34245 
>
23.8429 -4.52041 
24.0409 -4.5223 
24.2411 -4.50019 
24.4366 -4.46044 
24.4956 -4.48309 
24.5849 -4.52393 
24.6702 -4.56086 
24.7518 -4.59439 
24.8299 -4.62496 
24.905 -4.65294 
24.9772 -4.67868 
25.0469 -4.70243 
25.1145 -4.72444 
25.18 -4.74492 
25.2439 -4.76404 
25.3064 -4.78195 
25.3676 -4.79879 
25.4279 -4.81466 
25.4875 -4.82966 
25.5465 -4.84388 
25.6051 -4.85739 
25.6637 -4.87025 
25.7223 -4.8825 
25.7812 -4.8942 
25.8406 -4.90536 
25.9007 -4.91602 
25.9617 -4.92619 
26.0239 -4.93588 
26.0875 -4.94507 
26.1527 -4.95375 
26.2199 -4.96189 
26.2894 -4.96945 
26.3614 -4.97636 
26.4363 -4.98253 
26.5146 -4.98785 
26.5965 -4.99216 
26.6826 -4.99527 
26.7732 -4.99693 
26.8689 -4.99682 
26.97 -4.99453 
27.077 -4.98956 
27.1902 -4.98126 
27.3098 -4.96882 
27.4358 -4.95125 
27.5675 -4.92735 
27.7042 -4.89573 
27.8439 -4.85477 
27.9838 -4.80279 
28.1199 -4.73816 
28.2472 -4.65958 
28.3594 -4.56644 
28.4502 -4.45918 
28.5139 -4.33954 
28.5391 -4.25475 
28.5501 -4.12178 
28.5294 -3.98644 
28.4802 -3.85298 
28.4076 -3.72502 
28.3175 -3.60513 
28.2156 -3.49483 
28.1067 -3.3947 
27.9949 -3.30462 
27.883 -3.22406 
27.7731 -3.15219 
27.6663 -3.08813 
27.5635 -3.03096 
27.4649 -2.97984 
27.3707 -2.93399 
27.2808 -2.89272 
27.1949 -2.85542 
27.1147 -2.82194 
27.1682 -2.76997 
27.2229 -2.71588 
27.2789 -2.65936 
27.3365 -2.60004 
27.3959 -2.53752 
27.4573 -2.47134 
27.521 -2.40096 
27.5873 -2.3258 
27.6563 -2.24518 
27.7282 -2.15834 
27.8034 -2.06442 
27.8817 -1.96248 
27.9631 -1.85149 
28.0473 -1.73036 
28.1337 -1.59805 
28.2211 -1.4536 
28.3076 -1.29643 
28.3904 -1.12651 
28.4652 -0.944878 
28.5267 -0.754071 
28.5678 -0.558641 
28.5811 -0.365407 
28.5593 -0.183156 
28.4977 -0.0215313 
28.4618 0.109475 
28.4966 0.235992 
28.5202 0.36607 
28.529 0.496979 
28.5201 0.625152 
28.4907 0.746415 
28.4394 0.856434 
28.3932 0.921305 
28.3067 1.00451 
28.2024 1.06866 
28.0846 1.11343 
27.9577 1.13987 
27.8263 1.15005 
27.6943 1.14658 
27.5645 1.13221 
27.4392 1.10948 
27.3196 1.0806 
27.2065 1.04739 
27.1001 1.01128 
27.0002 0.973357 
26.9067 0.934411 
26.8191 0.895023 
26.737 0.855592 
26.6598 0.816385 
26.5872 0.77757 
26.5186 0.739245 
26.4537 0.70145 
26.3921 0.66419 
26.3333 0.627441 
26.2771 0.591158 
26.2232 0.555282 
26.1713 0.519744 
26.1212 0.484465 
26.0726 0.449361 
26.0253 0.414344 
25.9791 0.379319 
25.9339 0.344188 
25.8894 0.308847 
25.8456 0.273189 
25.8022 0.237099 
25.7591 0.200456 
25.7162 0.163131 
25.6733 0.124986 
25.6304 0.0858715 
25.5872 0.0456264 
25.5437 0.00407423 
25.4997 -0.0389779 
25.4551 -0.0837424 
25.4098 -0.130454 
25.3636 -0.179371 
25.3165 -0.230782 
25.2683 -0.285007 
25.219 -0.342398 
25.1685 -0.403345 
25.1168 -0.468277 
25.0638 -0.537658 
25.0098 -0.611985 
24.9548 -0.691776 
24.8992 -0.77755 
24.8435 -0.869795 
24.7886 -0.968916 
24.7355 -1.07516 
24.6857 -1.1885 
24.6413 -1.30851 
24.6047 -1.4342 
24.5665 -1.50424 
24.5106 -1.56023 
24.4532 -1.61894 
24.3941 -1.68078 
24.3329 -1.7462 
24.2695 -1.8157 
24.2036 -1.88987 
24.1349 -1.96937 
24.0632 -2.05494 
23.9884 -2.14743 
23.9104 -2.24775 
23.8292 -2.35694 
23.745 -2.47606 
23.6585 -2.60618 
23.5707 -2.74827 
23.5163 -2.82247 
23.4211 -2.92692 
23.352 -3.04426 
23.3133 -3.17169 
23.257 -3.43942 
23.2111 -3.63433 
23.0778 -3.74456 
22.9544 -3.68128 
22.8343 -3.62636 
22.7186 -3.57871 
22.6078 -3.53732 
22.5023 -3.50129 
22.4018 -3.46983 
22.3063 -3.44228 
22.2155 -3.41807 
22.1289 -3.39672 
22.0462 -3.37783 
21.9671 -3.36105 
21.8912 -3.34612 
21.8181 -3.33279 
21.7476 -3.32087 
21.6793 -3.31019 
21.6129 -3.30061 
21.5481 -3.29202 
21.4848 -3.28431 
21.4226 -3.27742 
21.3613 -3.27128 
21.3007 -3.26583 
21.2406 -3.26102 
21.1807 -3.25684 
21.1209 -3.25326 
21.0609 -3.25026 
21.0006 -3.24785 
20.9397 -3.24603 
20.8779 -3.24482 
20.8152 -3.24424 
20.7511 -3.24434 
20.6855 -3.24516 
20.6182 -3.24677 
20.5487 -3.24926 
20.4768 -3.25273 
20.4022 -3.25732 
20.3245 -3.26319 
20.2433 -3.27053 
20.1583 -3.27959 
20.069 -3.29067 
19.9751 -3.30414 
19.8761 -3.32044 
19.7716 -3.34013 
19.6615 -3.36386 
19.5456 -3.39242 
19.4241 -3.42677 
19.2974 -3.468 
19.1667 -3.51734 
19.0338 -3.57613 
18.9016 -3.64566 
18.774 -3.72707 
18.6563 -3.82103 
18.5544 -3.92746 
18.4748 -4.04523 
18.4231 -4.17201 
18.4035 -4.30436 
18.4171 -4.43812 
18.4622 -4.56906 
18.5347 -4.6935 
18.6287 -4.80874 
18.7381 -4.91321 
18.8571 -5.00637 
18.9807 -5.08845 
19.1053 -5.1602 
19.2281 -5.22263 
19.3476 -5.27683 
19.4625 -5.32389 
19.5725 -5.36478 
19.6773 -5.4004 
19.7771 -5.43152 
19.8719 -5.45879 
19.9622 -5.48278 
20.0483 -5.50394 
20.1305 -5.52267 
20.2093 -5.53931 
20.2849 -5.55413 
20.3577 -5.56736 
20.428 -5.57919 
20.4962 -5.58979 
20.5625 -5.5993 
20.6272 -5.60782 
20.6905 -5.61545 
20.7527 -5.62227 
20.8141 -5.62835 
20.8748 -5.63373 
20.935 -5.63845 
20.995 -5.64255 
21.0551 -5.64604 
21.1153 -5.64894 
21.1759 -5.65124 
21.2371 -5.65294 
21.2992 -5.65402 
21.3624 -5.65444 
21.4269 -5.65418 
21.493 -5.65316 
21.5609 -5.65133 
21.631 -5.64858 
21.7036 -5.64482 
21.7789 -5.63989 
21.8574 -5.63364 
21.9394 -5.62585 
22.0254 -5.61626 
22.1157 -5.60457 
22.2107 -5.59038 
22.3108 -5.57323 
22.4165 -5.55255 
22.5278 -5.52765 
22.6449 -5.49771 
22.7675 -5.46175 
22.8951 -5.41865 
23.0264 -5.36714 
23.1594 -5.30592 
23.291 -5.2337 
23.4171 -5.14944 
23.5322 -5.05261 
23.6302 -4.9435 
23.7047 -4.82349 
23.7503 -4.69518 
23.7627 -4.60718 
>
