-174.952 56.2666 
-175.17 56.2673 
-175.393 56.2646 
-175.62 56.2582 
-175.853 56.2477 
-176.09 56.2327 
-176.333 56.2128 
-176.581 56.1874 
-176.834 56.1558 
-177.091 56.1176 
-177.351 56.0719 
-177.614 56.018 
-177.878 55.955 
-178.14 55.8823 
-178.398 55.7992 
-178.648 55.7049 
-178.888 55.5991 
-179.114 55.4816 
-179.319 55.3525 
-179.502 55.2123 
-179.656 55.0621 
-179.778 54.9032 
-179.866 54.7375 
-179.918 54.567 
-179.932 54.3941 
-179.911 54.2211 
-179.969 54.067 
179.811 54.0567 
179.586 54.042 
179.356 54.0224 
179.121 53.9974 
178.882 53.9663 
178.638 53.9285 
178.391 53.8833 
178.142 53.83 
177.892 53.7676 
177.644 53.6956 
177.398 53.6131 
177.16 53.5195 
176.932 53.4145 
176.717 53.2976 
176.521 53.1692 
176.346 53.0297 
176.199 52.88 
176.081 52.7216 
175.995 52.5561 
175.945 52.3858 
175.929 52.213 
175.948 52.0399 
175.999 51.8689 
176.08 51.7019 
176.187 51.5407 
176.316 51.3866 
176.464 51.2405 
176.627 51.1029 
176.8 50.9742 
176.982 50.8543 
177.031 50.8237 
177.212 50.7037 
177.399 50.5923 
177.577 50.4921 
177.495 50.327 
177.445 50.1569 
177.428 49.9841 
177.445 49.811 
177.492 49.6397 
177.567 49.4725 
177.668 49.3109 
177.79 49.1564 
177.93 49.0098 
178.084 48.8717 
178.249 48.7424 
178.296 48.7088 
178.449 48.5707 
178.613 48.4413 
178.785 48.3208 
178.96 48.1727 
179.112 48.0344 
179.274 47.905 
179.443 47.7843 
179.506 47.7334 
179.667 47.6038 
179.836 47.4831 
-179.99 47.371 
-179.812 47.2671 
-179.633 47.171 
-179.454 47.0822 
-179.275 47.0003 
-179.097 46.9247 
-178.922 46.8548 
-178.748 46.7903 
-178.607 46.7303 
-178.43 46.6341 
-178.252 46.5452 
-178.075 46.4632 
-177.899 46.3875 
-177.725 46.3175 
-177.509 46.2266 
-177.334 46.1508 
-177.16 46.0808 
-176.989 46.0162 
-176.82 45.9564 
-176.653 45.901 
-176.489 45.8498 
-176.362 45.7844 
-176.188 45.688 
-176.014 45.599 
-175.84 45.5168 
-175.667 45.4409 
-175.496 45.3708 
-175.327 45.306 
-175.16 45.2461 
-174.996 45.1907 
-174.833 45.1393 
-174.673 45.0917 
-174.515 45.0476 
-174.358 45.0066 
-174.203 44.9685 
-174.049 44.9331 
-173.897 44.9003 
-173.745 44.8698 
-173.593 44.8416 
-173.442 44.8155 
-173.29 44.7915 
-173.138 44.7694 
-172.986 44.7493 
-172.832 44.7311 
-172.677 44.7148 
-172.52 44.7005 
-172.361 44.6882 
-172.094 44.6614 
-171.942 44.6413 
-171.788 44.6231 
-171.634 44.6068 
-171.477 44.5925 
-171.318 44.5802 
-171.157 44.57 
-170.993 44.5619 
-170.826 44.5563 
-170.656 44.5531 
-170.482 44.5527 
-170.304 44.5552 
-170.121 44.5611 
-169.934 44.5706 
-169.743 44.5843 
-169.546 44.6025 
-169.346 44.6259 
-169.14 44.6551 
-168.931 44.6907 
-168.718 44.7336 
-168.504 44.7846 
-168.324 44.7921 
-168.149 44.7916 
-167.97 44.7942 
-167.787 44.8 
-167.6 44.8095 
-167.407 44.8232 
-167.21 44.8414 
-167.008 44.8647 
-166.802 44.8938 
-166.592 44.9295 
-166.379 44.9723 
-166.163 45.0233 
-165.946 45.0832 
-165.73 45.1528 
-165.517 45.2331 
-165.31 45.3247 
-165.112 45.428 
-164.926 45.5434 
-164.755 45.6708 
-164.605 45.8096 
-164.477 45.9588 
-164.367 45.98 
-164.202 45.9287 
-164.04 45.8812 
-163.879 45.8371 
-163.72 45.7962 
-163.563 45.7582 
-163.407 45.7229 
-163.252 45.6901 
-163.098 45.6597 
-162.944 45.6315 
-162.791 45.6054 
-162.637 45.5814 
-162.483 45.5594 
-162.328 45.5393 
-162.172 45.5211 
-162.015 45.5048 
-161.856 45.4905 
-161.695 45.4782 
-161.531 45.4679 
-161.364 45.4599 
-161.195 45.4542 
-161.022 45.451 
-160.827 45.4345 
-160.667 45.3904 
-160.51 45.3494 
-160.354 45.3114 
-160.199 45.276 
-160.046 45.2432 
-159.893 45.2128 
-159.74 45.1846 
-159.588 45.1585 
-159.435 45.1344 
-159.283 45.1124 
-159.129 45.0923 
-158.974 45.0741 
-158.818 45.0578 
-158.66 45.0435 
-158.5 45.0312 
-158.338 45.021 
-158.173 45.0129 
-158.005 45.0072 
-157.833 45.004 
-157.657 45.0036 
-157.478 45.0061 
-157.294 45.012 
-157.106 45.0215 
-156.912 45.0351 
-156.715 45.0532 
-156.512 45.0766 
-156.305 45.1057 
-156.094 45.1412 
-155.88 45.1841 
-155.664 45.235 
-155.438 45.2899 
-155.221 45.3408 
-155.003 45.4006 
-154.786 45.4702 
-154.572 45.5504 
-154.363 45.6419 
-154.164 45.7452 
-153.976 45.8605 
-153.805 45.9878 
-153.653 46.1265 
-153.525 46.2757 
-153.423 46.434 
-153.323 46.567 
-153.17 46.7056 
-153.04 46.8547 
-152.936 47.0129 
-152.883 47.1219 
-152.828 47.291 
-152.804 47.4635 
-152.809 47.6373 
-152.843 47.81 
-152.777 47.7883 
-152.546 47.6337 
-152.372 47.5216 
-152.194 47.4177 
-152.014 47.3217 
-151.834 47.233 
-151.654 47.1511 
-151.476 47.0754 
-151.262 46.9356 
-151.055 46.79 
-150.884 46.6777 
-150.709 46.5736 
-150.532 46.4774 
-150.355 46.3885 
-150.178 46.3065 
-150.003 46.2307 
-149.83 46.1607 
-149.658 46.0961 
-149.489 46.0363 
-149.304 45.9532 
-149.135 45.8407 
-148.963 45.7365 
-148.789 45.6401 
-148.615 45.551 
-148.441 45.4688 
-148.269 45.3929 
-148.098 45.3228 
-147.929 45.2581 
-147.762 45.1982 
-147.598 45.1427 
-147.436 45.0914 
-147.275 45.0438 
-147.117 44.9996 
-146.961 44.9586 
-146.806 44.9205 
-146.652 44.8851 
-146.5 44.8523 
-146.348 44.8218 
-146.196 44.7936 
-146.045 44.7675 
-145.894 44.7435 
-145.742 44.7214 
-145.589 44.7013 
-145.436 44.6831 
-145.281 44.6668 
-145.124 44.6525 
-144.965 44.6402 
-144.804 44.63 
-144.64 44.6219 
-144.472 44.6163 
-144.302 44.6131 
-144.128 44.6127 
-143.949 44.6152 
-143.767 44.6211 
-143.58 44.6306 
-143.388 44.6442 
-143.191 44.6625 
-142.99 44.6858 
-142.785 44.715 
-142.575 44.7506 
-142.37 44.7682 
-142.187 44.774 
-141.999 44.7836 
-141.807 44.7972 
-141.61 44.8154 
-141.408 44.8387 
-141.261 44.8495 
-141.069 44.8631 
-140.872 44.8813 
-140.67 44.9047 
-140.464 44.9338 
-140.253 44.9694 
-140.04 45.0123 
-139.824 45.0632 
-139.607 45.1231 
-139.391 45.1928 
-139.139 45.2589 
-138.922 45.3188 
-138.705 45.3884 
-138.491 45.4686 
-138.283 45.5601 
-138.084 45.6634 
-137.897 45.7787 
-137.726 45.9061 
-137.574 46.0448 
-137.446 46.194 
-137.344 46.3523 
-137.292 46.4614 
-137.238 46.6305 
-137.214 46.8031 
-137.22 46.9769 
-137.254 47.1495 
-137.315 47.319 
-137.399 47.4835 
-137.503 47.6416 
-137.625 47.7923 
-137.761 47.935 
-137.994 48.1831 
-138.131 48.3258 
-138.279 48.46 
-138.437 48.5857 
-138.6 48.7029 
-138.769 48.812 
-138.941 48.9132 
-139.129 49.0244 
-139.288 49.1502 
-139.454 49.2675 
-139.624 49.3767 
-139.797 49.478 
-139.973 49.572 
-140.062 49.6914 
-140.188 49.8425 
-140.329 49.9855 
-140.482 50.1201 
-140.644 50.2461 
-140.812 50.3637 
-140.752 50.4139 
-140.585 50.5516 
-140.442 50.6999 
-140.328 50.8575 
-140.269 50.9662 
-140.207 51.1349 
-140.178 51.3073 
-140.182 51.4811 
-140.216 51.654 
-140.279 51.8239 
-140.369 51.989 
-140.481 52.1479 
-140.612 52.2994 
-140.663 52.3793 
-140.776 52.5383 
-140.908 52.6899 
-141.056 52.8335 
-141.217 52.9688 
-141.388 53.0955 
-141.623 53.2888 
-141.786 53.4242 
-141.94 53.571 
-142.055 53.7302 
-142.19 53.8821 
-142.341 54.026 
-142.506 54.1615 
-142.682 54.2885 
-142.865 54.407 
-143.054 54.5174 
-143.247 54.6199 
-143.442 54.715 
-143.638 54.803 
-143.835 54.8846 
-144.032 54.9601 
-144.228 55.03 
-144.423 55.0948 
-144.616 55.1547 
-144.809 55.2103 
-145 55.2618 
-145.19 55.3095 
-145.38 55.3537 
-145.568 55.3946 
-145.756 55.4324 
-145.944 55.4673 
-146.132 55.4995 
-146.373 55.5423 
-146.561 55.5773 
-146.749 55.6094 
-146.938 55.639 
-147.019 55.6513 
-147.208 55.6862 
-147.397 55.7184 
-147.586 55.748 
-147.776 55.775 
-147.992 55.8114 
-148.182 55.8523 
-148.373 55.8902 
-148.563 55.9252 
-148.753 55.9574 
-148.943 55.9869 
-149.134 56.0139 
-149.326 56.0385 
-149.52 56.0605 
-149.715 56.0802 
-149.912 56.0974 
-150.111 56.1122 
-150.314 56.1244 
-150.476 56.1966 
-150.667 56.3157 
-150.865 56.4266 
-151.066 56.5296 
-151.271 56.6251 
-151.476 56.7137 
-151.682 56.7957 
-151.888 56.8716 
-152.094 56.9419 
-152.298 57.007 
-152.501 57.0673 
-152.703 57.1232 
-152.904 57.175 
-153.104 57.223 
-153.303 57.2674 
-153.501 57.3085 
-153.699 57.3465 
-153.896 57.3816 
-154.093 57.414 
-154.291 57.4436 
-154.49 57.4707 
-154.689 57.4953 
-154.89 57.5175 
-155.093 57.5372 
-155.298 57.5544 
-155.506 57.5692 
-155.716 57.5814 
-155.93 57.591 
-156.147 57.5977 
-156.369 57.6015 
-156.594 57.6021 
-156.825 57.5992 
-157.061 57.5927 
-157.302 57.582 
-157.548 57.5668 
-157.8 57.5467 
-158.057 57.521 
-158.318 57.4892 
-158.585 57.4507 
-158.854 57.4046 
-159.126 57.3503 
-159.399 57.287 
-159.67 57.2138 
-159.937 57.1302 
-160.196 57.0355 
-160.444 56.9292 
-160.717 56.9003 
-160.915 56.9482 
-161.113 56.9926 
-161.309 57.0337 
-161.506 57.0717 
-161.702 57.1067 
-161.898 57.139 
-162.094 57.1687 
-162.291 57.1958 
-162.489 57.2204 
-162.689 57.2425 
-162.89 57.2622 
-163.093 57.2794 
-163.299 57.2942 
-163.508 57.3064 
-163.574 57.3196 
-163.78 57.4229 
-163.989 57.5187 
-164.199 57.6075 
-164.41 57.6897 
-164.621 57.7658 
-164.831 57.8363 
-165.04 57.9016 
-165.248 57.9621 
-165.455 58.0182 
-165.661 58.0701 
-165.866 58.1182 
-166.069 58.1628 
-166.272 58.204 
-166.475 58.2421 
-166.677 58.2773 
-166.879 58.3097 
-167.082 58.3394 
-167.286 58.3666 
-167.49 58.3913 
-167.696 58.4134 
-167.904 58.4332 
-168.114 58.4504 
-168.327 58.4652 
-168.543 58.4774 
-168.762 58.4869 
-168.985 58.4936 
-169.212 58.4974 
-169.444 58.4979 
-169.68 58.495 
-169.922 58.4883 
-170.169 58.4775 
-170.421 58.4622 
-170.679 58.4419 
-170.943 58.4161 
-171.211 58.3841 
-171.484 58.3453 
-171.76 58.299 
-172.039 58.2444 
-172.318 58.1808 
-172.595 58.1074 
-172.868 58.0234 
-173.134 57.9283 
-173.387 57.8217 
-173.625 57.7034 
-173.841 57.5735 
-174.033 57.4327 
-174.194 57.2819 
-174.322 57.1225 
-174.413 56.9564 
-174.465 56.7857 
-174.478 56.6127 
-174.701 56.382 
>
