174.445 16.1096 
174.374 16.0851 
174.311 16.0288 
174.259 15.9495 
174.217 15.8579 
174.186 15.7626 
174.162 15.6693 
174.145 15.5815 
174.133 15.5005 
174.124 15.4266 
174.117 15.3595 
174.113 15.2986 
174.109 15.2433 
174.107 15.1929 
174.106 15.1467 
174.106 15.1042 
174.105 15.0649 
174.106 15.0284 
174.106 14.9942 
174.107 14.9621 
174.108 14.9319 
174.109 14.9031 
174.11 14.8757 
174.111 14.8494 
174.113 14.8241 
174.114 14.7996 
174.116 14.7758 
174.117 14.7525 
174.119 14.7297 
174.121 14.7073 
174.123 14.6851 
174.125 14.663 
174.127 14.641 
174.129 14.6189 
174.132 14.5967 
174.134 14.5743 
174.137 14.5515 
174.14 14.5283 
174.143 14.5045 
174.146 14.4801 
174.15 14.4548 
174.154 14.4286 
174.158 14.4012 
174.163 14.3725 
174.168 14.3424 
174.173 14.3104 
174.179 14.2764 
174.186 14.2401 
174.194 14.201 
174.203 14.1588 
174.214 14.113 
174.226 14.0631 
174.24 14.0085 
174.256 13.9486 
174.276 13.8829 
174.3 13.8108 
174.329 13.7324 
174.363 13.6483 
174.405 13.5605 
174.456 13.4729 
174.515 13.3919 
174.582 13.3267 
174.654 13.2874 
174.728 13.2819 
174.797 13.3121 
174.857 13.3729 
174.907 13.4548 
174.947 13.5475 
174.977 13.6427 
174.999 13.7351 
175.016 13.8218 
175.028 13.9016 
175.037 13.9743 
175.043 14.0403 
175.047 14.1001 
175.051 14.1545 
175.053 14.2042 
175.054 14.2497 
175.055 14.2917 
175.055 14.3305 
175.055 14.3666 
175.055 14.4003 
175.054 14.4321 
175.053 14.4621 
175.052 14.4906 
175.051 14.5179 
175.05 14.544 
175.049 14.5692 
175.047 14.5935 
175.046 14.6172 
175.044 14.6404 
175.042 14.6631 
175.041 14.6856 
175.039 14.7077 
175.037 14.7298 
175.035 14.7518 
175.033 14.7739 
175.03 14.7962 
175.028 14.8187 
175.025 14.8415 
175.022 14.8648 
175.019 14.8887 
175.016 14.9133 
175.012 14.9387 
175.009 14.9652 
175.004 14.9927 
175 15.0217 
174.995 15.0522 
174.989 15.0845 
174.983 15.1188 
174.976 15.1556 
174.968 15.1952 
174.959 15.238 
174.948 15.2845 
174.936 15.3352 
174.922 15.3907 
174.905 15.4516 
174.884 15.5184 
174.86 15.5916 
174.83 15.6711 
174.794 15.7561 
174.751 15.8443 
174.698 15.9314 
174.637 16.0105 
174.568 16.072 
174.494 16.106 
>
177.975 18.3235 
177.901 18.3043 
177.833 18.2527 
177.774 18.1775 
177.725 18.0892 
177.685 17.9964 
177.654 17.9052 
177.63 17.8188 
177.611 17.739 
177.596 17.6659 
177.584 17.5995 
177.575 17.5392 
177.567 17.4842 
177.561 17.4341 
177.556 17.3881 
177.552 17.3458 
177.549 17.3067 
177.546 17.2702 
177.544 17.2361 
177.542 17.2041 
177.54 17.1738 
177.539 17.1451 
177.538 17.1176 
177.538 17.0913 
177.537 17.066 
177.537 17.0414 
177.536 17.0176 
177.536 16.9943 
177.536 16.9714 
177.536 16.9489 
177.536 16.9266 
177.537 16.9045 
177.537 16.8824 
177.538 16.8602 
177.538 16.8379 
177.539 16.8153 
177.54 16.7924 
177.541 16.7691 
177.542 16.7451 
177.544 16.7205 
177.545 16.695 
177.547 16.6686 
177.549 16.641 
177.552 16.6121 
177.554 16.5816 
177.558 16.5493 
177.561 16.515 
177.565 16.4782 
177.57 16.4387 
177.576 16.396 
177.583 16.3496 
177.591 16.2989 
177.601 16.2435 
177.613 16.1825 
177.628 16.1155 
177.646 16.0419 
177.669 15.9616 
177.697 15.8753 
177.733 15.7846 
177.777 15.6935 
177.83 15.6085 
177.892 15.5385 
177.962 15.4941 
178.035 15.4832 
178.107 15.5083 
178.173 15.5644 
178.23 15.6424 
178.277 15.7319 
178.315 15.8247 
178.345 15.9152 
178.368 16.0004 
178.387 16.079 
178.401 16.1509 
178.413 16.2162 
178.422 16.2756 
178.429 16.3296 
178.436 16.379 
178.44 16.4243 
178.445 16.466 
178.448 16.5047 
178.451 16.5407 
178.453 16.5744 
178.455 16.6061 
178.456 16.6361 
178.458 16.6646 
178.459 16.6918 
178.46 16.718 
178.46 16.7432 
178.461 16.7676 
178.461 16.7913 
178.461 16.8145 
178.462 16.8373 
178.462 16.8598 
178.461 16.8821 
178.461 16.9042 
178.461 16.9263 
178.46 16.9485 
178.46 16.9709 
178.459 16.9935 
178.458 17.0165 
178.457 17.0399 
178.456 17.064 
178.455 17.0887 
178.453 17.1143 
178.452 17.141 
178.45 17.1688 
178.447 17.1979 
178.445 17.2287 
178.442 17.2613 
178.438 17.2961 
178.434 17.3333 
178.429 17.3733 
178.423 17.4167 
178.416 17.4638 
178.408 17.5152 
178.398 17.5716 
178.386 17.6336 
178.37 17.7018 
178.352 17.7765 
178.328 17.858 
178.299 17.9453 
178.262 18.0365 
178.216 18.1272 
178.161 18.2105 
178.096 18.2769 
178.024 18.3162 
>
-176.51 20.6729 
-176.512 20.7249 
-176.515 20.7821 
-176.52 20.845 
-176.526 20.9144 
-176.536 20.9908 
-176.55 21.0743 
-176.568 21.1644 
-176.594 21.259 
-176.629 21.3542 
-176.674 21.4432 
-176.731 21.5165 
-176.799 21.5635 
-176.849 21.5763 
-176.926 21.5655 
-177.001 21.5219 
-177.071 21.4539 
-177.132 21.3717 
-177.183 21.284 
-177.226 21.1969 
-177.262 21.1139 
-177.291 21.0367 
-177.316 20.9659 
-177.336 20.9012 
-177.353 20.8423 
-177.368 20.7886 
-177.38 20.7395 
-177.391 20.6944 
-177.4 20.6529 
-177.408 20.6143 
-177.416 20.5784 
-177.422 20.5448 
-177.428 20.5132 
-177.433 20.4833 
-177.438 20.4549 
-177.443 20.4278 
-177.447 20.4017 
-177.45 20.3766 
-177.454 20.3523 
-177.457 20.3287 
-177.46 20.3055 
-177.463 20.2828 
-177.466 20.2605 
-177.468 20.2383 
-177.471 20.2163 
-177.473 20.1942 
-177.475 20.1722 
-177.477 20.1499 
-177.479 20.1274 
-177.481 20.1046 
-177.483 20.0813 
-177.485 20.0574 
-177.487 20.0327 
-177.488 20.0073 
-177.49 19.9808 
-177.491 19.9532 
-177.492 19.9242 
-177.493 19.8936 
-177.494 19.8612 
-177.494 19.8267 
-177.495 19.7897 
-177.495 19.7499 
-177.494 19.7069 
-177.493 19.66 
-177.491 19.6088 
-177.51 19.5311 
-177.536 19.4531 
-177.558 19.3816 
-177.576 19.3164 
-177.591 19.2571 
-177.604 19.203 
-177.615 19.1536 
-177.624 19.1082 
-177.632 19.0664 
-177.639 19.0276 
-177.645 18.9915 
-177.65 18.9578 
-177.655 18.926 
-177.659 18.896 
-177.663 18.8674 
-177.667 18.8402 
-177.67 18.814 
-177.673 18.7888 
-177.675 18.7644 
-177.678 18.7407 
-177.68 18.7175 
-177.682 18.6947 
-177.684 18.6723 
-177.686 18.65 
-177.688 18.628 
-177.689 18.6059 
-177.691 18.5838 
-177.692 18.5615 
-177.693 18.5389 
-177.695 18.516 
-177.696 18.4927 
-177.697 18.4687 
-177.697 18.4441 
-177.698 18.4186 
-177.699 18.3921 
-177.699 18.3644 
-177.699 18.3354 
-177.7 18.3049 
-177.699 18.2724 
-177.699 18.2379 
-177.698 18.201 
-177.697 18.1612 
-177.695 18.1181 
-177.692 18.0713 
-177.688 18.0202 
-177.683 17.9641 
-177.677 17.9024 
-177.668 17.8344 
-177.656 17.7595 
-177.641 17.6777 
-177.62 17.5893 
-177.593 17.496 
-177.557 17.4016 
-177.511 17.3125 
-177.455 17.2376 
-177.389 17.1875 
-177.316 17.1706 
-177.241 17.1895 
-177.17 17.24 
-177.106 17.3129 
-177.051 17.3982 
-177.004 17.4874 
-176.966 17.5751 
-176.935 17.658 
-176.909 17.7348 
-176.888 17.8052 
-176.87 17.8131 
-176.794 17.8293 
-176.721 17.8771 
-176.653 17.9475 
-176.594 18.0307 
-176.544 18.1181 
-176.502 18.2043 
-176.467 18.286 
-176.438 18.3618 
-176.414 18.4313 
-176.394 18.4946 
-176.377 18.5524 
-176.362 18.6051 
-176.349 18.6534 
-176.338 18.6977 
-176.329 18.7386 
-176.32 18.7766 
-176.313 18.8119 
-176.306 18.8451 
-176.3 18.8763 
-176.294 18.9059 
-176.289 18.934 
-176.284 18.9609 
-176.28 18.9867 
-176.276 19.0116 
-176.272 19.0358 
-176.268 19.0593 
-176.265 19.0823 
-176.262 19.1049 
-176.259 19.1272 
-176.256 19.1493 
-176.253 19.1713 
-176.251 19.1933 
-176.248 19.2153 
-176.246 19.2376 
-176.243 19.2601 
-176.241 19.283 
-176.239 19.3063 
-176.237 19.3303 
-176.235 19.3551 
-176.233 19.3807 
-176.231 19.4073 
-176.229 19.4351 
-176.228 19.4643 
-176.226 19.4952 
-176.225 19.5279 
-176.224 19.5628 
-176.223 19.6002 
-176.223 19.6405 
-176.223 19.6842 
-176.223 19.7318 
-176.225 19.7838 
-176.227 19.8409 
-176.231 19.9039 
-176.237 19.9734 
-176.246 20.0498 
-176.259 20.1334 
-176.276 20.2236 
-176.301 20.3185 
-176.335 20.414 
-176.379 20.5034 
-176.435 20.5771 
-176.502 20.6247 
>
-169.608 19.6798 
-169.685 19.6735 
-169.762 19.6343 
-169.835 19.5704 
-169.9 19.4918 
-169.957 19.4073 
-170.005 19.3228 
-170.046 19.242 
-170.08 19.1666 
-170.108 19.0973 
-170.133 19.034 
-170.153 18.9762 
-170.171 18.9234 
-170.187 18.8751 
-170.2 18.8307 
-170.212 18.7898 
-170.223 18.7518 
-170.232 18.7164 
-170.241 18.6832 
-170.249 18.652 
-170.256 18.6225 
-170.263 18.5944 
-170.269 18.5676 
-170.274 18.5418 
-170.28 18.5169 
-170.285 18.4929 
-170.29 18.4694 
-170.294 18.4465 
-170.298 18.4241 
-170.302 18.4019 
-170.306 18.3799 
-170.31 18.358 
-170.314 18.3362 
-170.318 18.3143 
-170.321 18.2922 
-170.324 18.2699 
-170.328 18.2472 
-170.331 18.224 
-170.334 18.2003 
-170.338 18.1758 
-170.341 18.1505 
-170.344 18.1241 
-170.347 18.0966 
-170.35 18.0678 
-170.353 18.0373 
-170.356 18.005 
-170.359 17.9706 
-170.361 17.9337 
-170.364 17.894 
-170.366 17.8509 
-170.368 17.8041 
-170.369 17.7529 
-170.37 17.6966 
-170.369 17.6345 
-170.367 17.566 
-170.362 17.4905 
-170.355 17.4076 
-170.343 17.3178 
-170.324 17.2226 
-170.298 17.1255 
-170.26 17.0327 
-170.211 16.9532 
-170.15 16.8976 
-170.08 16.8744 
-170.004 16.8868 
-169.928 16.931 
-169.857 16.998 
-169.794 17.0781 
-169.74 17.163 
-169.693 17.247 
-169.654 17.3269 
-169.621 17.4012 
-169.594 17.4694 
-169.57 17.5317 
-169.55 17.5885 
-169.532 17.6405 
-169.517 17.688 
-169.504 17.7317 
-169.492 17.7721 
-169.481 17.8096 
-169.472 17.8446 
-169.463 17.8774 
-169.456 17.9083 
-169.448 17.9375 
-169.442 17.9653 
-169.436 17.9919 
-169.43 18.0175 
-169.425 18.0422 
-169.419 18.0661 
-169.415 18.0894 
-169.41 18.1122 
-169.406 18.1347 
-169.402 18.1568 
-169.397 18.1787 
-169.394 18.2005 
-169.39 18.2224 
-169.386 18.2443 
-169.382 18.2664 
-169.379 18.2887 
-169.375 18.3115 
-169.372 18.3347 
-169.369 18.3586 
-169.365 18.3832 
-169.362 18.4086 
-169.359 18.4351 
-169.355 18.4628 
-169.352 18.4919 
-169.349 18.5227 
-169.346 18.5553 
-169.343 18.5901 
-169.34 18.6274 
-169.337 18.6677 
-169.335 18.7113 
-169.333 18.7588 
-169.332 18.8108 
-169.331 18.868 
-169.331 18.9311 
-169.333 19.0008 
-169.338 19.0775 
-169.346 19.1617 
-169.359 19.2526 
-169.378 19.3486 
-169.406 19.4456 
-169.445 19.5371 
-169.497 19.6134 
-169.56 19.6643 
>
