-177.389 55.017 
-177.769 55.172 
-178.275 55.311 
-178.655 55.374 
-179.034 55.381 
-179.414 55.383 
-179.793 55.337 
179.827 55.292 
179.332 55.15 
178.878 54.969 
178.611 54.714 
178.372 54.47 
178.276 54.211 
178.294 53.987 
178.387 53.725 
178.625 53.498 
178.916 53.302 
179.384 53.119 
179.89 52.966 
-179.667 52.889 
-179.287 52.889 
-178.908 52.889 
-178.528 52.922 
-178.148 52.984 
-177.832 53.119 
-177.326 53.271 
-177.058 53.498 
-176.762 53.687 
-176.63 53.912 
-176.567 54.136 
-176.639 54.359 
-176.768 54.581 
-177.015 54.801 
>
-152.502 52.752 
-152.926 52.79 
-153.368 52.791 
-153.924 52.761 
-154.317 52.711 
-154.755 52.593 
-155.152 52.458 
-155.516 52.287 
-155.72 52.015 
-155.836 51.784 
-155.925 51.543 
-155.911 51.305 
-155.837 51.066 
-155.663 50.781 
-155.395 50.542 
-155.047 50.283 
-154.613 50.077 
-154.234 49.914 
-153.753 49.723 
-153.246 49.562 
-152.673 49.456 
-152.293 49.418 
-151.913 49.363 
-151.534 49.337 
-151.091 49.335 
-150.668 49.362 
-150.147 49.441 
-149.701 49.568 
-149.319 49.733 
-148.993 50.016 
-148.7 50.304 
-148.445 50.572 
-148.316 50.818 
-148.305 51.066 
-148.425 51.375 
-148.684 51.676 
-149.06 51.899 
-149.443 52.063 
-149.866 52.176 
-150.269 52.232 
-150.648 52.334 
-151.028 52.42 
-151.534 52.574 
-151.913 52.7 
-152.293 52.742 
>
-158.635 52.236 
-159.078 52.22 
-159.458 52.141 
-159.837 52.173 
-160.343 52.227 
-160.723 52.236 
-161.102 52.202 
-161.666 52.054 
-162.044 51.897 
-162.384 51.624 
-162.594 51.387 
-162.674 51.069 
-162.613 50.828 
-162.441 50.538 
-162.186 50.306 
-161.763 50.076 
-161.356 49.919 
-160.849 49.829 
-160.47 49.751 
-160.09 49.749 
-159.711 49.789 
-159.331 49.862 
-158.952 49.839 
-158.445 49.811 
-158.066 49.796 
-157.56 49.823 
-157.132 49.977 
-156.712 50.138 
-156.408 50.466 
-156.358 50.748 
-156.358 50.989 
-156.358 51.228 
-156.476 51.545 
-156.726 51.747 
-157.121 51.979 
-157.618 52.141 
-158.046 52.212 
-158.445 52.235 
>
-138.735 48.547 
-139.178 48.595 
-139.558 48.586 
-140.001 48.515 
-140.444 48.378 
-140.823 48.166 
-141.213 48.155 
-141.593 48.413 
-141.962 48.596 
-142.405 48.726 
-142.911 48.871 
-143.354 48.924 
-143.797 48.966 
-144.239 49.01 
-144.619 49.049 
-144.999 49.091 
-145.505 49.022 
-145.884 48.939 
-146.264 48.822 
-146.648 48.592 
-146.96 48.336 
-147.055 48.082 
-147.086 47.826 
-147.086 47.569 
-146.96 47.268 
-146.671 46.958 
-146.39 46.708 
-145.978 46.454 
-145.568 46.311 
-145.252 46.162 
-144.745 46.019 
-144.239 45.946 
-143.86 45.925 
-143.48 45.908 
-142.974 45.837 
-142.595 45.826 
-142.215 45.899 
-141.772 45.959 
-141.329 46.193 
-140.95 46.429 
-140.57 46.179 
-140.199 45.989 
-139.826 45.8 
-139.431 45.657 
-139.052 45.57 
-138.672 45.559 
-138.293 45.559 
-137.85 45.604 
-137.407 45.745 
-137.055 45.94 
-136.748 46.179 
-136.585 46.486 
-136.458 46.792 
-136.517 47.052 
-136.658 47.398 
-136.838 47.698 
-137.148 47.911 
-137.533 48.166 
-137.913 48.329 
-138.356 48.462 
>
-139.443 53.912 
-139.684 53.687 
-139.796 53.46 
-139.815 53.233 
-139.748 52.966 
-139.576 52.697 
-139.354 52.426 
-138.925 52.225 
-138.546 52.069 
-138.166 51.97 
-137.787 51.925 
-137.407 51.92 
-136.901 52.004 
-136.521 52.154 
-136.205 52.426 
-135.969 52.62 
-135.889 52.851 
-135.889 53.08 
-135.921 53.309 
-136.061 53.536 
-136.268 53.762 
-136.615 53.993 
-137.091 54.173 
-137.47 54.248 
-137.913 54.312 
-138.419 54.305 
-138.735 54.173 
-139.178 54.069 
>
-132.933 49.049 
-133.059 48.715 
-133.12 48.42 
-133.105 48.166 
-132.968 47.826 
-132.774 47.553 
-132.467 47.312 
-132.093 47.052 
-131.65 46.922 
-131.27 46.748 
-130.828 46.694 
-130.448 46.694 
-130.005 46.748 
-129.499 46.932 
-129.22 47.169 
-128.976 47.441 
-128.812 47.741 
-128.788 47.997 
-128.788 48.251 
-128.907 48.589 
-129.094 48.83 
-129.483 49.145 
-129.909 49.435 
-130.258 49.546 
-130.701 49.67 
-131.144 49.711 
-131.587 49.68 
-132.093 49.572 
-132.472 49.423 
-132.803 49.132 
>
-97.336 16.34 
-97.741 16.556 
-98.121 16.619 
-98.563 16.676 
-99.007 16.543 
-99.418 16.328 
-99.639 15.933 
-99.765 15.505 
-99.765 15.137 
-99.693 14.768 
-99.571 14.399 
-99.368 13.844 
-99.089 13.504 
-98.723 13.145 
-98.374 12.793 
-98.343 12.421 
-98.149 12.048 
-97.936 11.675 
-97.659 11.308 
-97.172 10.909 
-96.792 10.711 
-96.476 10.489 
-96.033 10.364 
-95.653 10.364 
-95.139 10.54 
-94.778 10.927 
-94.632 11.301 
-94.578 11.675 
-94.632 12.048 
-94.673 12.421 
-94.8 12.793 
-94.983 13.179 
-95.279 13.536 
-95.489 13.844 
-95.59 14.258 
-95.084 14.175 
-94.578 14.214 
-94.072 14.352 
-93.761 14.645 
-93.548 15.014 
-93.439 15.382 
-93.485 15.793 
-93.638 16.238 
-93.692 16.689 
-93.313 16.787 
-92.87 16.774 
-92.427 16.908 
-92.114 17.212 
-91.955 17.637 
-91.921 18.06 
-92.021 18.516 
-92.427 18.858 
-92.806 19.085 
-93.265 19.265 
-93.239 19.624 
-93.059 20.043 
-92.933 20.461 
-92.996 20.936 
-93.149 21.292 
-93.425 21.588 
-93.755 22.001 
-93.882 22.354 
-93.867 22.706 
-93.985 23.175 
-94.172 23.525 
-94.495 23.932 
-94.861 24.24 
-95.21 24.396 
-95.716 24.628 
-96.159 24.699 
-96.665 24.727 
-97.172 24.58 
-97.551 24.338 
-97.818 23.99 
-98.219 23.645 
-98.567 23.986 
-99.006 24.304 
-99.512 24.481 
-99.941 24.689 
-100.335 24.925 
-100.714 25.031 
-101.094 25.089 
-101.473 25.089 
-101.853 25.376 
-102.233 25.619 
-102.675 25.766 
-103.055 26.007 
-103.466 26.326 
-103.561 26.69 
-103.624 27.144 
-103.863 27.539 
-104.145 27.864 
-104.479 28.114 
-104.953 28.269 
-105.459 28.338 
-105.965 28.299 
-106.399 28.101 
-106.646 27.764 
-106.838 27.37 
-106.905 27.03 
-106.885 26.69 
-106.67 26.287 
-106.414 25.89 
-106.092 25.708 
-105.712 25.549 
-105.501 25.204 
-105.501 24.858 
-105.332 24.512 
-105.02 24.093 
-104.64 23.754 
-104.236 23.421 
-103.814 23.233 
-103.308 23.044 
-102.865 22.961 
-102.359 23.038 
-101.959 22.721 
-101.562 22.38 
-101.094 22.122 
-100.841 21.769 
-100.638 21.351 
-100.525 20.877 
-100.204 20.461 
-99.765 20.236 
-99.445 19.864 
-99.133 19.565 
-98.753 19.445 
-98.374 19.357 
-97.994 19.285 
-97.551 19.265 
-97.045 19.385 
-96.686 19.624 
-96.336 19.325 
-96.245 18.965 
-96.096 18.603 
-95.843 18.19 
-96.286 17.96 
-96.729 17.758 
-97.049 17.459 
-97.294 16.969 
>
-89.821 28.437 
-90.023 28.045 
-90.086 27.651 
-89.95 27.2 
-89.734 26.851 
-89.466 26.52 
-89.091 26.16 
-88.709 25.916 
-88.315 25.716 
-87.872 25.549 
-87.429 25.39 
-87.049 25.376 
-86.67 25.376 
-86.29 25.376 
-85.847 25.434 
-85.415 25.73 
-85.142 26.064 
-85.029 26.406 
-85.025 26.747 
-85.129 27.087 
-85.316 27.413 
-85.569 27.751 
-85.905 28.106 
-86.257 28.358 
-86.733 28.604 
-87.07 28.761 
-87.556 28.883 
-87.998 28.939 
-88.441 28.994 
-88.947 28.909 
-89.453 28.763 
>
-86.074 15.621 
-86.515 15.358 
-86.792 14.953 
-87.19 14.649 
-87.505 14.276 
-87.556 13.906 
-87.543 13.412 
-87.366 12.979 
-87.239 12.483 
-86.923 12.048 
-86.55 11.774 
-86.164 11.612 
-85.784 11.612 
-85.392 11.647 
-85.039 11.938 
-84.793 12.296 
-84.54 12.689 
-84.287 13.041 
-84.203 13.412 
-84.118 13.783 
-84.118 14.153 
-84.144 14.522 
-84.294 14.872 
-84.645 15.263 
-84.962 15.468 
-85.468 15.655 
-85.847 15.641 
>
-86.784 7.035 
-87.017 6.53 
-86.986 6.088 
-86.877 5.708 
-86.675 5.381 
-86.29 5.018 
-85.974 4.805 
-85.531 4.678 
-85.152 4.749 
-84.656 5.023 
-84.409 5.392 
-84.329 5.835 
-84.377 6.277 
-84.645 6.782 
-85.02 7.161 
-85.468 7.35 
-85.911 7.436 
-86.417 7.303 
>
-88.203 0.696 
-88.188 0.315 
-88.072 -0.067 
-87.828 -0.457 
-87.492 -0.849 
-87.113 -1.02 
-86.67 -1.13 
-86.164 -1.068 
-85.79 -0.83 
-85.577 -0.385 
-85.499 0.06 
-85.546 0.442 
-85.738 0.887 
-86.018 1.359 
-86.417 1.678 
-86.796 1.835 
-87.176 1.855 
-87.556 1.794 
-87.872 1.538 
-88.188 1.204 
-88.234 0.823 
>
-73.258 19.382 
-73.5 19.025 
-73.653 18.664 
-73.587 18.242 
-73.379 17.829 
-73.01 17.45 
-72.648 17.186 
-72.119 16.991 
-71.74 17 
-71.36 17.095 
-70.981 17.339 
-70.728 17.697 
-70.616 18.06 
-70.614 18.423 
-70.791 18.844 
-71.098 19.148 
-71.55 19.469 
-71.93 19.651 
-72.309 19.684 
-72.779 19.634 
>
