26.22 -21.619 
26.263 -21.602 
26.326 -21.58 
26.39 -21.555 
26.436 -21.53 
26.477 -21.503 
26.535 -21.464 
26.586 -21.406 
26.628 -21.354 
26.675 -21.29 
26.716 -21.209 
26.737 -21.161 
26.76 -21.089 
26.78 -21.018 
26.781 -20.958 
26.784 -20.894 
26.784 -20.827 
26.781 -20.768 
26.776 -20.708 
26.761 -20.661 
26.74 -20.589 
26.718 -20.53 
26.696 -20.486 
26.652 -20.417 
26.614 -20.358 
26.573 -20.313 
26.519 -20.272 
26.456 -20.222 
26.415 -20.196 
26.368 -20.174 
26.305 -20.149 
26.26 -20.131 
26.22 -20.126 
26.167 -20.125 
26.125 -20.125 
26.083 -20.125 
26.03 -20.141 
25.987 -20.149 
25.924 -20.17 
25.86 -20.195 
25.821 -20.219 
25.757 -20.263 
25.705 -20.317 
25.661 -20.367 
25.612 -20.425 
25.573 -20.497 
25.555 -20.542 
25.535 -20.589 
25.512 -20.661 
25.491 -20.756 
25.49 -20.816 
25.49 -20.863 
25.49 -20.911 
25.49 -20.958 
25.508 -21.042 
25.514 -21.089 
25.531 -21.137 
25.554 -21.197 
25.575 -21.24 
25.599 -21.283 
25.635 -21.345 
25.67 -21.399 
25.715 -21.44 
25.77 -21.481 
25.839 -21.528 
25.882 -21.552 
25.924 -21.573 
25.987 -21.596 
26.04 -21.602 
26.098 -21.618 
26.16 -21.626 
>
25.892 -27.401 
25.908 -27.354 
25.914 -27.306 
25.933 -27.234 
25.934 -27.175 
25.934 -27.127 
25.934 -27.08 
25.934 -27.032 
25.928 -26.972 
25.913 -26.925 
25.897 -26.853 
25.874 -26.782 
25.85 -26.722 
25.829 -26.679 
25.786 -26.606 
25.752 -26.544 
25.712 -26.52 
25.67 -26.472 
25.646 -26.431 
25.588 -26.393 
25.518 -26.341 
25.473 -26.317 
25.416 -26.294 
25.374 -26.273 
25.331 -26.266 
25.289 -26.249 
25.236 -26.246 
25.194 -26.246 
25.151 -26.246 
25.109 -26.246 
25.067 -26.246 
25.014 -26.249 
24.971 -26.266 
24.929 -26.273 
24.887 -26.292 
24.83 -26.317 
24.785 -26.341 
24.715 -26.393 
24.656 -26.433 
24.612 -26.472 
24.569 -26.52 
24.535 -26.575 
24.492 -26.642 
24.453 -26.722 
24.432 -26.774 
24.412 -26.83 
24.391 -26.901 
24.387 -26.949 
24.369 -27.02 
24.368 -27.08 
24.368 -27.127 
24.368 -27.175 
24.371 -27.234 
24.389 -27.306 
24.397 -27.354 
24.41 -27.401 
24.432 -27.473 
24.452 -27.52 
24.473 -27.564 
24.513 -27.637 
24.56 -27.695 
24.601 -27.747 
24.647 -27.793 
24.699 -27.844 
24.767 -27.889 
24.807 -27.913 
24.855 -27.937 
24.908 -27.959 
24.971 -27.982 
25.014 -27.985 
25.098 -28.006 
25.151 -28.009 
25.204 -28.006 
25.268 -27.99 
25.31 -27.985 
25.374 -27.964 
25.437 -27.94 
25.496 -27.913 
25.536 -27.889 
25.604 -27.844 
25.656 -27.793 
25.702 -27.747 
25.743 -27.697 
25.79 -27.637 
25.83 -27.564 
25.848 -27.52 
25.87 -27.473 
>
