45.053 -12.347 
45.05 -12.52 
45.054 -12.727 
45.052 -12.893 
45.052 -13.032 
45.053 -13.211 
45.053 -13.35 
45.055 -13.528 
45.055 -13.667 
45.055 -13.786 
45.055 -13.906 
45.055 -14.025 
45.056 -14.203 
45.056 -14.342 
45.055 -14.521 
45.055 -14.66 
45.062 -14.815 
45.19 -14.857 
45.309 -14.857 
45.429 -14.856 
45.548 -14.856 
45.667 -14.856 
45.787 -14.856 
45.906 -14.856 
46.025 -14.856 
46.145 -14.857 
46.264 -14.857 
46.383 -14.856 
46.503 -14.856 
46.622 -14.856 
46.741 -14.855 
46.861 -14.855 
46.98 -14.779 
46.98 -14.66 
46.98 -14.541 
46.98 -14.422 
46.98 -14.303 
46.98 -14.184 
46.98 -14.064 
46.98 -13.945 
46.98 -13.826 
46.98 -13.707 
46.98 -13.588 
46.98 -13.469 
46.98 -13.35 
46.98 -13.231 
46.98 -13.111 
46.98 -12.992 
46.98 -12.873 
47.099 -12.833 
47.219 -12.833 
47.338 -12.833 
47.457 -12.833 
47.577 -12.833 
47.696 -12.833 
47.815 -12.832 
47.935 -12.832 
48.054 -12.833 
48.173 -12.833 
48.293 -12.833 
48.412 -12.833 
48.531 -12.833 
48.651 -12.829 
48.77 -12.829 
48.889 -12.829 
48.964 -12.714 
48.964 -12.595 
48.962 -12.476 
48.962 -12.357 
48.962 -12.238 
48.967 -12.119 
48.967 -12 
48.968 -11.88 
48.969 -11.761 
48.969 -11.642 
48.968 -11.523 
48.968 -11.404 
48.968 -11.285 
48.968 -11.166 
48.968 -11.046 
48.968 -10.927 
48.969 -10.808 
48.969 -10.689 
48.969 -10.57 
48.969 -10.451 
48.969 -10.332 
48.969 -10.213 
48.969 -10.093 
48.969 -9.974 
48.969 -9.855 
48.969 -9.736 
48.969 -9.617 
48.969 -9.498 
48.969 -9.379 
48.969 -9.26 
48.969 -9.14 
48.962 -9.021 
48.85 -8.982 
48.73 -8.982 
48.611 -8.982 
48.492 -8.982 
48.372 -8.982 
48.253 -8.982 
48.134 -8.982 
48.014 -8.982 
47.895 -8.982 
47.776 -8.982 
47.656 -8.982 
47.537 -8.982 
47.418 -8.982 
47.298 -8.982 
47.179 -8.982 
47.06 -8.982 
47.02 -9.101 
47.02 -9.22 
47.02 -9.339 
47.02 -9.458 
47.02 -9.577 
47.02 -9.696 
47.02 -9.815 
47.02 -9.935 
47.02 -10.054 
47.02 -10.173 
47.02 -10.292 
47.02 -10.411 
47.02 -10.53 
47.02 -10.649 
47.02 -10.769 
47.004 -10.888 
46.861 -10.922 
46.741 -10.922 
46.622 -10.914 
46.503 -10.914 
46.383 -10.914 
46.264 -10.918 
46.145 -10.918 
46.025 -10.918 
45.906 -10.918 
45.787 -10.918 
45.667 -10.92 
45.548 -10.92 
45.429 -10.92 
45.309 -10.92 
45.19 -10.92 
45.051 -10.942 
45.046 -11.086 
45.046 -11.229 
45.038 -11.384 
45.044 -11.543 
45.048 -11.682 
45.048 -11.801 
45.048 -11.94 
45.048 -12.079 
45.047 -12.216 
>
