-171.585 -6.88125 
-171.643 -6.84828 
-171.704 -6.81932 
-171.766 -6.79448 
-171.83 -6.77383 
-171.895 -6.75739 
-171.96 -6.74515 
-172.026 -6.73706 
-172.092 -6.73302 
-172.158 -6.73293 
-172.223 -6.73662 
-172.288 -6.74394 
-172.352 -6.75471 
-172.414 -6.76875 
-172.476 -6.78586 
-172.536 -6.80585 
-172.594 -6.82855 
-172.651 -6.85377 
-172.707 -6.88133 
-172.76 -6.91109 
-172.812 -6.94288 
-172.862 -6.97659 
-172.91 -7.01207 
-172.957 -7.04922 
-173.001 -7.08794 
-173.044 -7.12815 
-173.085 -7.16976 
-173.124 -7.21271 
-173.162 -7.25694 
-173.198 -7.3024 
-173.231 -7.34905 
-173.264 -7.39685 
-173.294 -7.44578 
-173.322 -7.49581 
-173.349 -7.54691 
-173.374 -7.59907 
-173.397 -7.65226 
-173.417 -7.70647 
-173.436 -7.76167 
-173.453 -7.81783 
-173.468 -7.87492 
-173.48 -7.93291 
-173.49 -7.99173 
-173.498 -8.05135 
-173.503 -8.11167 
-173.505 -8.17263 
-173.505 -8.23411 
-173.502 -8.29599 
-173.495 -8.35813 
-173.486 -8.42037 
-173.473 -8.48253 
-173.457 -8.54439 
-173.437 -8.60571 
-173.414 -8.66626 
-173.388 -8.72575 
-173.357 -8.78389 
-173.323 -8.84037 
-173.286 -8.89488 
-173.244 -8.94711 
-173.2 -8.99673 
-173.151 -9.04344 
-173.1 -9.08696 
-173.046 -9.12702 
-172.989 -9.1634 
-172.93 -9.19589 
-172.869 -9.22434 
-172.806 -9.24865 
-172.742 -9.26874 
-172.677 -9.2846 
-172.611 -9.29625 
-172.544 -9.30374 
-172.478 -9.30718 
-172.412 -9.30668 
-172.346 -9.30239 
-172.281 -9.29448 
-172.217 -9.28314 
-172.154 -9.26854 
-172.093 -9.25088 
-172.033 -9.23035 
-171.974 -9.20714 
-171.917 -9.18143 
-171.862 -9.15337 
-171.808 -9.12315 
-171.757 -9.0909 
-171.707 -9.05675 
-171.659 -9.02084 
-171.613 -8.98327 
-171.568 -8.94415 
-171.526 -8.90355 
-171.485 -8.86155 
-171.446 -8.81823 
-171.409 -8.77364 
-171.373 -8.72782 
-171.34 -8.68083 
-171.308 -8.63268 
-171.278 -8.58342 
-171.25 -8.53307 
-171.224 -8.48166 
-171.2 -8.4292 
-171.178 -8.37571 
-171.158 -8.32123 
-171.139 -8.26577 
-171.123 -8.20936 
-171.109 -8.15203 
-171.098 -8.09383 
-171.088 -8.03481 
-171.082 -7.97503 
-171.077 -7.91457 
-171.076 -7.85351 
-171.077 -7.79196 
-171.081 -7.73005 
-171.088 -7.66792 
-171.098 -7.60573 
-171.112 -7.54369 
-171.129 -7.482 
-171.15 -7.4209 
-171.173 -7.36064 
-171.201 -7.3015 
-171.232 -7.24378 
-171.267 -7.18778 
-171.305 -7.13382 
-171.347 -7.08221 
-171.393 -7.03325 
-171.441 -6.98726 
-171.493 -6.94451 
-171.547 -6.90526 
>
-172.182 -12.201 
-172.157 -12.1485 
-172.135 -12.095 
-172.114 -12.0405 
-172.096 -11.985 
-172.08 -11.9286 
-172.066 -11.8712 
-172.054 -11.813 
-172.045 -11.754 
-172.038 -11.6942 
-172.034 -11.6337 
-172.032 -11.5727 
-172.033 -11.5111 
-172.038 -11.4492 
-172.045 -11.3871 
-172.056 -11.3249 
-172.069 -11.2629 
-172.087 -11.2012 
-172.107 -11.1402 
-172.132 -11.0799 
-172.16 -11.0208 
-172.191 -10.9631 
-172.226 -10.9072 
-172.265 -10.8533 
-172.308 -10.8017 
-172.354 -10.7528 
-172.403 -10.7069 
-172.455 -10.6642 
-172.51 -10.6249 
-172.548 -10.601 
-172.607 -10.568 
-172.668 -10.5391 
-172.731 -10.5143 
-172.795 -10.4937 
-172.861 -10.4773 
-172.927 -10.4651 
-172.994 -10.457 
-173.06 -10.453 
-173.127 -10.4529 
-173.193 -10.4566 
-173.258 -10.4639 
-173.322 -10.4747 
-173.386 -10.4887 
-173.448 -10.5058 
-173.508 -10.5258 
-173.567 -10.5485 
-173.625 -10.5737 
-173.681 -10.6012 
-173.735 -10.631 
-173.787 -10.6627 
-173.838 -10.6964 
-173.887 -10.7318 
-173.933 -10.769 
-173.979 -10.8077 
-174.022 -10.8478 
-174.063 -10.8894 
-174.103 -10.9323 
-174.141 -10.9765 
-174.177 -11.0219 
-174.211 -11.0685 
-174.244 -11.1163 
-174.275 -11.1652 
-174.303 -11.2152 
-174.33 -11.2663 
-174.356 -11.3184 
-174.379 -11.3716 
-174.4 -11.4257 
-174.419 -11.4809 
-174.436 -11.5371 
-174.451 -11.5941 
-174.463 -11.6521 
-174.474 -11.7109 
-174.482 -11.7705 
-174.482 -11.7762 
-174.508 -11.8283 
-174.531 -11.8815 
-174.552 -11.9356 
-174.571 -11.9908 
-174.588 -12.0469 
-174.603 -12.104 
-174.616 -12.162 
-174.626 -12.2208 
-174.634 -12.2804 
-174.639 -12.3407 
-174.642 -12.4017 
-174.641 -12.4631 
-174.638 -12.525 
-174.632 -12.5872 
-174.622 -12.6494 
-174.61 -12.7116 
-174.593 -12.7735 
-174.574 -12.8349 
-174.55 -12.8954 
-174.523 -12.955 
-174.493 -13.0131 
-174.458 -13.0697 
-174.42 -13.1242 
-174.378 -13.1765 
-174.333 -13.2262 
-174.284 -13.273 
-174.232 -13.3165 
-174.177 -13.3566 
-174.12 -13.3931 
-174.06 -13.4256 
-173.998 -13.4541 
-173.934 -13.4785 
-173.869 -13.4986 
-173.803 -13.5145 
-173.736 -13.5262 
-173.668 -13.5337 
-173.601 -13.5372 
-173.534 -13.5367 
-173.467 -13.5324 
-173.401 -13.5245 
-173.336 -13.5131 
-173.272 -13.4985 
-173.21 -13.4809 
-173.149 -13.4603 
-173.089 -13.4371 
-173.032 -13.4113 
-172.976 -13.3833 
-172.921 -13.353 
-172.869 -13.3207 
-172.818 -13.2865 
-172.77 -13.2506 
-172.723 -13.213 
-172.678 -13.1738 
-172.634 -13.1332 
-172.593 -13.0911 
-172.554 -13.0478 
-172.516 -13.0031 
-172.48 -12.9573 
-172.446 -12.9102 
-172.414 -12.8621 
-172.384 -12.8128 
-172.356 -12.7624 
-172.329 -12.7109 
-172.305 -12.6584 
-172.282 -12.6049 
-172.262 -12.5504 
-172.244 -12.4949 
-172.227 -12.4385 
-172.213 -12.3811 
-172.202 -12.3229 
-172.192 -12.2639 
>
179.632 -4.06146 
179.574 -4.02846 
179.513 -3.99947 
179.451 -3.9746 
179.388 -3.95392 
179.324 -3.93745 
179.258 -3.9252 
179.193 -3.91709 
179.127 -3.91304 
179.061 -3.91293 
178.996 -3.91662 
178.932 -3.92394 
178.868 -3.93471 
178.806 -3.94875 
178.745 -3.96587 
178.685 -3.98588 
178.627 -4.00859 
178.57 -4.03382 
178.515 -4.06141 
178.462 -4.09118 
178.411 -4.123 
178.361 -4.15673 
178.313 -4.19223 
178.267 -4.22941 
178.222 -4.26816 
178.18 -4.30839 
178.139 -4.35003 
178.1 -4.393 
178.062 -4.43726 
178.027 -4.48275 
177.993 -4.52943 
177.961 -4.57726 
177.931 -4.62621 
177.903 -4.67626 
177.877 -4.72739 
177.852 -4.77957 
177.829 -4.83279 
177.809 -4.88701 
177.79 -4.94223 
177.773 -4.99841 
177.759 -5.05551 
177.747 -5.11351 
177.737 -5.17235 
177.729 -5.23197 
177.724 -5.2923 
177.722 -5.35326 
177.722 -5.41474 
177.726 -5.47661 
177.732 -5.53875 
177.741 -5.60098 
177.754 -5.66312 
177.77 -5.72497 
177.79 -5.78628 
177.813 -5.8468 
177.839 -5.90626 
177.87 -5.96437 
177.903 -6.02083 
177.941 -6.07531 
177.982 -6.1275 
178.026 -6.17708 
178.074 -6.22376 
178.125 -6.26724 
178.179 -6.30727 
178.235 -6.3436 
178.294 -6.37606 
178.355 -6.40448 
178.417 -6.42876 
178.481 -6.44883 
178.546 -6.46467 
178.611 -6.4763 
178.677 -6.48377 
178.743 -6.48719 
178.809 -6.48668 
178.874 -6.48239 
178.939 -6.47448 
179.002 -6.46314 
179.065 -6.44855 
179.126 -6.4309 
179.186 -6.41038 
179.244 -6.38718 
179.3 -6.36148 
179.355 -6.33345 
179.408 -6.30325 
179.46 -6.27102 
179.509 -6.2369 
179.557 -6.20101 
179.603 -6.16347 
179.647 -6.12437 
179.69 -6.0838 
179.73 -6.04183 
179.769 -5.99854 
179.806 -5.95397 
179.841 -5.90818 
179.874 -5.86121 
179.906 -5.81309 
179.935 -5.76386 
179.963 -5.71354 
179.989 -5.66214 
-179.987 -5.60971 
-179.964 -5.55624 
-179.944 -5.50178 
-179.926 -5.44633 
-179.91 -5.38994 
-179.896 -5.33263 
-179.884 -5.27444 
-179.875 -5.21543 
-179.868 -5.15566 
-179.864 -5.0952 
-179.862 -5.03414 
-179.864 -4.97259 
-179.868 -4.91067 
-179.875 -4.84853 
-179.885 -4.78634 
-179.898 -4.72428 
-179.915 -4.66258 
-179.935 -4.60145 
-179.959 -4.54117 
-179.987 -4.48201 
179.982 -4.42426 
179.948 -4.36823 
179.91 -4.31423 
179.868 -4.26258 
179.823 -4.2136 
179.775 -4.16757 
179.723 -4.12479 
179.669 -4.0855 
>
-170.215 -11.5209 
-170.275 -11.488 
-170.336 -11.4591 
-170.399 -11.4343 
-170.464 -11.4137 
-170.53 -11.3973 
-170.596 -11.3851 
-170.663 -11.377 
-170.73 -11.373 
-170.796 -11.3729 
-170.862 -11.3766 
-170.928 -11.3839 
-170.993 -11.3947 
-171.056 -11.4087 
-171.118 -11.4258 
-171.179 -11.4458 
-171.238 -11.4685 
-171.296 -11.4937 
-171.352 -11.5212 
-171.406 -11.5509 
-171.459 -11.5827 
-171.51 -11.6164 
-171.559 -11.6518 
-171.606 -11.6889 
-171.651 -11.7276 
-171.694 -11.7677 
-171.736 -11.8093 
-171.776 -11.8522 
-171.814 -11.8964 
-171.85 -11.9418 
-171.885 -11.9884 
-171.917 -12.0362 
-171.948 -12.0851 
-171.977 -12.135 
-172.004 -12.1861 
-172.029 -12.2382 
-172.052 -12.2914 
-172.074 -12.3456 
-172.093 -12.4007 
-172.11 -12.4569 
-172.125 -12.5139 
-172.138 -12.5719 
-172.148 -12.6307 
-172.156 -12.6903 
-172.161 -12.7506 
-172.164 -12.8116 
-172.163 -12.873 
-172.16 -12.9349 
-172.154 -12.9971 
-172.144 -13.0593 
-172.132 -13.1215 
-172.115 -13.1834 
-172.096 -13.2448 
-172.072 -13.3054 
-172.045 -13.3649 
-172.014 -13.4231 
-171.98 -13.4796 
-171.942 -13.5342 
-171.9 -13.5865 
-171.854 -13.6361 
-171.806 -13.6829 
-171.754 -13.7265 
-171.699 -13.7666 
-171.641 -13.803 
-171.581 -13.8356 
-171.519 -13.8641 
-171.455 -13.8885 
-171.39 -13.9086 
-171.323 -13.9245 
-171.256 -13.9362 
-171.189 -13.9437 
-171.121 -13.9472 
-171.054 -13.9467 
-170.987 -13.9424 
-170.921 -13.9345 
-170.856 -13.9231 
-170.792 -13.9085 
-170.729 -13.8909 
-170.668 -13.8703 
-170.609 -13.8471 
-170.551 -13.8213 
-170.495 -13.7932 
-170.44 -13.763 
-170.388 -13.7307 
-170.337 -13.6965 
-170.288 -13.6606 
-170.241 -13.6229 
-170.196 -13.5838 
-170.153 -13.5431 
-170.112 -13.5011 
-170.072 -13.4577 
-170.035 -13.4131 
-169.999 -13.3672 
-169.965 -13.3202 
-169.933 -13.272 
-169.902 -13.2227 
-169.874 -13.1723 
-169.848 -13.1208 
-169.823 -13.0683 
-169.801 -13.0148 
-169.78 -12.9603 
-169.762 -12.9048 
-169.745 -12.8484 
-169.731 -12.791 
-169.72 -12.7328 
-169.71 -12.6738 
-169.704 -12.614 
-169.699 -12.5535 
-169.698 -12.4925 
-169.699 -12.4309 
-169.704 -12.369 
-169.711 -12.3069 
-169.721 -12.2447 
-169.735 -12.1827 
-169.753 -12.121 
-169.774 -12.06 
-169.798 -11.9997 
-169.826 -11.9407 
-169.858 -11.883 
-169.893 -11.827 
-169.932 -11.7731 
-169.975 -11.7216 
-170.021 -11.6727 
-170.07 -11.6267 
-170.122 -11.5841 
-170.177 -11.5449 
>
