-141.626 55.7136 
-141.564 55.6785 
-141.5 55.645 
-141.434 55.6132 
-141.365 55.5831 
-141.294 55.5547 
-141.221 55.5282 
-141.146 55.5035 
-141.069 55.4806 
-140.991 55.4597 
-140.911 55.4407 
-140.829 55.4237 
-140.746 55.4088 
-140.662 55.3959 
-140.577 55.3852 
-140.491 55.3766 
-140.405 55.3702 
-140.317 55.366 
-140.23 55.3642 
-140.142 55.3646 
-140.053 55.3674 
-139.965 55.3726 
-139.878 55.3802 
-139.79 55.3902 
-139.704 55.4027 
-139.618 55.4177 
-139.534 55.4351 
-139.451 55.455 
-139.369 55.4773 
-139.29 55.502 
-139.212 55.5291 
-139.138 55.5585 
-139.066 55.5902 
-138.996 55.6241 
-138.93 55.66 
-138.868 55.698 
-138.809 55.7379 
-138.754 55.7796 
-138.72 55.8081 
-138.672 55.8525 
-138.628 55.8982 
-138.589 55.9451 
-138.555 55.9932 
-138.525 56.0422 
-138.5 56.092 
-138.48 56.1424 
-138.465 56.1932 
-138.455 56.2443 
-138.449 56.2956 
-138.449 56.3468 
-138.453 56.3978 
-138.463 56.4485 
-138.476 56.4987 
-138.495 56.5484 
-138.518 56.5973 
-138.545 56.6454 
-138.577 56.6926 
-138.612 56.7388 
-138.652 56.7838 
-138.695 56.8277 
-138.708 56.8632 
-138.633 56.8949 
-138.561 56.9287 
-138.493 56.9647 
-138.428 57.0026 
-138.367 57.0425 
-138.31 57.0841 
-138.275 57.1126 
-138.225 57.1569 
-138.18 57.2026 
-138.139 57.2495 
-138.104 57.2976 
-138.073 57.3466 
-138.047 57.3963 
-138.026 57.4467 
-138.01 57.4975 
-137.951 57.5477 
-137.869 57.5747 
-137.79 57.6041 
-137.714 57.6357 
-137.641 57.6695 
-137.571 57.7054 
-137.505 57.7434 
-137.443 57.7832 
-137.385 57.8248 
-137.349 57.8533 
-137.298 57.8976 
-137.252 57.9433 
-137.21 57.9902 
-137.173 58.0382 
-137.142 58.0872 
-137.115 58.1369 
-137.094 58.1873 
-137.078 58.2381 
-137.067 58.2892 
-137.061 58.3404 
-137.06 58.3916 
-137.065 58.4427 
-137.074 58.4934 
-137.089 58.5436 
-137.108 58.5933 
-137.132 58.6423 
-137.161 58.6904 
-137.194 58.7377 
-137.231 58.7839 
-137.273 58.8289 
-137.319 58.8728 
-137.369 58.9154 
-137.422 58.9566 
-137.479 58.9964 
-137.54 59.0347 
-137.604 59.0715 
-137.671 59.1066 
-137.742 59.14 
-137.815 59.1717 
-137.891 59.2016 
-137.97 59.2297 
-138.051 59.2559 
-138.135 59.2802 
-138.221 59.3025 
-138.308 59.3227 
-138.398 59.3409 
-138.49 59.3569 
-138.583 59.3708 
-138.677 59.3824 
-138.772 59.3917 
-138.869 59.3987 
-138.966 59.4034 
-139.064 59.4056 
-139.163 59.4054 
-139.261 59.4028 
-139.359 59.3976 
-139.457 59.3898 
-139.554 59.3795 
-139.651 59.3666 
-139.746 59.3512 
-139.839 59.3331 
-139.931 59.3125 
-140.02 59.2894 
-140.107 59.2637 
-140.192 59.2356 
-140.273 59.2052 
-140.351 59.1724 
-140.425 59.1374 
-140.495 59.1002 
-140.561 59.0611 
-140.623 59.0201 
-140.68 58.9773 
-140.732 58.9329 
-140.779 58.8871 
-140.821 58.84 
-140.858 58.7918 
-140.889 58.7426 
-140.915 58.6927 
-140.936 58.6421 
-140.951 58.5912 
-140.961 58.5399 
-140.977 58.5229 
-141.06 58.4948 
-141.139 58.4643 
-141.215 58.4316 
-141.288 58.3966 
-141.357 58.3595 
-141.421 58.3204 
-141.482 58.2794 
-141.538 58.2366 
-141.589 58.1923 
-141.635 58.1465 
-141.676 58.0994 
-141.712 58.0512 
-141.743 58.002 
-141.769 57.9521 
-141.789 57.9016 
-141.804 57.8506 
-141.813 57.7993 
-141.818 57.748 
-141.817 57.6967 
-141.812 57.6456 
-141.801 57.5949 
-141.786 57.5446 
-141.766 57.495 
-141.741 57.4461 
-141.712 57.398 
-141.679 57.3509 
-141.642 57.3048 
-141.601 57.2599 
-141.556 57.2162 
-141.508 57.1738 
-141.559 57.1269 
-141.629 57.092 
-141.695 57.0549 
-141.748 57.03 
-141.812 57.0651 
-141.879 57.0985 
-141.948 57.1301 
-142.02 57.16 
-142.094 57.188 
-142.171 57.2142 
-142.25 57.2384 
-142.331 57.2607 
-142.414 57.2809 
-142.498 57.299 
-142.585 57.315 
-142.673 57.3288 
-142.762 57.3404 
-142.852 57.3497 
-142.943 57.3568 
-143.035 57.3614 
-143.127 57.3637 
-143.22 57.3635 
-143.313 57.3608 
-143.406 57.3556 
-143.498 57.3479 
-143.59 57.3376 
-143.681 57.3247 
-143.77 57.3093 
-143.859 57.2913 
-143.945 57.2708 
-144.03 57.2477 
-144.112 57.2221 
-144.192 57.1941 
-144.268 57.1636 
-144.342 57.1309 
-144.412 57.096 
-144.478 57.0589 
-144.541 57.0198 
-144.599 56.9788 
-144.653 56.9361 
-144.703 56.8918 
-144.747 56.846 
-144.787 56.799 
-144.822 56.7508 
-144.852 56.7017 
-144.877 56.6518 
-144.896 56.6012 
-144.911 56.5503 
-144.92 56.499 
-144.925 56.4477 
-144.924 56.3964 
-144.919 56.3453 
-144.909 56.2945 
-144.894 56.2443 
-144.875 56.1946 
-144.851 56.1457 
-144.823 56.0976 
-144.792 56.0505 
-144.756 56.0044 
-144.716 55.9594 
-144.673 55.9157 
-144.626 55.8732 
-144.577 55.8321 
-144.524 55.7925 
-144.468 55.7542 
-144.409 55.7176 
-144.347 55.6825 
-144.283 55.649 
-144.217 55.6172 
-144.148 55.5871 
-144.077 55.5587 
-144.004 55.5322 
-143.929 55.5075 
-143.852 55.4846 
-143.774 55.4637 
-143.694 55.4447 
-143.612 55.4277 
-143.529 55.4128 
-143.445 55.3999 
-143.36 55.3892 
-143.274 55.3806 
-143.188 55.3742 
-143.1 55.37 
-143.013 55.3682 
-142.925 55.3686 
-142.836 55.3714 
-142.748 55.3766 
-142.661 55.3842 
-142.573 55.3942 
-142.487 55.4067 
-142.401 55.4217 
-142.317 55.4391 
-142.233 55.459 
-142.152 55.4813 
-142.073 55.506 
-141.995 55.5331 
-141.921 55.5625 
-141.848 55.5942 
-141.779 55.6281 
-141.713 55.664 
-141.651 55.702 
>
-136.489 53.5519 
-136.444 53.5963 
-136.403 53.6421 
-136.366 53.6891 
-136.333 53.7372 
-136.305 53.7862 
-136.282 53.836 
-136.263 53.8865 
-136.249 53.9373 
-136.24 53.9884 
-136.235 54.0397 
-136.235 54.0909 
-136.239 54.1419 
-136.248 54.1926 
-136.261 54.2428 
-136.279 54.2924 
-136.301 54.3413 
-136.327 54.3894 
-136.356 54.4366 
-136.39 54.4827 
-136.428 54.5277 
-136.469 54.5715 
-136.514 54.614 
-136.562 54.6551 
-136.613 54.6948 
-136.667 54.733 
-136.724 54.7696 
-136.785 54.8046 
-136.847 54.838 
-136.913 54.8696 
-136.981 54.8994 
-137.051 54.9274 
-137.123 54.9535 
-137.198 54.9776 
-137.274 54.9998 
-137.353 55.02 
-137.433 55.0381 
-137.514 55.0541 
-137.597 55.0679 
-137.681 55.0794 
-137.766 55.0888 
-137.852 55.0958 
-137.938 55.1004 
-138.025 55.1027 
-138.113 55.1025 
-138.2 55.0998 
-138.288 55.0946 
-138.375 55.0869 
-138.461 55.0767 
-138.547 55.0639 
-138.632 55.0485 
-138.715 55.0305 
-138.796 55.01 
-138.876 54.987 
-138.954 54.9614 
-139.029 54.9335 
-139.101 54.9031 
-139.171 54.8704 
-139.237 54.8355 
-139.3 54.7985 
-139.359 54.7595 
-139.414 54.7186 
-139.465 54.6759 
-139.512 54.6317 
-139.554 54.5859 
-139.592 54.5389 
-139.625 54.4908 
-139.654 54.4417 
-139.677 54.3918 
-139.696 54.3413 
-139.71 54.2904 
-139.719 54.2391 
-139.723 54.1878 
-139.723 54.1365 
-139.718 54.0854 
-139.709 54.0346 
-139.695 53.9844 
-139.677 53.9347 
-139.655 53.8857 
-139.629 53.8376 
-139.599 53.7904 
-139.565 53.7443 
-139.528 53.6993 
-139.487 53.6555 
-139.443 53.613 
-139.396 53.5719 
-139.346 53.5321 
-139.293 53.4939 
-139.238 53.4571 
-139.18 53.422 
-139.119 53.3885 
-139.056 53.3566 
-138.991 53.3265 
-138.924 53.2981 
-138.855 53.2715 
-138.784 53.2467 
-138.711 53.2238 
-138.637 53.2029 
-138.562 53.1838 
-138.484 53.1668 
-138.406 53.1519 
-138.327 53.139 
-138.246 53.1282 
-138.165 53.1196 
-138.083 53.1132 
-138 53.109 
-137.917 53.1072 
-137.834 53.1076 
-137.75 53.1104 
-137.667 53.1157 
-137.584 53.1233 
-137.501 53.1333 
-137.419 53.1458 
-137.338 53.1608 
-137.258 53.1783 
-137.18 53.1982 
-137.103 53.2205 
-137.027 53.2453 
-136.954 53.2725 
-136.884 53.3019 
-136.815 53.3337 
-136.75 53.3676 
-136.688 53.4037 
-136.629 53.4417 
-136.573 53.4816 
-136.521 53.5233 
>
-141.095 53.1901 
-141.05 53.2344 
-141.009 53.2802 
-140.973 53.3272 
-140.94 53.3753 
-140.913 53.4244 
-140.89 53.4742 
-140.871 53.5246 
-140.857 53.5755 
-140.848 53.6266 
-140.843 53.6778 
-140.843 53.729 
-140.847 53.78 
-140.856 53.8307 
-140.869 53.8809 
-140.887 53.9306 
-140.908 53.9795 
-140.934 54.0276 
-140.964 54.0747 
-140.997 54.1208 
-141.034 54.1658 
-141.075 54.2096 
-141.119 54.2521 
-141.167 54.2932 
-141.218 54.3329 
-141.272 54.3711 
-141.329 54.4077 
-141.388 54.4427 
-141.451 54.476 
-141.515 54.5076 
-141.583 54.5374 
-141.652 54.5654 
-141.724 54.5915 
-141.798 54.6157 
-141.874 54.6379 
-141.951 54.658 
-142.03 54.6761 
-142.111 54.6921 
-142.193 54.7059 
-142.276 54.7174 
-142.361 54.7268 
-142.446 54.7338 
-142.532 54.7384 
-142.618 54.7407 
-142.704 54.7405 
-142.791 54.7378 
-142.878 54.7326 
-142.964 54.7249 
-143.05 54.7147 
-143.135 54.7019 
-143.219 54.6865 
-143.301 54.6685 
-143.382 54.648 
-143.461 54.625 
-143.538 54.5995 
-143.613 54.5715 
-143.684 54.5412 
-143.753 54.5085 
-143.819 54.4736 
-143.881 54.4366 
-143.94 54.3976 
-143.994 54.3567 
-144.045 54.3141 
-144.091 54.2698 
-144.133 54.2241 
-144.171 54.1771 
-144.204 54.1289 
-144.232 54.0799 
-144.255 54.03 
-144.274 53.9795 
-144.288 53.9285 
-144.297 53.8773 
-144.301 53.826 
-144.301 53.7747 
-144.296 53.7236 
-144.287 53.6728 
-144.273 53.6225 
-144.256 53.5728 
-144.234 53.5239 
-144.208 53.4758 
-144.178 53.4286 
-144.145 53.3825 
-144.108 53.3375 
-144.067 53.2937 
-144.024 53.2511 
-143.977 53.21 
-143.928 53.1702 
-143.875 53.132 
-143.82 53.0952 
-143.763 53.0601 
-143.703 53.0265 
-143.64 52.9947 
-143.576 52.9645 
-143.509 52.9361 
-143.441 52.9095 
-143.37 52.8847 
-143.298 52.8618 
-143.225 52.8409 
-143.15 52.8219 
-143.073 52.8048 
-142.996 52.7899 
-142.917 52.777 
-142.837 52.7662 
-142.756 52.7576 
-142.675 52.7512 
-142.593 52.747 
-142.51 52.7452 
-142.428 52.7456 
-142.345 52.7485 
-142.262 52.7537 
-142.18 52.7613 
-142.098 52.7713 
-142.017 52.7839 
-141.936 52.7989 
-141.857 52.8163 
-141.779 52.8362 
-141.703 52.8586 
-141.628 52.8834 
-141.556 52.9105 
-141.486 52.94 
-141.418 52.9718 
-141.353 53.0057 
-141.292 53.0417 
-141.233 53.0798 
-141.178 53.1197 
-141.127 53.1615 
>
-100.823 27.3743 
-100.875 27.3388 
-100.924 27.3005 
-100.97 27.2595 
-101.013 27.2161 
-101.054 27.1705 
-101.09 27.1229 
-101.123 27.0736 
-101.153 27.0227 
-101.18 26.9706 
-101.202 26.9175 
-101.222 26.8636 
-101.238 26.8091 
-101.25 26.7542 
-101.26 26.6991 
-101.266 26.644 
-101.269 26.5891 
-101.269 26.5343 
-101.266 26.48 
-101.261 26.4262 
-101.253 26.3729 
-101.242 26.3204 
-101.229 26.2686 
-101.213 26.2176 
-101.195 26.1674 
-101.175 26.1182 
-101.153 26.07 
-101.129 26.0227 
-101.103 25.9765 
-101.075 25.9313 
-101.045 25.8872 
-101.013 25.8443 
-100.979 25.8025 
-100.944 25.762 
-100.906 25.7227 
-100.867 25.6846 
-100.827 25.648 
-100.784 25.6127 
-100.74 25.5788 
-100.694 25.5465 
-100.647 25.5157 
-100.598 25.4867 
-100.547 25.4594 
-100.495 25.434 
-100.442 25.4105 
-100.387 25.3891 
-100.33 25.3698 
-100.273 25.3529 
-100.214 25.3385 
-100.154 25.3265 
-100.093 25.3173 
-100.032 25.3109 
-99.9693 25.3074 
-99.9066 25.307 
-99.8437 25.3097 
-99.7808 25.3156 
-99.7182 25.3249 
-99.656 25.3375 
-99.5946 25.3535 
-99.5343 25.3729 
-99.4752 25.3957 
-99.4178 25.4217 
-99.3622 25.451 
-99.3087 25.4835 
-99.2576 25.5188 
-99.209 25.557 
-99.1633 25.5979 
-99.1205 25.6411 
-99.0808 25.6865 
-99.0443 25.7339 
-99.011 25.7831 
-98.9812 25.8337 
-98.9547 25.8856 
-98.9316 25.9385 
-98.9119 25.9922 
-98.8955 26.0465 
-98.8824 26.1013 
-98.8726 26.1562 
-98.8658 26.2112 
-98.8621 26.2661 
-98.8613 26.3207 
-98.8634 26.375 
-98.8682 26.4289 
-98.8757 26.4821 
-98.8858 26.5347 
-98.8983 26.5866 
-98.9133 26.6377 
-98.9306 26.688 
-98.9501 26.7374 
-98.9718 26.7858 
-98.9956 26.8333 
-99.0214 26.8797 
-99.0493 26.9251 
-99.0792 26.9694 
-99.111 27.0125 
-99.1447 27.0545 
-99.1802 27.0953 
-99.2177 27.1349 
-99.2569 27.1731 
-99.298 27.2101 
-99.3408 27.2456 
-99.3854 27.2796 
-99.4318 27.3121 
-99.4799 27.3429 
-99.5297 27.3721 
-99.5811 27.3994 
-99.6341 27.4249 
-99.6888 27.4483 
-99.7449 27.4696 
-99.8024 27.4887 
-99.8613 27.5054 
-99.9214 27.5196 
-99.9826 27.5312 
-100.045 27.54 
-100.108 27.5459 
-100.171 27.5488 
-100.235 27.5486 
-100.299 27.5452 
-100.363 27.5384 
-100.427 27.5283 
-100.49 27.5148 
-100.553 27.4978 
-100.614 27.4774 
-100.673 27.4536 
-100.731 27.4265 
-100.787 27.3961 
>
-99.133 25.3964 
-99.184 25.361 
-99.2324 25.3227 
-99.2779 25.2818 
-99.3205 25.2384 
-99.3599 25.1928 
-99.396 25.1452 
-99.4287 25.0959 
-99.4581 25.0451 
-99.484 24.993 
-99.5065 24.9399 
-99.5256 24.886 
-99.5413 24.8315 
-99.5538 24.7766 
-99.563 24.7216 
-99.5691 24.6665 
-99.5722 24.6115 
-99.5724 24.5568 
-99.5697 24.5024 
-99.5644 24.4486 
-99.5564 24.3954 
-99.5459 24.3428 
-99.533 24.291 
-99.5177 24.24 
-99.5002 24.1898 
-99.4806 24.1406 
-99.4589 24.0923 
-99.4351 24.045 
-99.4094 23.9988 
-99.3817 23.9536 
-99.3522 23.9095 
-99.3208 23.8666 
-99.2877 23.8248 
-99.2528 23.7842 
-99.2161 23.7449 
-99.1778 23.7068 
-99.1377 23.6701 
-99.096 23.6348 
-99.0526 23.6009 
-99.0075 23.5686 
-98.9609 23.5378 
-98.9127 23.5088 
-98.8629 23.4815 
-98.8117 23.456 
-98.7589 23.4325 
-98.7048 23.4111 
-98.6493 23.3919 
-98.5925 23.375 
-98.5346 23.3605 
-98.4756 23.3485 
-98.4157 23.3393 
-98.3551 23.3329 
-98.2938 23.3294 
-98.2321 23.329 
-98.1701 23.3317 
-98.1082 23.3377 
-98.0465 23.3469 
-97.9853 23.3596 
-97.9249 23.3756 
-97.8655 23.395 
-97.8074 23.4178 
-97.7508 23.4439 
-97.6961 23.4732 
-97.6435 23.5056 
-97.5932 23.541 
-97.5454 23.5793 
-97.5004 23.6201 
-97.4583 23.6634 
-97.4192 23.7088 
-97.3834 23.7562 
-97.3507 23.8054 
-97.3214 23.856 
-97.2954 23.9079 
-97.2727 23.9609 
-97.2533 24.0146 
-97.2373 24.0689 
-97.2244 24.1237 
-97.2147 24.1786 
-97.2081 24.2336 
-97.2045 24.2885 
-97.2038 24.3432 
-97.2059 24.3975 
-97.2107 24.4513 
-97.2181 24.5046 
-97.2281 24.5572 
-97.2405 24.609 
-97.2552 24.6601 
-97.2722 24.7104 
-97.2915 24.7597 
-97.3128 24.8082 
-97.3363 24.8556 
-97.3618 24.902 
-97.3892 24.9474 
-97.4186 24.9917 
-97.4499 25.0348 
-97.4831 25.0768 
-97.5181 25.1176 
-97.5549 25.1571 
-97.5935 25.1953 
-97.6339 25.2322 
-97.676 25.2677 
-97.7199 25.3017 
-97.7655 25.3342 
-97.8128 25.365 
-97.8617 25.3942 
-97.9123 25.4215 
-97.9645 25.4469 
-98.0182 25.4704 
-98.0733 25.4917 
-98.1299 25.5107 
-98.1878 25.5274 
-98.2468 25.5416 
-98.307 25.5532 
-98.3681 25.562 
-98.43 25.5679 
-98.4924 25.5708 
-98.5553 25.5706 
-98.6184 25.5672 
-98.6813 25.5605 
-98.744 25.5504 
-98.8061 25.5368 
-98.8673 25.5199 
-98.9273 25.4995 
-98.9859 25.4757 
-99.0428 25.4486 
-99.0977 25.4183 
>
-98.0332 22.8336 
-98.0832 22.7982 
-98.1307 22.76 
-98.1754 22.7191 
-98.2171 22.6757 
-98.2557 22.6302 
-98.2912 22.5826 
-98.3233 22.5333 
-98.3522 22.4825 
-98.3776 22.4305 
-98.3998 22.3774 
-98.4185 22.3235 
-98.434 22.269 
-98.4463 22.2142 
-98.4554 22.1591 
-98.4615 22.104 
-98.4646 22.049 
-98.4648 21.9943 
-98.4622 21.94 
-98.457 21.8861 
-98.4493 21.8329 
-98.439 21.7803 
-98.4264 21.7285 
-98.4115 21.6775 
-98.3944 21.6273 
-98.3752 21.578 
-98.3539 21.5298 
-98.3306 21.4825 
-98.3054 21.4362 
-98.2783 21.391 
-98.2494 21.3469 
-98.2186 21.3039 
-98.1861 21.2621 
-98.1519 21.2215 
-98.1159 21.1821 
-98.0783 21.1441 
-98.039 21.1073 
-97.998 21.072 
-97.9555 21.0381 
-97.9113 21.0057 
-97.8655 20.975 
-97.8182 20.9459 
-97.7693 20.9185 
-97.719 20.8931 
-97.6672 20.8696 
-97.614 20.8481 
-97.5596 20.8289 
-97.5038 20.812 
-97.4469 20.7975 
-97.389 20.7855 
-97.3302 20.7763 
-97.2706 20.7699 
-97.2104 20.7664 
-97.1498 20.766 
-97.089 20.7687 
-97.0282 20.7747 
-96.9676 20.784 
-96.9076 20.7966 
-96.8482 20.8127 
-96.7899 20.8321 
-96.7328 20.8549 
-96.6773 20.881 
-96.6236 20.9104 
-96.572 20.9428 
-96.5226 20.9783 
-96.4757 21.0165 
-96.4316 21.0574 
-96.3903 21.1007 
-96.352 21.1462 
-96.3168 21.1936 
-96.2848 21.2428 
-96.256 21.2935 
-96.2305 21.3454 
-96.2083 21.3983 
-96.1894 21.4521 
-96.1737 21.5065 
-96.1611 21.5612 
-96.1517 21.6162 
-96.1452 21.6712 
-96.1418 21.7261 
-96.1411 21.7807 
-96.1432 21.835 
-96.148 21.8888 
-96.1553 21.9421 
-96.1652 21.9947 
-96.1774 22.0465 
-96.1919 22.0976 
-96.2086 22.1479 
-96.2276 22.1972 
-96.2486 22.2456 
-96.2716 22.293 
-96.2966 22.3394 
-96.3236 22.3848 
-96.3525 22.429 
-96.3832 22.4721 
-96.4157 22.5141 
-96.4501 22.5549 
-96.4862 22.5944 
-96.5241 22.6326 
-96.5637 22.6694 
-96.605 22.7049 
-96.6481 22.7389 
-96.6928 22.7713 
-96.7392 22.8021 
-96.7871 22.8313 
-96.8367 22.8586 
-96.8879 22.884 
-96.9405 22.9074 
-96.9946 22.9287 
-97.05 22.9477 
-97.1067 22.9644 
-97.1646 22.9786 
-97.2236 22.9902 
-97.2835 22.999 
-97.3441 23.0049 
-97.4053 23.0078 
-97.4669 23.0076 
-97.5287 23.0042 
-97.5905 22.9975 
-97.6519 22.9874 
-97.7127 22.9739 
-97.7727 22.957 
-97.8316 22.9366 
-97.889 22.9129 
-97.9448 22.8858 
-97.9986 22.8555 
>
-161.311 54.3748 
-161.361 54.4198 
-161.416 54.463 
-161.474 54.5044 
-161.535 54.5438 
-161.599 54.5812 
-161.667 54.6165 
-161.736 54.6498 
-161.808 54.681 
-161.883 54.7101 
-161.959 54.7371 
-162.037 54.7619 
-162.116 54.7847 
-162.197 54.8053 
-162.28 54.8238 
-162.363 54.8401 
-162.447 54.8544 
-162.533 54.8665 
-162.619 54.8765 
-162.705 54.8844 
-162.792 54.8902 
-162.88 54.8938 
-162.968 54.8953 
-163.056 54.8946 
-163.143 54.8917 
-163.231 54.8867 
-163.319 54.8794 
-163.406 54.8699 
-163.493 54.8581 
-163.579 54.8441 
-163.664 54.8277 
-163.748 54.809 
-163.83 54.788 
-163.912 54.7646 
-163.991 54.7389 
-164.069 54.7108 
-164.144 54.6804 
-164.217 54.6476 
-164.287 54.6125 
-164.354 54.5751 
-164.417 54.5356 
-164.477 54.4939 
-164.534 54.4502 
-164.585 54.4046 
-164.633 54.3571 
-164.675 54.308 
-164.713 54.2574 
-164.745 54.2055 
-164.772 54.1525 
-164.794 54.0985 
-164.81 54.0438 
-164.82 53.9887 
-164.825 53.9333 
-164.824 53.8778 
-164.817 53.8226 
-164.805 53.7677 
-164.787 53.7135 
-164.764 53.6601 
-164.736 53.6077 
-164.703 53.5564 
-164.665 53.5065 
-164.624 53.4581 
-164.578 53.4113 
-164.528 53.3661 
-164.475 53.3228 
-164.418 53.2813 
-164.358 53.2417 
-164.296 53.2041 
-164.231 53.1685 
-164.164 53.1349 
-164.094 53.1034 
-164.023 53.0739 
-163.95 53.0464 
-163.875 53.0211 
-163.799 52.9977 
-163.722 52.9765 
-163.643 52.9572 
-163.564 52.94 
-163.484 52.9248 
-163.402 52.9116 
-163.321 52.9004 
-163.238 52.8912 
-163.156 52.8841 
-163.073 52.8789 
-162.989 52.8758 
-162.905 52.8747 
-162.822 52.8756 
-162.738 52.8786 
-162.654 52.8837 
-162.571 52.8908 
-162.487 52.9001 
-162.404 52.9115 
-162.322 52.9252 
-162.24 52.941 
-162.16 52.959 
-162.08 52.9793 
-162.001 53.0018 
-161.924 53.0267 
-161.849 53.0538 
-161.775 53.0832 
-161.703 53.1149 
-161.634 53.1489 
-161.605 53.1284 
-161.556 53.0832 
-161.503 53.0399 
-161.446 52.9984 
-161.387 52.9588 
-161.325 52.9212 
-161.261 52.8855 
-161.194 52.852 
-161.125 52.8204 
-161.054 52.7909 
-160.981 52.7635 
-160.907 52.7381 
-160.831 52.7148 
-160.755 52.6935 
-160.677 52.6742 
-160.598 52.657 
-160.518 52.6418 
-160.438 52.6286 
-160.356 52.6174 
-160.275 52.6082 
-160.192 52.6011 
-160.11 52.5959 
-160.027 52.5928 
-159.944 52.5917 
-159.86 52.5926 
-159.777 52.5956 
-159.694 52.6007 
-159.611 52.6078 
-159.528 52.6171 
-159.446 52.6286 
-159.364 52.6422 
-159.283 52.658 
-159.203 52.676 
-159.124 52.6963 
-159.045 52.7189 
-158.969 52.7437 
-158.894 52.7708 
-158.821 52.8003 
-158.749 52.832 
-158.681 52.866 
-158.615 52.9022 
-158.551 52.9406 
-158.491 52.9811 
-158.435 53.0237 
-158.382 53.0683 
-158.333 53.1147 
-158.288 53.1629 
-158.248 53.2126 
-158.213 53.2637 
-158.183 53.3161 
-158.158 53.3695 
-158.139 53.4237 
-158.129 53.4601 
-158.119 53.5152 
-158.114 53.5706 
-158.115 53.626 
-158.121 53.6812 
-158.133 53.736 
-158.151 53.7902 
-158.173 53.8435 
-158.201 53.8959 
-158.234 53.947 
-158.272 53.9968 
-158.314 54.0452 
-158.36 54.0919 
-158.41 54.1369 
-158.464 54.1801 
-158.522 54.2215 
-158.583 54.2609 
-158.647 54.2982 
-158.713 54.3336 
-158.783 54.3669 
-158.854 54.3981 
-158.928 54.4272 
-159.004 54.4541 
-159.081 54.479 
-159.16 54.5017 
-159.24 54.5223 
-159.322 54.5408 
-159.405 54.5572 
-159.489 54.5714 
-159.573 54.5835 
-159.659 54.5935 
-159.745 54.6014 
-159.831 54.6072 
-159.918 54.6108 
-160.005 54.6123 
-160.093 54.6116 
-160.18 54.6087 
-160.267 54.6037 
-160.354 54.5964 
-160.441 54.5869 
-160.527 54.5751 
-160.612 54.5611 
-160.697 54.5447 
-160.78 54.5261 
-160.862 54.5051 
-160.943 54.4817 
-161.022 54.456 
-161.099 54.4279 
-161.174 54.3974 
-161.246 54.3647 
>
-150.291 55.1763 
-150.379 55.1756 
-150.468 55.1727 
-150.556 55.1677 
-150.645 55.1604 
-150.732 55.1509 
-150.82 55.1391 
-150.906 55.1251 
-150.992 55.1087 
-151.076 55.09 
-151.16 55.069 
-151.241 55.0456 
-151.321 55.0199 
-151.4 54.9918 
-151.475 54.9613 
-151.549 54.9285 
-151.627 54.9106 
-151.682 54.9539 
-151.741 54.9952 
-151.803 55.0346 
-151.868 55.072 
-151.936 55.1074 
-152.007 55.1407 
-152.079 55.1719 
-152.155 55.201 
-152.232 55.228 
-152.311 55.2529 
-152.391 55.2756 
-152.473 55.2962 
-152.556 55.3147 
-152.641 55.3311 
-152.726 55.3454 
-152.813 55.3575 
-152.9 55.3675 
-152.987 55.3754 
-153.075 55.3812 
-153.164 55.3848 
-153.253 55.3863 
-153.342 55.3856 
-153.431 55.3827 
-153.52 55.3777 
-153.609 55.3704 
-153.697 55.3609 
-153.785 55.3491 
-153.872 55.335 
-153.958 55.3187 
-154.043 55.3 
-154.126 55.279 
-154.209 55.2556 
-154.289 55.2298 
-154.368 55.2017 
-154.444 55.1713 
-154.517 55.1385 
-154.588 55.1034 
-154.656 55.066 
-154.72 55.0264 
-154.781 54.9847 
-154.838 54.941 
-154.89 54.8954 
-154.938 54.8479 
-154.981 54.7988 
-155.019 54.7482 
-155.052 54.6963 
-155.079 54.6432 
-155.101 54.5892 
-155.117 54.5346 
-155.128 54.4794 
-155.132 54.424 
-155.131 54.3686 
-155.124 54.3133 
-155.112 54.2585 
-155.094 54.2042 
-155.07 54.1508 
-155.042 54.0984 
-155.009 54.0472 
-154.971 53.9973 
-154.928 53.9489 
-154.882 53.9021 
-154.832 53.8569 
-154.778 53.8136 
-154.746 53.7369 
-154.74 53.6816 
-154.727 53.6268 
-154.71 53.5726 
-154.687 53.5191 
-154.659 53.4667 
-154.626 53.4155 
-154.589 53.3656 
-154.547 53.3172 
-154.501 53.2703 
-154.452 53.2252 
-154.399 53.1818 
-154.342 53.1403 
-154.283 53.1007 
-154.221 53.0631 
-154.156 53.0275 
-154.089 52.9939 
-154.019 52.9624 
-153.948 52.9329 
-153.875 52.9055 
-153.801 52.8801 
-153.725 52.8568 
-153.648 52.8355 
-153.57 52.8162 
-153.491 52.799 
-153.411 52.7838 
-153.33 52.7706 
-153.249 52.7594 
-153.167 52.7502 
-153.084 52.7431 
-153.001 52.7379 
-152.918 52.7348 
-152.835 52.7337 
-152.751 52.7346 
-152.668 52.7376 
-152.584 52.7427 
-152.501 52.7498 
-152.418 52.7591 
-152.335 52.7706 
-152.253 52.7842 
-152.172 52.8 
-152.091 52.818 
-152.012 52.8383 
-151.933 52.8608 
-151.856 52.8857 
-151.781 52.9128 
-151.708 52.9422 
-151.636 52.9739 
-151.567 53.0079 
-151.501 53.0441 
-151.438 53.0825 
-151.377 53.1231 
-151.32 53.1657 
-151.267 53.2103 
-151.218 53.2567 
-151.128 53.2787 
-151.05 53.2574 
-150.971 53.2382 
-150.891 53.221 
-150.81 53.2058 
-150.728 53.1926 
-150.646 53.1814 
-150.563 53.1722 
-150.48 53.1651 
-150.396 53.1599 
-150.312 53.1568 
-150.228 53.1557 
-150.144 53.1566 
-150.06 53.1596 
-149.975 53.1647 
-149.891 53.1718 
-149.807 53.1811 
-149.724 53.1925 
-149.641 53.2061 
-149.559 53.2219 
-149.478 53.24 
-149.397 53.2602 
-149.318 53.2828 
-149.24 53.3076 
-149.164 53.3347 
-149.09 53.3641 
-149.018 53.3958 
-148.948 53.4298 
-148.881 53.466 
-148.817 53.5044 
-148.694 53.5297 
-148.609 53.5306 
-148.524 53.5336 
-148.439 53.5386 
-148.354 53.5458 
-148.269 53.5551 
-148.185 53.5665 
-148.102 53.5801 
-148.019 53.5959 
-147.937 53.6139 
-147.856 53.6342 
-147.776 53.6567 
-147.697 53.6816 
-147.621 53.7087 
-147.546 53.7381 
-147.473 53.7698 
-147.403 53.8037 
-147.335 53.8399 
-147.27 53.8783 
-147.209 53.9188 
-147.151 53.9614 
-147.097 54.0059 
-147.047 54.0523 
-147.001 54.1005 
-146.96 54.1502 
-146.924 54.2013 
-146.894 54.2536 
-146.868 54.307 
-146.848 54.3612 
-146.838 54.3976 
-146.827 54.4527 
-146.822 54.5081 
-146.823 54.5635 
-146.83 54.6187 
-146.842 54.6735 
-146.86 54.7277 
-146.883 54.7811 
-146.911 54.8334 
-146.945 54.8846 
-146.983 54.9344 
-147.026 54.9828 
-147.073 55.0295 
-147.125 55.0746 
-147.18 55.1178 
-147.239 55.1592 
-147.301 55.1986 
-147.366 55.236 
-147.435 55.2714 
-147.505 55.3047 
-147.579 55.3359 
-147.654 55.365 
-147.732 55.392 
-147.811 55.4169 
-147.892 55.4396 
-147.974 55.4602 
-148.058 55.4787 
-148.142 55.4951 
-148.228 55.5094 
-148.315 55.5215 
-148.402 55.5315 
-148.49 55.5394 
-148.579 55.5452 
-148.668 55.5488 
-148.757 55.5503 
-148.846 55.5496 
-148.936 55.5467 
-149.025 55.5417 
-149.114 55.5344 
-149.203 55.5249 
-149.291 55.5131 
-149.378 55.499 
-149.465 55.4827 
-149.55 55.464 
-149.634 55.4429 
-149.717 55.4196 
-149.797 55.3938 
-149.876 55.3657 
-149.953 55.3352 
-150.027 55.3024 
-150.098 55.2673 
-150.166 55.2299 
-150.231 55.1904 
>
