128.436 9.73801 
128.499 9.71247 
128.563 9.69095 
128.629 9.67353 
128.695 9.66024 
128.762 9.65109 
128.829 9.64602 
128.896 9.64496 
128.963 9.64783 
129.029 9.6545 
129.095 9.66481 
129.159 9.67862 
129.222 9.69576 
129.284 9.71605 
129.345 9.7393 
129.439 9.73901 
129.502 9.71347 
129.566 9.69195 
129.632 9.67453 
129.698 9.66124 
129.765 9.65209 
129.832 9.64702 
129.899 9.64596 
129.966 9.64883 
130.032 9.6555 
130.098 9.66581 
130.162 9.67962 
130.225 9.69676 
130.287 9.71705 
130.348 9.7403 
130.406 9.76635 
130.463 9.79501 
130.519 9.82611 
130.572 9.85949 
130.623 9.895 
130.673 9.93249 
130.72 9.97183 
130.766 10.0129 
130.809 10.0556 
130.851 10.0997 
130.89 10.1453 
130.927 10.1923 
130.963 10.2404 
130.996 10.2898 
131.027 10.3403 
131.056 10.3919 
131.083 10.4445 
131.108 10.4981 
131.131 10.5526 
131.152 10.6081 
131.171 10.6644 
131.187 10.7215 
131.201 10.7793 
131.213 10.8379 
131.222 10.8972 
131.229 10.9571 
131.234 11.0175 
131.235 11.0784 
131.234 11.1397 
131.231 11.2013 
131.224 11.263 
131.215 11.3248 
131.202 11.3865 
131.186 11.4478 
131.168 11.5088 
131.145 11.5691 
131.12 11.6285 
131.091 11.6868 
131.058 11.7438 
131.023 11.7991 
130.983 11.8526 
130.941 11.9039 
130.895 11.9528 
130.846 11.9989 
130.794 12.0421 
130.74 12.0821 
130.682 12.1186 
130.623 12.1515 
130.582 12.1712 
130.519 12.1977 
130.455 12.2201 
130.389 12.2383 
130.322 12.2525 
130.255 12.2625 
130.187 12.2683 
130.119 12.2701 
130.052 12.2679 
129.985 12.2619 
129.919 12.2521 
129.853 12.2389 
129.789 12.2222 
129.727 12.2023 
129.666 12.1794 
129.579 12.1702 
129.516 12.1967 
129.452 12.2191 
129.386 12.2373 
129.319 12.2515 
129.252 12.2615 
129.225 12.2648 
129.215 12.3266 
129.203 12.3882 
129.187 12.4496 
129.168 12.5106 
129.146 12.5709 
129.12 12.6303 
129.091 12.6886 
129.058 12.7456 
129.022 12.801 
128.983 12.8544 
128.94 12.9058 
128.895 12.9546 
128.845 13.0008 
128.793 13.044 
128.738 13.084 
128.681 13.1206 
128.621 13.1534 
128.58 13.1732 
128.517 13.1996 
128.452 13.222 
128.386 13.2403 
128.319 13.2545 
128.252 13.2644 
128.184 13.2703 
128.116 13.2721 
128.048 13.2699 
127.981 13.2639 
127.914 13.2541 
127.849 13.2409 
127.785 13.2242 
127.722 13.2043 
127.66 13.1814 
127.601 13.1557 
127.58 13.1642 
127.517 13.1906 
127.452 13.213 
127.386 13.2313 
127.319 13.2455 
127.252 13.2554 
127.184 13.2613 
127.116 13.2631 
127.048 13.2609 
126.981 13.2549 
126.914 13.2451 
126.849 13.2319 
126.785 13.2152 
126.722 13.1953 
126.66 13.1724 
126.601 13.1467 
126.543 13.1183 
126.487 13.0874 
126.432 13.0542 
126.38 13.0188 
126.33 12.9814 
126.282 12.9422 
126.236 12.9012 
126.192 12.8585 
126.15 12.8144 
126.11 12.7688 
126.072 12.7218 
126.037 12.6736 
126.003 12.6242 
125.972 12.5737 
125.942 12.5221 
125.915 12.4694 
125.89 12.4158 
125.867 12.3613 
125.846 12.3058 
125.828 12.2495 
125.811 12.1924 
125.797 12.1346 
125.786 12.076 
125.776 12.0167 
125.769 11.9569 
125.765 11.8965 
125.763 11.8357 
125.764 11.7744 
125.768 11.7129 
125.775 11.6513 
125.784 11.5896 
125.797 11.528 
125.813 11.4667 
125.831 11.4058 
125.854 11.3455 
125.85 11.324 
125.832 11.2677 
125.816 11.2106 
125.802 11.1528 
125.79 11.0942 
125.781 11.035 
125.774 10.9751 
125.769 10.9147 
125.768 10.8539 
125.769 10.7927 
125.772 10.7312 
125.779 10.6695 
125.788 10.6078 
125.801 10.5462 
125.816 10.4849 
125.835 10.424 
125.857 10.3637 
125.883 10.3044 
125.911 10.246 
125.943 10.1891 
125.979 10.1337 
126.018 10.0801 
126.06 10.0287 
126.105 9.97965 
126.153 9.93329 
126.205 9.88985 
126.259 9.84959 
126.315 9.81274 
126.374 9.77948 
126.435 9.75001 
126.498 9.72447 
126.562 9.70295 
126.628 9.68553 
126.694 9.67224 
126.761 9.66309 
126.828 9.65802 
126.895 9.65696 
126.962 9.65983 
127.028 9.6665 
127.094 9.67681 
127.158 9.69062 
127.221 9.70776 
127.283 9.72805 
127.344 9.7513 
127.435 9.73801 
127.498 9.71247 
127.562 9.69095 
127.628 9.67353 
127.694 9.66024 
127.761 9.65109 
127.828 9.64602 
127.895 9.64496 
127.962 9.64783 
128.028 9.6545 
128.094 9.66481 
128.158 9.67862 
128.221 9.69576 
128.283 9.71605 
128.344 9.7393 
>
