-172.488 -10.371 
-172.547 -10.3381 
-172.608 -10.3091 
-172.671 -10.2843 
-172.736 -10.2637 
-172.801 -10.2473 
-172.867 -10.2351 
-172.934 -10.227 
-173 -10.223 
-173.067 -10.2229 
-173.133 -10.2266 
-173.198 -10.2339 
-173.262 -10.2447 
-173.326 -10.2587 
-173.388 -10.2758 
-173.448 -10.2958 
-173.507 -10.3185 
-173.565 -10.3437 
-173.62 -10.3712 
-173.675 -10.401 
-173.727 -10.4327 
-173.777 -10.4664 
-173.826 -10.5019 
-173.873 -10.539 
-173.918 -10.5777 
-173.961 -10.6178 
-174.003 -10.6594 
-174.042 -10.7023 
-174.08 -10.7465 
-174.116 -10.792 
-174.151 -10.8386 
-174.183 -10.8863 
-174.214 -10.9352 
-174.243 -10.9852 
-174.27 -11.0363 
-174.295 -11.0884 
-174.318 -11.1416 
-174.339 -11.1958 
-174.358 -11.251 
-174.375 -11.3071 
-174.39 -11.3642 
-174.403 -11.4221 
-174.413 -11.481 
-174.42 -11.5406 
-174.426 -11.6009 
-174.428 -11.6618 
-174.428 -11.7233 
-174.425 -11.7852 
-174.418 -11.8474 
-174.409 -11.9096 
-174.396 -11.9718 
-174.38 -12.0337 
-174.36 -12.095 
-174.337 -12.1556 
-174.31 -12.2151 
-174.279 -12.2733 
-174.245 -12.3298 
-174.207 -12.3844 
-174.165 -12.4366 
-174.12 -12.4863 
-174.072 -12.533 
-174.02 -12.5766 
-173.965 -12.6167 
-173.908 -12.6531 
-173.848 -12.6857 
-173.786 -12.7142 
-173.722 -12.7385 
-173.657 -12.7586 
-173.591 -12.7745 
-173.525 -12.7862 
-173.457 -12.7937 
-173.39 -12.7972 
-173.323 -12.7967 
-173.257 -12.7924 
-173.191 -12.7845 
-173.126 -12.7731 
-173.063 -12.7585 
-173 -12.7409 
-172.94 -12.7203 
-172.88 -12.6971 
-172.823 -12.6714 
-172.767 -12.6433 
-172.713 -12.613 
-172.66 -12.5807 
-172.61 -12.5466 
-172.561 -12.5106 
-172.515 -12.473 
-172.47 -12.4339 
-172.427 -12.3932 
-172.386 -12.3512 
-172.346 -12.3078 
-172.309 -12.2632 
-172.273 -12.2174 
-172.239 -12.1703 
-172.207 -12.1222 
-172.177 -12.0729 
-172.149 -12.0225 
-172.122 -11.971 
-172.098 -11.9186 
-172.076 -11.8651 
-172.055 -11.8105 
-172.037 -11.7551 
-172.021 -11.6986 
-172.007 -11.6413 
-171.995 -11.5831 
-171.986 -11.524 
-171.979 -11.4643 
-171.975 -11.4038 
-171.973 -11.3427 
-171.974 -11.2812 
-171.979 -11.2193 
-171.986 -11.1571 
-171.996 -11.095 
-172.01 -11.0329 
-172.028 -10.9713 
-172.048 -10.9102 
-172.073 -10.85 
-172.1 -10.7909 
-172.132 -10.7332 
-172.167 -10.6772 
-172.206 -10.6233 
-172.248 -10.5717 
-172.294 -10.5228 
-172.343 -10.4769 
-172.395 -10.4342 
-172.45 -10.395 
>
156.115 24.5138 
156.053 24.492 
155.991 24.4678 
155.93 24.4413 
155.87 24.4124 
155.811 24.3809 
155.753 24.347 
155.696 24.3104 
155.64 24.2712 
155.587 24.2294 
155.534 24.1849 
155.484 24.1378 
155.437 24.0879 
155.392 24.0355 
155.349 23.9805 
155.31 23.923 
155.275 23.8632 
155.243 23.8012 
155.215 23.7372 
155.192 23.6714 
155.173 23.6042 
155.159 23.5358 
155.151 23.4665 
155.147 23.3967 
155.149 23.3268 
155.156 23.2571 
155.168 23.188 
155.185 23.1199 
155.207 23.0531 
155.234 22.988 
155.266 22.9249 
155.302 22.864 
155.341 22.8055 
155.385 22.7497 
155.432 22.6967 
155.481 22.6466 
155.534 22.5994 
155.588 22.5553 
155.645 22.5143 
155.703 22.4762 
155.763 22.4412 
155.824 22.4091 
155.886 22.38 
155.949 22.3536 
156.013 22.33 
156.077 22.3091 
156.141 22.2908 
156.205 22.2751 
156.27 22.2617 
156.335 22.2508 
156.4 22.2422 
156.464 22.2359 
156.529 22.2318 
156.594 22.2299 
156.658 22.2302 
156.722 22.2325 
156.786 22.237 
156.85 22.2436 
156.913 22.2523 
156.977 22.2631 
157.04 22.276 
157.102 22.291 
157.164 22.3083 
157.226 22.3277 
157.288 22.3495 
157.348 22.3735 
157.408 22.3998 
157.468 22.4286 
157.526 22.4599 
157.597 22.4877 
157.658 22.5095 
157.719 22.5335 
157.779 22.5598 
157.839 22.5886 
157.897 22.6198 
157.955 22.6536 
158.012 22.6899 
158.067 22.7288 
158.12 22.7703 
158.172 22.8145 
158.222 22.8614 
158.27 22.911 
158.315 22.9631 
158.358 23.0179 
158.397 23.0751 
158.433 23.1347 
158.466 23.1964 
158.494 23.2602 
158.518 23.3258 
158.537 23.3929 
158.552 23.4612 
158.561 23.5305 
158.566 23.6002 
158.565 23.6702 
158.561 23.7165 
158.551 23.7859 
158.537 23.8545 
158.517 23.9219 
158.492 23.9878 
158.462 24.0518 
158.428 24.1138 
158.389 24.1733 
158.347 24.2303 
158.301 24.2846 
158.253 24.3359 
158.201 24.3844 
158.146 24.4298 
158.09 24.4721 
158.032 24.5114 
157.972 24.5477 
157.91 24.5809 
157.848 24.6113 
157.784 24.6387 
157.72 24.6633 
157.655 24.6852 
157.59 24.7044 
157.524 24.721 
157.459 24.7351 
157.393 24.7467 
157.327 24.756 
157.261 24.7629 
157.195 24.7675 
157.129 24.7699 
157.063 24.77 
156.998 24.768 
156.933 24.7638 
156.868 24.7575 
156.803 24.749 
156.738 24.7383 
156.674 24.7255 
156.611 24.7105 
156.547 24.6932 
156.484 24.6737 
156.422 24.652 
156.36 24.6278 
156.299 24.6013 
156.239 24.5724 
156.18 24.5409 
>
159.061 21.8515 
158.999 21.8789 
158.936 21.9035 
158.873 21.9253 
158.809 21.9445 
158.744 21.9611 
158.68 21.9752 
158.615 21.9868 
158.551 21.996 
158.486 22.0029 
158.422 22.0075 
158.357 22.0099 
158.293 22.01 
158.229 22.008 
158.165 22.0038 
158.101 21.9975 
158.038 21.989 
157.975 21.9784 
157.912 21.9656 
157.849 21.9506 
157.787 21.9333 
157.726 21.9139 
157.665 21.8921 
157.604 21.868 
157.544 21.8415 
157.485 21.8126 
157.427 21.7812 
157.37 21.7473 
157.315 21.7108 
157.26 21.6717 
157.207 21.6299 
157.156 21.5854 
157.107 21.5383 
157.06 21.4885 
157.016 21.4361 
156.974 21.3811 
156.936 21.3237 
156.901 21.2639 
156.87 21.202 
156.842 21.138 
156.819 21.0723 
156.801 21.0051 
156.787 20.9367 
156.779 20.8674 
156.775 20.7976 
156.776 20.7277 
156.783 20.658 
156.795 20.5889 
156.812 20.5208 
156.833 20.454 
156.86 20.3888 
156.891 20.3257 
156.926 20.2647 
156.965 20.2062 
157.008 20.1503 
157.054 20.0973 
157.102 20.0471 
157.154 19.9999 
157.207 19.9558 
157.263 19.9147 
157.32 19.8766 
157.379 19.8415 
157.439 19.8094 
157.5 19.7802 
157.562 19.7538 
157.624 19.7302 
157.687 19.7093 
157.75 19.6909 
157.813 19.6751 
157.846 19.648 
157.847 19.5781 
157.854 19.5084 
157.866 19.4393 
157.882 19.3711 
157.904 19.3043 
157.93 19.2392 
157.961 19.176 
157.996 19.115 
158.034 19.0565 
158.077 19.0006 
158.122 18.9475 
158.171 18.8974 
158.222 18.8502 
158.275 18.806 
158.33 18.7648 
158.387 18.7268 
158.445 18.6917 
158.505 18.6595 
158.565 18.6303 
158.627 18.6039 
158.689 18.5803 
158.751 18.5593 
158.814 18.541 
158.877 18.5252 
158.94 18.5118 
159.003 18.5009 
159.066 18.4923 
159.129 18.4859 
159.192 18.4818 
159.255 18.4799 
159.318 18.4802 
159.381 18.4825 
159.443 18.487 
159.506 18.4936 
159.568 18.5023 
159.629 18.5131 
159.691 18.5261 
159.752 18.5411 
159.812 18.5584 
159.873 18.5779 
159.933 18.5997 
159.992 18.6237 
160.051 18.6502 
160.108 18.679 
160.166 18.7103 
160.222 18.7441 
160.277 18.7804 
160.33 18.8194 
160.383 18.861 
160.433 18.9053 
160.482 18.9522 
160.528 19.0018 
160.572 19.0541 
160.614 19.1089 
160.652 19.1661 
160.687 19.2258 
160.718 19.2876 
160.746 19.3515 
160.769 19.4171 
160.787 19.4842 
160.802 19.5526 
160.811 19.6218 
160.815 19.6916 
160.814 19.7615 
160.81 19.8078 
160.801 19.8772 
160.786 19.9458 
160.766 20.0132 
160.742 20.079 
160.761 20.1038 
160.802 20.1586 
160.841 20.2159 
160.876 20.2755 
160.907 20.3373 
160.935 20.4011 
160.958 20.4667 
160.977 20.5339 
160.991 20.6022 
161.001 20.6714 
161.005 20.7412 
161.004 20.8112 
161 20.8575 
160.991 20.9269 
160.976 20.9955 
160.956 21.0628 
160.932 21.1287 
160.903 21.1927 
160.869 21.2546 
160.831 21.3141 
160.79 21.371 
160.745 21.4252 
160.697 21.4766 
160.646 21.5249 
160.593 21.5703 
160.538 21.6126 
160.481 21.6518 
160.422 21.688 
160.362 21.7213 
160.301 21.7515 
160.238 21.7789 
160.176 21.8035 
160.112 21.8253 
160.048 21.8445 
159.984 21.8611 
159.92 21.8752 
159.855 21.8868 
159.791 21.896 
159.726 21.9029 
159.662 21.9075 
159.597 21.9099 
159.533 21.91 
159.469 21.908 
159.405 21.9038 
159.341 21.8975 
159.278 21.889 
159.215 21.8784 
159.152 21.8656 
159.09 21.8506 
>
