-168.117 -11.54 
-168.227 -11.463 
-168.39 -11.386 
-168.459 -11.351 
-168.549 -11.288 
-168.662 -11.249 
-168.748 -11.185 
-168.815 -11.14 
-168.915 -11.095 
-169.018 -11.043 
-169.105 -10.97 
-169.177 -10.928 
-169.287 -10.875 
-169.374 -10.835 
-169.476 -10.778 
-169.578 -10.71 
-169.711 -10.658 
-169.804 -10.6 
-169.883 -10.596 
-170.013 -10.661 
-170.106 -10.801 
-170.125 -10.901 
-170.188 -10.98 
-170.247 -11.105 
-170.299 -11.258 
-170.36 -11.361 
-170.414 -11.474 
-170.464 -11.61 
-170.519 -11.698 
-170.549 -11.77 
-170.592 -11.872 
-170.675 -12.025 
-170.712 -12.112 
-170.775 -12.253 
-170.823 -12.369 
-170.874 -12.462 
-170.909 -12.54 
-170.943 -12.689 
-170.976 -12.785 
-171.022 -12.876 
-171.07 -12.988 
-171.115 -13.098 
-171.173 -13.201 
-171.217 -13.295 
-171.255 -13.405 
-171.305 -13.502 
-171.342 -13.573 
-171.383 -13.638 
-171.409 -13.71 
-171.473 -13.763 
-171.487 -13.854 
-171.543 -13.916 
-171.584 -14.058 
-171.629 -14.172 
-171.68 -14.274 
-171.736 -14.403 
-171.779 -14.529 
-171.834 -14.618 
-171.886 -14.689 
-171.902 -14.785 
-171.968 -14.86 
-171.995 -14.937 
-171.999 -15.04 
-171.939 -15.162 
-171.89 -15.222 
-171.77 -15.325 
-171.677 -15.4 
-171.58 -15.523 
-171.481 -15.626 
-171.419 -15.673 
-171.355 -15.744 
-171.238 -15.832 
-171.119 -15.93 
-171.053 -15.978 
-170.955 -16.027 
-170.849 -16.074 
-170.756 -16.135 
-170.651 -16.183 
-170.493 -16.231 
-170.392 -16.277 
-170.257 -16.339 
-170.137 -16.369 
-170.002 -16.398 
-169.832 -16.377 
-169.679 -16.389 
-169.578 -16.42 
-169.425 -16.445 
-169.323 -16.479 
-169.222 -16.525 
-169.13 -16.543 
-169.018 -16.567 
-168.939 -16.601 
-168.83 -16.646 
-168.737 -16.698 
-168.662 -16.74 
-168.514 -16.764 
-168.414 -16.803 
-168.35 -16.877 
-168.23 -16.965 
-168.136 -17.009 
-168.052 -17.041 
-167.987 -17.11 
-167.928 -17.161 
-167.865 -17.21 
-167.763 -17.271 
-167.696 -17.307 
-167.63 -17.37 
-167.524 -17.472 
-167.476 -17.535 
-167.422 -17.642 
-167.364 -17.72 
-167.266 -17.828 
-167.238 -17.903 
-167.218 -18.005 
-167.207 -18.158 
-167.202 -18.26 
-167.182 -18.362 
-167.178 -18.465 
-167.166 -18.567 
-167.162 -18.669 
-167.154 -18.822 
-167.146 -18.925 
-167.142 -19.018 
-167.149 -19.129 
-167.152 -19.231 
-167.15 -19.334 
-167.157 -19.487 
-167.164 -19.589 
-167.167 -19.691 
-167.184 -19.794 
-167.228 -19.896 
-167.235 -19.998 
-167.224 -20.1 
-167.218 -20.202 
-167.235 -20.305 
-167.254 -20.407 
-167.3 -20.474 
-167.326 -20.611 
-167.361 -20.701 
-167.364 -20.834 
-167.347 -20.918 
-167.301 -21.011 
-167.252 -21.072 
-167.207 -21.14 
-167.113 -21.26 
-167.043 -21.327 
-167.003 -21.405 
-166.889 -21.533 
-166.804 -21.651 
-166.729 -21.746 
-166.657 -21.889 
-166.595 -21.946 
-166.519 -22.042 
-166.494 -22.13 
-166.424 -22.229 
-166.35 -22.298 
-166.325 -22.4 
-166.258 -22.483 
-166.216 -22.549 
-166.14 -22.652 
-166.102 -22.721 
-166.039 -22.831 
-166.002 -22.911 
-165.95 -22.993 
-165.891 -23.085 
-165.849 -23.167 
-165.785 -23.244 
-165.738 -23.32 
-165.707 -23.422 
-165.641 -23.563 
-165.603 -23.678 
-165.534 -23.753 
-165.483 -23.882 
-165.456 -24.035 
-165.379 -24.133 
-165.305 -24.229 
-165.274 -24.342 
-165.219 -24.444 
-165.176 -24.534 
-165.109 -24.601 
-165.028 -24.729 
-164.973 -24.827 
-164.898 -24.885 
-164.796 -24.899 
-164.644 -24.913 
-164.491 -24.894 
-164.339 -24.904 
-164.237 -24.928 
-164.11 -24.926 
-163.989 -24.925 
-163.858 -24.93 
-163.779 -24.934 
-163.626 -24.893 
-163.511 -24.817 
-163.457 -24.7 
-163.395 -24.617 
-163.355 -24.528 
-163.328 -24.444 
-163.294 -24.358 
-163.23 -24.279 
-163.188 -24.189 
-163.141 -24.071 
-163.088 -23.937 
-163.037 -23.869 
-162.997 -23.762 
-162.944 -23.627 
-162.891 -23.542 
-162.841 -23.465 
-162.795 -23.32 
-162.746 -23.24 
-162.701 -23.171 
-162.646 -23.064 
-162.597 -22.962 
-162.571 -22.86 
-162.539 -22.776 
-162.501 -22.683 
-162.488 -22.604 
-162.477 -22.463 
-162.467 -22.349 
-162.456 -22.196 
-162.453 -22.093 
-162.45 -21.996 
-162.444 -21.883 
-162.436 -21.736 
-162.42 -21.633 
-162.411 -21.531 
-162.393 -21.429 
-162.382 -21.276 
-162.369 -21.173 
-162.362 -21.071 
-162.349 -20.994 
-162.342 -20.816 
-162.339 -20.662 
-162.34 -20.56 
-162.345 -20.407 
-162.334 -20.305 
-162.329 -20.222 
-162.325 -20.122 
-162.314 -19.998 
-162.305 -19.909 
-162.294 -19.819 
-162.293 -19.708 
-162.289 -19.589 
-162.281 -19.436 
-162.277 -19.298 
-162.277 -19.19 
-162.274 -19.06 
-162.276 -18.976 
-162.29 -18.822 
-162.31 -18.72 
-162.325 -18.618 
-162.347 -18.465 
-162.376 -18.362 
-162.425 -18.284 
-162.467 -18.158 
-162.543 -18.022 
-162.572 -17.903 
-162.651 -17.83 
-162.738 -17.728 
-162.795 -17.674 
-162.891 -17.569 
-162.927 -17.497 
-162.997 -17.406 
-163.068 -17.297 
-163.121 -17.238 
-163.218 -17.183 
-163.273 -17.095 
-163.35 -17.054 
-163.453 -16.964 
-163.566 -16.867 
-163.677 -16.828 
-163.736 -16.728 
-163.85 -16.655 
-163.958 -16.598 
-164.026 -16.554 
-164.097 -16.497 
-164.171 -16.455 
-164.237 -16.414 
-164.305 -16.336 
-164.421 -16.23 
-164.518 -16.152 
-164.591 -16.063 
-164.624 -15.99 
-164.658 -15.909 
-164.721 -15.832 
-164.765 -15.769 
-164.822 -15.671 
-164.863 -15.581 
-164.917 -15.468 
-164.964 -15.347 
-164.989 -15.245 
-165.028 -15.13 
-165.055 -14.978 
-165.086 -14.842 
-165.113 -14.725 
-165.173 -14.632 
-165.241 -14.415 
-165.281 -14.274 
-165.328 -14.142 
-165.379 -14.054 
-165.404 -13.967 
-165.481 -13.879 
-165.527 -13.814 
-165.578 -13.729 
-165.675 -13.625 
-165.776 -13.507 
-165.852 -13.445 
-165.911 -13.395 
-166.017 -13.299 
-166.074 -13.21 
-166.153 -13.149 
-166.202 -13.08 
-166.297 -12.967 
-166.359 -12.922 
-166.441 -12.859 
-166.491 -12.798 
-166.585 -12.709 
-166.65 -12.662 
-166.729 -12.615 
-166.806 -12.567 
-166.882 -12.532 
-166.96 -12.454 
-167.06 -12.367 
-167.136 -12.29 
-167.216 -12.259 
-167.334 -12.178 
-167.441 -12.116 
-167.492 -12.048 
-167.577 -12.002 
-167.645 -11.954 
-167.709 -11.896 
-167.773 -11.845 
-167.835 -11.795 
-167.937 -11.718 
-168.022 -11.628 
>
-163.186 -6.484 
-163.246 -6.539 
-163.372 -6.604 
-163.45 -6.685 
-163.525 -6.752 
-163.592 -6.79 
-163.64 -6.853 
-163.707 -6.895 
-163.822 -6.965 
-163.881 -7.023 
-163.953 -7.089 
-164.03 -7.119 
-164.084 -7.183 
-164.135 -7.251 
-164.21 -7.285 
-164.261 -7.343 
-164.316 -7.425 
-164.279 -7.579 
-164.22 -7.712 
-164.167 -7.771 
-164.118 -7.834 
-164.069 -7.942 
-164.015 -8.024 
-163.958 -8.077 
-163.908 -8.192 
-163.851 -8.243 
-163.804 -8.318 
-163.77 -8.396 
-163.706 -8.489 
-163.65 -8.546 
-163.602 -8.624 
-163.499 -8.753 
-163.46 -8.856 
-163.399 -8.93 
-163.347 -9 
-163.293 -9.076 
-163.262 -9.163 
-163.195 -9.235 
-163.152 -9.308 
-163.104 -9.394 
-163.028 -9.493 
-162.955 -9.572 
-162.941 -9.66 
-162.89 -9.758 
-162.847 -9.827 
-162.803 -9.93 
-162.733 -9.989 
-162.636 -10.1 
-162.594 -10.185 
-162.507 -10.246 
-162.482 -10.322 
-162.426 -10.453 
-162.378 -10.516 
-162.304 -10.645 
-162.252 -10.736 
-162.189 -10.798 
-162.101 -10.865 
-162.026 -10.916 
-161.897 -10.884 
-161.775 -10.829 
-161.696 -10.791 
-161.643 -10.734 
-161.52 -10.673 
-161.394 -10.58 
-161.297 -10.518 
-161.185 -10.487 
-161.12 -10.411 
-161.032 -10.368 
-160.936 -10.337 
-160.864 -10.246 
-160.789 -10.207 
-160.703 -10.157 
-160.611 -10.045 
-160.653 -9.943 
-160.686 -9.827 
-160.753 -9.751 
-160.816 -9.623 
-160.862 -9.559 
-160.958 -9.434 
-161.004 -9.351 
-161.034 -9.265 
-161.121 -9.202 
-161.154 -9.112 
-161.193 -9.041 
-161.261 -8.984 
-161.305 -8.908 
-161.335 -8.805 
-161.426 -8.73 
-161.505 -8.604 
-161.587 -8.531 
-161.627 -8.448 
-161.668 -8.377 
-161.72 -8.31 
-161.769 -8.243 
-161.821 -8.114 
-161.902 -7.988 
-161.972 -7.898 
-161.99 -7.783 
-162.05 -7.712 
-162.109 -7.631 
-162.182 -7.528 
-162.229 -7.454 
-162.297 -7.374 
-162.338 -7.303 
-162.438 -7.199 
-162.478 -7.119 
-162.534 -7.046 
-162.584 -6.98 
-162.638 -6.843 
-162.728 -6.728 
-162.781 -6.659 
-162.837 -6.572 
-162.936 -6.455 
-163.067 -6.418 
>
-178.428 -9.889 
-178.53 -9.888 
-178.683 -9.896 
-178.784 -9.909 
-178.863 -9.947 
-178.937 -9.997 
-179.039 -10.013 
-179.14 -10.009 
-179.293 -10.029 
-179.387 -10.073 
-179.516 -10.155 
-179.615 -10.212 
-179.684 -10.251 
-179.75 -10.306 
-179.853 -10.356 
-179.939 -10.441 
179.995 -10.494 
179.928 -10.583 
179.874 -10.668 
179.784 -10.798 
179.727 -10.901 
179.679 -11.054 
179.613 -11.207 
179.593 -11.31 
179.576 -11.463 
179.559 -11.565 
179.543 -11.667 
179.54 -11.77 
179.554 -11.872 
179.575 -12.025 
179.593 -12.127 
179.599 -12.23 
179.672 -12.339 
179.712 -12.434 
179.732 -12.587 
179.746 -12.689 
179.821 -12.77 
179.913 -12.867 
179.945 -12.937 
-179.997 -12.989 
-179.932 -13.042 
-179.82 -13.12 
-179.747 -13.174 
-179.677 -13.226 
-179.598 -13.269 
-179.496 -13.299 
-179.395 -13.328 
-179.293 -13.335 
-179.191 -13.424 
-179.09 -13.462 
-178.988 -13.453 
-178.867 -13.483 
-178.784 -13.515 
-178.683 -13.528 
-178.581 -13.521 
-178.479 -13.515 
-178.377 -13.501 
-178.276 -13.491 
-178.145 -13.482 
-177.971 -13.472 
-177.869 -13.462 
-177.767 -13.455 
-177.647 -13.441 
-177.552 -13.354 
-177.447 -13.292 
-177.355 -13.201 
-177.285 -13.157 
-177.208 -13.129 
-177.066 -13.043 
-176.991 -12.96 
-176.928 -12.907 
-176.874 -12.845 
-176.827 -12.77 
-176.778 -12.679 
-176.724 -12.618 
-176.68 -12.536 
-176.636 -12.434 
-176.587 -12.281 
-176.541 -12.178 
-176.522 -12.102 
-176.511 -11.974 
-176.502 -11.872 
-176.5 -11.718 
-176.502 -11.565 
-176.504 -11.463 
-176.503 -11.31 
-176.564 -11.219 
-176.626 -11.124 
-176.672 -11.027 
-176.731 -10.952 
-176.778 -10.866 
-176.819 -10.747 
-176.86 -10.6 
-176.982 -10.518 
-177.055 -10.479 
-177.131 -10.417 
-177.272 -10.31 
-177.333 -10.24 
-177.449 -10.138 
-177.575 -10.059 
-177.665 -10.045 
-177.767 -10.028 
-177.88 -10.009 
-178.004 -9.957 
-178.123 -9.906 
-178.207 -9.892 
-178.314 -9.89 
>
-172.579 -17.577 
-172.731 -17.537 
-172.812 -17.471 
-172.935 -17.43 
-173.087 -17.418 
-173.212 -17.414 
-173.291 -17.415 
-173.393 -17.416 
-173.494 -17.417 
-173.596 -17.427 
-173.698 -17.442 
-173.85 -17.502 
-173.952 -17.538 
-174.105 -17.582 
-174.174 -17.629 
-174.308 -17.706 
-174.438 -17.776 
-174.509 -17.819 
-174.596 -17.921 
-174.698 -18.022 
-174.815 -18.128 
-174.876 -18.209 
-174.925 -18.334 
-174.992 -18.441 
-175.01 -18.516 
-175.045 -18.607 
-175.087 -18.72 
-175.138 -18.822 
-175.157 -18.925 
-175.179 -19.008 
-175.171 -19.18 
-175.17 -19.27 
-175.186 -19.385 
-175.193 -19.487 
-175.192 -19.64 
-175.146 -19.794 
-175.11 -19.874 
-175.056 -19.977 
-175.001 -20.07 
-174.953 -20.136 
-174.883 -20.242 
-174.842 -20.324 
-174.751 -20.441 
-174.629 -20.533 
-174.553 -20.597 
-174.41 -20.672 
-174.337 -20.736 
-174.274 -20.787 
-174.156 -20.871 
-174.068 -20.939 
-173.901 -20.989 
-173.8 -20.999 
-173.647 -21.015 
-173.563 -21.045 
-173.443 -21.08 
-173.342 -21.103 
-173.245 -21.127 
-173.138 -21.103 
-173.037 -21.066 
-172.884 -21.024 
-172.782 -21.004 
-172.63 -20.995 
-172.534 -20.993 
-172.426 -20.964 
-172.338 -20.942 
-172.223 -20.9 
-172.07 -20.861 
-171.989 -20.791 
-171.867 -20.711 
-171.778 -20.638 
-171.71 -20.585 
-171.555 -20.469 
-171.489 -20.407 
-171.439 -20.253 
-171.384 -20.125 
-171.336 -20.057 
-171.283 -19.972 
-171.272 -19.896 
-171.246 -19.742 
-171.25 -19.64 
-171.255 -19.538 
-171.233 -19.399 
-171.195 -19.231 
-171.166 -19.078 
-171.179 -18.984 
-171.225 -18.909 
-171.27 -18.794 
-171.319 -18.72 
-171.338 -18.624 
-171.419 -18.492 
-171.467 -18.414 
-171.486 -18.325 
-171.573 -18.214 
-171.647 -18.151 
-171.716 -18.073 
-171.783 -18.022 
-171.85 -17.97 
-171.941 -17.889 
-172.053 -17.777 
-172.121 -17.735 
-172.223 -17.713 
-172.29 -17.668 
-172.351 -17.618 
-172.468 -17.604 
>
