157.48 23.8875 
157.47 23.9549 
157.455 24.0215 
157.435 24.087 
157.411 24.1509 
157.381 24.213 
157.348 24.273 
157.31 24.3307 
157.269 24.3858 
157.224 24.4383 
157.176 24.488 
157.125 24.5348 
157.072 24.5786 
157.017 24.6194 
156.96 24.6573 
156.902 24.6922 
156.842 24.7242 
156.781 24.7534 
156.719 24.7797 
156.656 24.8033 
156.593 24.8242 
156.53 24.8426 
156.466 24.8584 
156.402 24.8718 
156.338 24.8828 
156.274 24.8915 
156.21 24.898 
156.146 24.9022 
156.082 24.9043 
156.018 24.9042 
155.955 24.902 
155.891 24.8977 
155.828 24.8914 
155.765 24.883 
155.703 24.8724 
155.641 24.8598 
155.579 24.8451 
155.517 24.8282 
155.456 24.8092 
155.396 24.7879 
155.336 24.7644 
155.277 24.7385 
155.218 24.7103 
155.161 24.6797 
155.104 24.6466 
155.049 24.6111 
154.995 24.573 
154.943 24.5323 
154.892 24.489 
154.844 24.4432 
154.797 24.3947 
154.753 24.3437 
154.712 24.2902 
154.674 24.2343 
154.64 24.1762 
154.609 24.1159 
154.582 24.0537 
154.56 23.9898 
154.542 23.9244 
154.528 23.8579 
154.52 23.7905 
154.517 23.7227 
154.518 23.6548 
154.525 23.5871 
154.537 23.52 
154.554 23.4539 
154.576 23.3891 
154.603 23.3259 
154.634 23.2647 
154.669 23.2057 
154.708 23.149 
154.751 23.095 
154.797 23.0437 
154.846 22.9953 
154.897 22.9497 
154.95 22.9071 
155.006 22.8675 
155.063 22.8309 
155.121 22.7971 
155.181 22.7663 
155.241 22.7383 
155.303 22.713 
155.365 22.6904 
155.427 22.6704 
155.489 22.6529 
155.552 22.6379 
155.615 22.6252 
155.678 22.6149 
155.741 22.6068 
155.804 22.6009 
155.867 22.5972 
155.93 22.5956 
155.993 22.596 
156.055 22.5985 
156.117 22.6031 
156.179 22.6097 
156.241 22.6183 
156.302 22.6289 
156.364 22.6416 
156.424 22.6564 
156.485 22.6733 
156.545 22.6923 
156.605 22.7135 
156.664 22.7369 
156.722 22.7627 
156.78 22.7907 
156.837 22.8211 
156.893 22.854 
156.947 22.8893 
157.001 22.9272 
157.053 22.9676 
157.104 23.0106 
157.152 23.0562 
157.198 23.1044 
157.242 23.1551 
157.284 23.2083 
157.322 23.264 
157.357 23.3219 
157.388 23.382 
157.415 23.444 
157.439 23.5078 
157.457 23.573 
157.471 23.6394 
157.48 23.7067 
157.484 23.7745 
157.483 23.8425 
>
-172.747 -9.09598 
-172.812 -9.06861 
-172.879 -9.04565 
-172.947 -9.02718 
-173.017 -9.01322 
-173.087 -9.00376 
-173.157 -8.99876 
-173.227 -8.99811 
-173.297 -9.00169 
-173.366 -9.00935 
-173.434 -9.0209 
-173.501 -9.03614 
-173.567 -9.05487 
-173.631 -9.07688 
-173.693 -9.10194 
-173.754 -9.12986 
-173.812 -9.16042 
-173.869 -9.19342 
-173.924 -9.22869 
-173.976 -9.26605 
-174.027 -9.30534 
-174.076 -9.34642 
-174.122 -9.38916 
-174.166 -9.43343 
-174.209 -9.47914 
-174.249 -9.52619 
-174.287 -9.57451 
-174.323 -9.62401 
-174.357 -9.67465 
-174.389 -9.72637 
-174.419 -9.77913 
-174.447 -9.83288 
-174.473 -9.8876 
-174.497 -9.94325 
-174.518 -9.9998 
-174.538 -10.0572 
-174.556 -10.1155 
-174.571 -10.1746 
-174.584 -10.2345 
-174.595 -10.2952 
-174.603 -10.3566 
-174.609 -10.4186 
-174.612 -10.4812 
-174.613 -10.5444 
-174.611 -10.6079 
-174.606 -10.6719 
-174.598 -10.736 
-174.587 -10.8002 
-174.573 -10.8642 
-174.555 -10.928 
-174.534 -10.9913 
-174.509 -11.0539 
-174.481 -11.1155 
-174.449 -11.1759 
-174.414 -11.2347 
-174.375 -11.2917 
-174.332 -11.3465 
-174.286 -11.3988 
-174.236 -11.4483 
-174.183 -11.4947 
-174.126 -11.5377 
-174.067 -11.577 
-174.005 -11.6123 
-173.941 -11.6435 
-173.875 -11.6703 
-173.807 -11.6927 
-173.738 -11.7106 
-173.668 -11.724 
-173.598 -11.7328 
-173.527 -11.7372 
-173.456 -11.7372 
-173.386 -11.7329 
-173.316 -11.7246 
-173.248 -11.7124 
-173.181 -11.6965 
-173.115 -11.6771 
-173.05 -11.6545 
-172.988 -11.6288 
-172.927 -11.6003 
-172.868 -11.5691 
-172.812 -11.5355 
-172.757 -11.4997 
-172.704 -11.4618 
-172.654 -11.422 
-172.606 -11.3804 
-172.56 -11.3372 
-172.516 -11.2925 
-172.474 -11.2463 
-172.434 -11.1988 
-172.396 -11.1501 
-172.361 -11.1002 
-172.327 -11.0491 
-172.296 -10.997 
-172.266 -10.9439 
-172.239 -10.8898 
-172.214 -10.8348 
-172.19 -10.7788 
-172.169 -10.7219 
-172.15 -10.6642 
-172.134 -10.6057 
-172.119 -10.5463 
-172.107 -10.4862 
-172.097 -10.4253 
-172.09 -10.3638 
-172.085 -10.3016 
-172.082 -10.2389 
-172.083 -10.1756 
-172.086 -10.112 
-172.092 -10.0481 
-172.101 -9.98405 
-172.113 -9.91996 
-172.128 -9.85603 
-172.147 -9.79243 
-172.169 -9.72939 
-172.194 -9.66713 
-172.223 -9.60591 
-172.256 -9.546 
-172.292 -9.48771 
-172.332 -9.43133 
-172.376 -9.37719 
-172.423 -9.3256 
-172.473 -9.27687 
-172.527 -9.23132 
-172.583 -9.18924 
-172.643 -9.15089 
-172.704 -9.11651 
>
