169.928 -2.682 
169.932 -2.832 
169.931 -2.99 
169.928 -3.136 
169.929 -3.26 
169.93 -3.384 
169.929 -3.549 
169.928 -3.693 
169.932 -3.822 
169.929 -4.003 
169.928 -4.147 
169.932 -4.271 
169.929 -4.457 
169.928 -4.601 
169.932 -4.746 
169.93 -4.869 
169.928 -5.034 
169.929 -5.158 
169.93 -5.323 
169.929 -5.447 
169.928 -5.592 
169.932 -5.736 
169.93 -5.86 
169.928 -6.025 
169.929 -6.149 
169.93 -6.309 
169.929 -6.437 
169.928 -6.582 
169.93 -6.726 
169.93 -6.85 
169.928 -6.974 
169.929 -7.098 
169.93 -7.222 
169.929 -7.387 
169.928 -7.531 
169.932 -7.66 
169.931 -7.811 
169.928 -7.964 
169.929 -8.088 
169.93 -8.212 
169.929 -8.377 
169.928 -8.521 
169.93 -8.666 
169.93 -8.79 
169.928 -8.955 
169.931 -9.108 
169.989 -9.285 
170.2 -9.386 
170.344 -9.383 
170.516 -9.384 
170.646 -9.384 
170.775 -9.384 
170.947 -9.386 
171.098 -9.384 
171.292 -9.384 
171.421 -9.385 
171.577 -9.385 
171.723 -9.386 
171.853 -9.383 
171.982 -9.386 
172.134 -9.383 
172.327 -9.383 
172.456 -9.386 
172.607 -9.386 
172.736 -9.386 
172.865 -9.383 
173.016 -9.385 
173.167 -9.383 
173.361 -9.383 
173.49 -9.386 
173.62 -9.385 
173.749 -9.386 
173.878 -9.383 
174.008 -9.386 
174.169 -9.385 
174.353 -9.384 
174.482 -9.386 
174.634 -9.386 
174.784 -9.386 
174.913 -9.383 
175.042 -9.386 
175.193 -9.383 
175.387 -9.383 
175.516 -9.386 
175.664 -9.386 
175.796 -9.386 
175.99 -9.385 
176.163 -9.386 
176.292 -9.386 
176.421 -9.383 
176.551 -9.386 
176.705 -9.385 
176.896 -9.383 
177.025 -9.386 
177.176 -9.383 
177.37 -9.383 
177.499 -9.386 
177.635 -9.386 
177.779 -9.386 
177.973 -9.386 
178.138 -9.386 
178.275 -9.386 
178.404 -9.383 
178.534 -9.386 
178.684 -9.383 
178.878 -9.383 
179.008 -9.386 
179.159 -9.386 
179.288 -9.386 
179.417 -9.383 
179.546 -9.386 
179.719 -9.383 
179.913 -9.383 
-179.958 -9.386 
-179.829 -9.386 
-179.699 -9.386 
-179.57 -9.383 
-179.441 -9.386 
-179.283 -9.385 
-179.096 -9.383 
-178.966 -9.386 
-178.816 -9.386 
-178.686 -9.386 
-178.557 -9.383 
-178.428 -9.386 
-178.298 -9.386 
-178.169 -9.386 
-178.04 -9.383 
-177.91 -9.386 
-177.738 -9.384 
-177.544 -9.383 
-177.415 -9.386 
-177.285 -9.386 
-177.156 -9.386 
-177.027 -9.383 
-176.897 -9.386 
-176.742 -9.385 
-176.553 -9.383 
-176.423 -9.386 
-176.272 -9.386 
-176.143 -9.386 
-176.014 -9.383 
-175.885 -9.386 
-175.755 -9.386 
-175.626 -9.386 
-175.497 -9.383 
-175.346 -9.385 
-175.195 -9.384 
-175.022 -9.383 
-174.85 -9.383 
-174.699 -9.386 
-174.57 -9.383 
-174.441 -9.386 
-174.29 -9.386 
-174.16 -9.386 
-174.031 -9.383 
-173.88 -9.385 
-173.729 -9.383 
-173.535 -9.383 
-173.406 -9.386 
-173.277 -9.385 
-173.147 -9.386 
-173.018 -9.383 
-172.889 -9.386 
-172.723 -9.384 
-172.544 -9.383 
-172.415 -9.386 
-172.264 -9.386 
-172.113 -9.386 
-171.984 -9.383 
-171.854 -9.385 
-171.704 -9.383 
-171.51 -9.383 
-171.38 -9.386 
-171.229 -9.385 
-171.079 -9.385 
-170.949 -9.384 
-170.785 -9.384 
-170.604 -9.386 
-170.475 -9.383 
-170.346 -9.385 
-170.152 -9.33 
-170.031 -9.202 
-170.014 -9.078 
-170.016 -8.934 
-170.016 -8.81 
-170.016 -8.666 
-170.016 -8.542 
-170.016 -8.398 
-170.016 -8.274 
-170.01 -8.109 
-170.016 -7.985 
-170.016 -7.861 
-170.016 -7.737 
-170.016 -7.552 
-170.016 -7.407 
-170.016 -7.283 
-170.014 -7.12 
-170.016 -6.995 
-170.016 -6.871 
-170.016 -6.747 
-170.016 -6.603 
-170.016 -6.458 
-170.016 -6.334 
-170.016 -6.211 
-170.016 -6.087 
-170.016 -5.963 
-170.016 -5.839 
-170.013 -5.715 
-170.016 -5.592 
-170.016 -5.468 
-170.016 -5.344 
-170.016 -5.158 
-170.016 -5.014 
-170.016 -4.89 
-170.015 -4.766 
-170.016 -4.642 
-170.016 -4.519 
-170.016 -4.395 
-170.013 -4.271 
-170.016 -4.147 
-170.016 -4.023 
-170.016 -3.9 
-170.012 -3.776 
-170.016 -3.652 
-170.016 -3.528 
-170.016 -3.404 
-170.014 -3.281 
-170.016 -3.157 
-170.016 -3.033 
-170.016 -2.909 
-170.016 -2.765 
-170.016 -2.62 
-170.016 -2.497 
-170.015 -2.332 
-170.016 -2.208 
-170.016 -2.084 
-170.016 -1.96 
-170.014 -1.836 
-170.016 -1.713 
-170.016 -1.589 
-170.016 -1.465 
-170.016 -1.341 
-170.016 -1.217 
-170.016 -1.094 
-170.016 -0.929 
-170.016 -0.805 
-170.016 -0.681 
-170.016 -0.557 
-170.014 -0.433 
-170.016 -0.31 
-170.016 -0.186 
-170.016 -0.062 
-170.012 0.062 
-170.016 0.186 
-170.016 0.309 
-170.016 0.433 
-170.006 0.578 
-170.021 0.701 
-170.084 0.825 
-170.216 0.888 
-170.367 0.899 
-170.497 0.899 
-170.626 0.899 
-170.755 0.899 
-170.885 0.899 
-171.014 0.899 
-171.143 0.899 
-171.272 0.899 
-171.402 0.899 
-171.531 0.899 
-171.66 0.899 
-171.79 0.899 
-171.919 0.899 
-172.048 0.899 
-172.178 0.899 
-172.307 0.899 
-172.436 0.899 
-172.566 0.899 
-172.695 0.899 
-172.824 0.899 
-172.954 0.899 
-173.083 0.899 
-173.212 0.899 
-173.341 0.899 
-173.471 0.899 
-173.6 0.899 
-173.729 0.899 
-173.859 0.899 
-173.988 0.899 
-174.117 0.899 
-174.247 0.899 
-174.376 0.899 
-174.505 0.899 
-174.635 0.899 
-174.764 0.899 
-174.893 0.899 
-175.022 0.899 
-175.152 0.899 
-175.281 0.899 
-175.41 0.899 
-175.54 0.899 
-175.669 0.899 
-175.798 0.899 
-175.928 0.899 
-176.057 0.899 
-176.186 0.899 
-176.316 0.899 
-176.445 0.899 
-176.574 0.899 
-176.704 0.899 
-176.833 0.899 
-176.962 0.899 
-177.091 0.899 
-177.221 0.899 
-177.35 0.899 
-177.479 0.899 
-177.609 0.899 
-177.738 0.899 
-177.867 0.899 
-177.997 0.899 
-178.126 0.899 
-178.255 0.899 
-178.385 0.899 
-178.514 0.899 
-178.643 0.899 
-178.772 0.899 
-178.902 0.899 
-179.031 0.899 
-179.16 0.899 
-179.29 0.899 
-179.419 0.899 
-179.548 0.899 
-179.678 0.899 
-179.807 0.899 
-179.936 0.899 
179.934 0.899 
179.805 0.899 
179.676 0.899 
179.546 0.899 
179.417 0.899 
179.288 0.899 
179.159 0.899 
179.029 0.899 
178.9 0.899 
178.771 0.899 
178.641 0.899 
178.512 0.899 
178.383 0.899 
178.253 0.899 
178.124 0.899 
177.995 0.899 
177.865 0.899 
177.736 0.899 
177.607 0.899 
177.478 0.899 
177.348 0.899 
177.219 0.899 
177.09 0.899 
176.96 0.899 
176.831 0.899 
176.702 0.899 
176.572 0.899 
176.443 0.899 
176.314 0.899 
176.184 0.899 
176.055 0.899 
175.926 0.899 
175.796 0.899 
175.667 0.899 
175.538 0.899 
175.409 0.899 
175.279 0.899 
175.15 0.899 
175.021 0.899 
174.891 0.899 
174.762 0.899 
174.633 0.899 
174.503 0.899 
174.374 0.899 
174.245 0.899 
174.115 0.899 
173.986 0.899 
173.857 0.899 
173.728 0.899 
173.598 0.899 
173.469 0.899 
173.34 0.899 
173.21 0.899 
173.081 0.899 
172.952 0.899 
172.822 0.899 
172.693 0.899 
172.564 0.899 
172.434 0.899 
172.305 0.899 
172.176 0.899 
172.046 0.899 
171.917 0.899 
171.788 0.899 
171.659 0.899 
171.529 0.899 
171.4 0.899 
171.271 0.899 
171.141 0.899 
171.012 0.899 
170.883 0.899 
170.753 0.899 
170.624 0.899 
170.495 0.899 
170.365 0.899 
170.236 0.899 
170.042 0.843 
169.937 0.701 
169.93 0.557 
169.93 0.433 
169.93 0.309 
169.93 0.186 
169.93 0.062 
169.93 -0.062 
169.93 -0.186 
169.93 -0.31 
169.93 -0.433 
169.93 -0.557 
169.93 -0.681 
169.93 -0.805 
169.93 -0.929 
169.93 -1.052 
169.93 -1.176 
169.93 -1.3 
169.93 -1.424 
169.929 -1.609 
169.928 -1.754 
169.93 -1.898 
169.932 -2.037 
169.928 -2.187 
169.93 -2.352 
169.93 -2.476 
169.929 -2.6 
>
