-157.314 19.7732 
-157.281 19.7456 
-157.246 19.7196 
-157.209 19.6952 
-157.172 19.6726 
-157.133 19.6517 
-157.094 19.6327 
-157.053 19.6156 
-157.02 19.5916 
-156.985 19.5656 
-156.949 19.5412 
-156.912 19.5186 
-156.873 19.4977 
-156.822 19.4574 
-156.79 19.4283 
-156.757 19.4006 
-156.722 19.3746 
-156.685 19.3502 
-156.648 19.3276 
-156.609 19.3067 
-156.57 19.2877 
-156.529 19.2706 
-156.488 19.2554 
-156.446 19.2422 
-156.403 19.2309 
-156.359 19.2217 
-156.316 19.2145 
-156.271 19.2094 
-156.227 19.2064 
-156.183 19.2054 
-156.138 19.2066 
-156.094 19.2098 
-156.05 19.2151 
-156.006 19.2224 
-155.963 19.2318 
-155.92 19.2433 
-155.878 19.2567 
-155.836 19.2721 
-155.794 19.2826 
-155.755 19.2618 
-155.716 19.2427 
-155.675 19.2256 
-155.634 19.2104 
-155.591 19.1972 
-155.549 19.1859 
-155.505 19.1767 
-155.462 19.1695 
-155.417 19.1644 
-155.373 19.1614 
-155.329 19.1604 
-155.284 19.1616 
-155.24 19.1648 
-155.196 19.1701 
-155.152 19.1774 
-155.109 19.1868 
-155.066 19.1983 
-155.024 19.2117 
-154.983 19.2271 
-154.942 19.2444 
-154.902 19.2636 
-154.864 19.2846 
-154.827 19.3074 
-154.791 19.332 
-154.756 19.3582 
-154.722 19.386 
-154.691 19.4153 
-154.66 19.4461 
-154.632 19.4783 
-154.605 19.5118 
-154.58 19.5465 
-154.557 19.5824 
-154.535 19.6193 
-154.516 19.6571 
-154.499 19.6958 
-154.484 19.7353 
-154.47 19.7754 
-154.46 19.8161 
-154.451 19.8573 
-154.444 19.8988 
-154.44 19.9406 
-154.438 19.9825 
-154.438 20.0245 
-154.44 20.0664 
-154.445 20.1082 
-154.451 20.1497 
-154.46 20.1908 
-154.471 20.2314 
-154.485 20.2715 
-154.5 20.3109 
-154.518 20.3495 
-154.537 20.3873 
-154.559 20.4241 
-154.582 20.4598 
-154.608 20.4943 
-154.635 20.5277 
-154.664 20.5597 
-154.695 20.5903 
-154.727 20.6195 
-154.761 20.6471 
-154.796 20.673 
-154.833 20.6973 
-154.87 20.7199 
-154.909 20.7406 
-154.949 20.7595 
-154.991 20.7764 
-155.032 20.7915 
-155.073 20.814 
-155.11 20.8383 
-155.148 20.8608 
-155.187 20.8816 
-155.227 20.9005 
-155.268 20.9174 
-155.294 20.9306 
-155.334 20.9495 
-155.375 20.9664 
-155.417 20.9815 
-155.419 20.9823 
-155.456 21.0048 
-155.516 21.0597 
-155.542 21.0943 
-155.569 21.1276 
-155.598 21.1597 
-155.629 21.1903 
-155.661 21.2194 
-155.695 21.247 
-155.731 21.273 
-155.768 21.2973 
-155.806 21.3198 
-155.845 21.3406 
-155.885 21.3595 
-155.926 21.3764 
-155.968 21.3915 
-156.011 21.4045 
-156.055 21.4155 
-156.099 21.4245 
-156.143 21.4314 
-156.188 21.4362 
-156.217 21.4475 
-156.258 21.4644 
-156.3 21.4795 
-156.343 21.4925 
-156.386 21.5035 
-156.431 21.5125 
-156.475 21.5194 
-156.52 21.5242 
-156.543 21.54 
-156.58 21.5643 
-156.618 21.5868 
-156.666 21.6184 
-156.7 21.646 
-156.735 21.672 
-156.772 21.6963 
-156.81 21.7188 
-156.85 21.7396 
-156.89 21.7584 
-156.931 21.7754 
-156.973 21.7904 
-157.016 21.8035 
-157.06 21.8145 
-157.104 21.8235 
-157.149 21.8304 
-157.194 21.8352 
-157.239 21.8379 
-157.284 21.8385 
-157.329 21.837 
-157.374 21.8334 
-157.419 21.8277 
-157.473 21.8249 
-157.518 21.8255 
-157.563 21.824 
-157.608 21.8204 
-157.653 21.8147 
-157.697 21.8069 
-157.741 21.7971 
-157.785 21.7852 
-157.827 21.7713 
-157.869 21.7554 
-157.91 21.7376 
-157.95 21.7179 
-157.989 21.6964 
-158.026 21.6731 
-158.063 21.648 
-158.098 21.6213 
-158.131 21.593 
-158.163 21.5632 
-158.193 21.5319 
-158.221 21.4993 
-158.239 21.4769 
-158.264 21.4422 
-158.288 21.4063 
-158.309 21.3694 
-158.329 21.3315 
-158.346 21.2928 
-158.361 21.2533 
-158.375 21.2131 
-158.386 21.1724 
-158.394 21.1312 
-158.401 21.0897 
-158.405 21.0479 
-158.407 21.006 
-158.407 20.964 
-158.405 20.9221 
-158.4 20.8803 
-158.393 20.8388 
-158.384 20.7977 
-158.373 20.7571 
-158.359 20.7171 
-158.344 20.6777 
-158.326 20.6391 
-158.306 20.6014 
-158.285 20.5646 
-158.261 20.5289 
-158.236 20.4944 
-158.208 20.461 
-158.179 20.429 
-158.149 20.3984 
-158.117 20.3692 
-158.083 20.3416 
-158.048 20.3155 
-158.011 20.2912 
-157.974 20.2686 
-157.935 20.2477 
-157.895 20.2287 
-157.879 20.2206 
-157.844 20.1946 
-157.808 20.1702 
-157.77 20.1476 
-157.732 20.1267 
-157.686 20.0809 
-157.661 20.0464 
-157.633 20.0131 
-157.605 19.981 
-157.574 19.9504 
-157.542 19.9212 
-157.508 19.8936 
-157.473 19.8676 
-157.437 19.8432 
-157.399 19.8206 
-157.361 19.7997 
>
