1.554 49.174 
1.46 49.127 
1.335 49.068 
1.256 49.018 
1.169 48.937 
1.079 48.844 
1.066 48.774 
1.026 48.634 
1.064 48.529 
1.07 48.459 
1.117 48.395 
1.241 48.314 
1.381 48.23 
1.513 48.213 
1.645 48.195 
1.75 48.195 
1.882 48.23 
2.004 48.266 
2.112 48.306 
2.223 48.371 
2.331 48.464 
2.384 48.529 
2.437 48.61 
2.488 48.739 
2.49 48.826 
2.484 48.914 
2.437 48.983 
2.365 49.057 
2.26 49.127 
2.067 49.208 
1.935 49.233 
1.83 49.226 
1.724 49.208 
>
12.789 44.355 
12.842 44.185 
12.88 44.109 
13 44.012 
13.133 43.956 
13.238 43.905 
13.344 43.892 
13.476 43.888 
13.608 43.899 
13.758 43.937 
13.879 44.027 
14.004 44.154 
14.051 44.26 
14.057 44.336 
14.047 44.45 
14.004 44.525 
13.951 44.614 
13.879 44.681 
13.766 44.751 
13.67 44.806 
13.555 44.845 
13.423 44.845 
13.317 44.845 
13.122 44.808 
12.98 44.747 
12.895 44.646 
12.832 44.525 
12.789 44.45 
>
19.708 47.574 
19.804 47.681 
19.867 47.741 
19.92 47.812 
19.946 47.894 
19.946 48.018 
19.92 48.093 
19.867 48.164 
19.746 48.256 
19.612 48.336 
19.487 48.371 
19.339 48.389 
19.233 48.406 
19.101 48.389 
18.979 48.371 
18.837 48.336 
18.705 48.266 
18.599 48.195 
18.546 48.131 
18.441 48.025 
18.388 47.93 
18.362 47.841 
18.388 47.717 
18.441 47.634 
18.556 47.527 
18.705 47.449 
18.801 47.413 
18.916 47.395 
19.022 47.377 
19.127 47.377 
19.259 47.395 
19.382 47.413 
19.487 47.449 
19.628 47.49 
>
24.911 63.703 
24.779 63.715 
24.673 63.726 
24.568 63.715 
24.436 63.703 
24.277 63.679 
24.155 63.656 
23.987 63.609 
23.838 63.557 
23.732 63.51 
23.617 63.448 
23.511 63.392 
23.458 63.349 
23.353 63.273 
23.3 63.225 
23.247 63.163 
23.194 63.106 
23.142 63.043 
23.115 62.99 
23.062 62.882 
23.062 62.822 
23.062 62.773 
23.062 62.725 
23.062 62.676 
23.089 62.615 
23.142 62.534 
23.194 62.477 
23.247 62.432 
23.343 62.371 
23.449 62.334 
23.574 62.309 
23.749 62.285 
23.881 62.272 
24.044 62.285 
24.171 62.297 
24.33 62.334 
24.515 62.383 
24.664 62.437 
24.779 62.481 
24.884 62.534 
24.98 62.591 
25.096 62.656 
25.201 62.737 
25.307 62.834 
25.36 62.89 
25.413 62.961 
25.465 63.05 
25.492 63.11 
25.492 63.158 
25.518 63.206 
25.518 63.254 
25.492 63.325 
25.492 63.373 
25.465 63.42 
25.439 63.479 
25.36 63.543 
25.307 63.585 
25.192 63.632 
25.043 63.679 
>
45.046 47.52 
44.929 47.556 
44.823 47.556 
44.717 47.561 
44.506 47.592 
44.401 47.592 
44.242 47.57 
44.1 47.556 
43.941 47.52 
43.811 47.437 
43.705 47.359 
43.635 47.269 
43.614 47.18 
43.635 47.071 
43.688 46.97 
43.788 46.861 
43.925 46.752 
44.063 46.691 
44.232 46.619 
44.41 46.546 
44.533 46.51 
44.665 46.473 
44.823 46.437 
44.982 46.414 
45.14 46.4 
45.277 46.371 
45.386 46.294 
45.518 46.214 
45.677 46.144 
45.774 46.107 
45.879 46.071 
46.001 46.034 
46.099 45.997 
46.292 45.924 
46.408 45.887 
46.529 45.85 
46.698 45.813 
46.883 45.778 
46.989 45.774 
47.094 45.762 
47.226 45.762 
47.358 45.766 
47.464 45.776 
47.675 45.813 
47.781 45.85 
47.931 45.916 
48.019 45.991 
48.071 46.071 
48.104 46.144 
48.104 46.217 
48.104 46.291 
48.071 46.4 
48.019 46.467 
47.948 46.528 
47.855 46.617 
47.737 46.685 
47.622 46.764 
47.525 46.8 
47.358 46.872 
47.253 46.909 
47.147 46.945 
47.05 46.98 
46.957 47.017 
46.865 47.053 
46.751 47.089 
46.619 47.126 
46.46 47.162 
46.249 47.198 
46.144 47.203 
46.038 47.22 
45.932 47.22 
45.827 47.232 
45.677 47.302 
45.528 47.377 
45.342 47.449 
45.229 47.485 
>
31.011 50.218 
31.011 50.303 
30.958 50.41 
30.906 50.499 
30.8 50.573 
30.685 50.64 
30.493 50.707 
30.334 50.74 
30.14 50.774 
30.008 50.774 
29.902 50.774 
29.744 50.757 
29.612 50.74 
29.489 50.707 
29.384 50.673 
29.268 50.606 
29.163 50.533 
29.11 50.455 
29.057 50.354 
29.057 50.269 
29.083 50.201 
29.11 50.127 
29.216 50.032 
29.311 49.963 
29.437 49.895 
29.542 49.861 
29.648 49.827 
29.77 49.81 
29.902 49.793 
30.061 49.776 
30.219 49.793 
30.404 49.81 
30.562 49.844 
30.685 49.895 
30.81 49.957 
30.906 50.032 
30.958 50.093 
>
