-2.86702 64.7766 
-2.96578 64.9332 
-3.08352 65.0256 
-3.33686 65.1427 
-3.66988 65.23 
-4.06262 65.2869 
-4.30501 65.4814 
-4.2955 65.6578 
-4.38395 65.8207 
-4.50047 65.9175 
-4.76083 66.0412 
-5.11067 66.1347 
-5.52796 66.1971 
-5.987 66.2306 
-6.46351 66.2392 
-6.93794 66.228 
-7.39652 66.2018 
-7.83085 66.1651 
-8.00175 66.1621 
-8.03438 66.1772 
-8.05718 66.1868 
-8.09314 66.2006 
-8.13096 66.2136 
-8.1705 66.2257 
-8.19386 66.2698 
-8.21232 66.3137 
-8.2403 66.3569 
-8.278 66.399 
-8.3254 66.4395 
-8.36209 66.4653 
-8.42495 66.5023 
-8.49636 66.5368 
-8.57553 66.5684 
-8.66154 66.5971 
-8.75336 66.6226 
-8.84993 66.645 
-8.95016 66.6641 
-9.05304 66.6802 
-9.15762 66.6932 
-9.26304 66.7035 
-9.36855 66.711 
-9.47353 66.7161 
-9.57745 66.7189 
-9.67992 66.7197 
-9.78061 66.7185 
-9.87929 66.7156 
-9.97582 66.7111 
-10.0701 66.7053 
-10.1621 66.6981 
-10.2518 66.6897 
-10.3392 66.6803 
-10.4244 66.6698 
-10.5074 66.6584 
-10.5884 66.6462 
-10.6674 66.6331 
-10.7445 66.6193 
-10.8199 66.6047 
-10.8936 66.5894 
-10.9657 66.5733 
-11.0363 66.5565 
-11.1055 66.539 
-11.1733 66.5207 
-11.2398 66.5017 
-11.3052 66.4819 
-11.3693 66.4612 
-11.4323 66.4398 
-11.4942 66.4174 
-11.5549 66.3941 
-11.6144 66.3699 
-11.6727 66.3446 
-11.7297 66.3183 
-11.7853 66.2909 
-11.8394 66.2622 
-11.8918 66.2324 
-11.9422 66.2012 
-11.9905 66.1688 
-12.0363 66.135 
-12.0793 66.0998 
-12.119 66.0633 
-12.155 66.0254 
-12.1868 65.9862 
-12.2138 65.9457 
-12.2354 65.9042 
-12.2509 65.8616 
-12.2598 65.8183 
-12.2615 65.7744 
-12.2552 65.7304 
-12.2407 65.6864 
-12.2174 65.6429 
-12.1851 65.6004 
-12.1438 65.5591 
-12.0937 65.5195 
-12.035 65.482 
-11.9682 65.4469 
-11.8941 65.4145 
-11.8992 65.3631 
-12.0368 65.3217 
-12.1702 65.2805 
-12.3002 65.2394 
-12.4272 65.1983 
-12.5518 65.157 
-12.6746 65.1154 
-12.7959 65.0733 
-12.9164 65.0306 
-13.0362 64.9872 
-13.1561 64.9427 
-13.2762 64.8972 
-13.3971 64.8502 
-13.5192 64.8017 
-13.6428 64.7514 
-13.7685 64.6989 
-13.8966 64.644 
-14.0276 64.5863 
-14.162 64.5254 
-14.3001 64.4609 
-14.4425 64.3923 
-14.5895 64.319 
-14.7415 64.2402 
-14.8987 64.1554 
-15.0614 64.0637 
-15.2294 63.9641 
-15.4022 63.8558 
-15.579 63.7376 
-15.7581 63.6086 
-15.9366 63.4679 
-16.1106 63.3151 
-16.2739 63.1501 
-16.4184 62.9741 
-16.5334 62.7894 
-16.6061 62.6005 
-16.6228 62.4136 
-16.5709 62.2371 
-16.4419 62.0799 
-16.234 61.9502 
-15.954 61.8533 
-15.6156 61.7911 
-15.2371 61.7615 
-15.1719 61.7453 
-15.2983 61.6675 
-15.4287 61.5851 
-15.5638 61.4973 
-15.7041 61.4035 
-15.8502 61.3027 
-16.0025 61.1938 
-16.1615 61.0756 
-16.3274 60.9468 
-16.5003 60.8057 
-16.6797 60.6508 
-16.8328 60.5355 
-16.9848 60.4277 
-17.144 60.3115 
-17.3112 60.1856 
-17.4872 60.0484 
-17.6728 59.898 
-17.8685 59.7324 
-18.0744 59.549 
-18.2903 59.3453 
-18.4376 59.1991 
-18.6613 58.9883 
-18.8948 58.7528 
-19.1351 58.4896 
-19.3761 58.1964 
-19.608 57.8725 
-19.8145 57.5205 
-19.972 57.1491 
-20.0496 56.7757 
-20.0126 56.4272 
-19.8322 56.137 
-19.4976 55.9359 
-19.0243 55.8402 
-18.4514 55.846 
-17.8277 55.933 
-17.1971 56.0743 
-16.5908 56.2455 
-16.0266 56.4281 
-15.5115 56.6105 
-15.0463 56.7859 
-14.6279 56.9512 
-13.965 57.2079 
-13.5203 57.3822 
-13.1213 57.5436 
-12.7625 57.6923 
-12.4385 57.8293 
-12.1445 57.9557 
-11.8762 58.0726 
-11.63 58.1812 
-11.4028 58.2824 
-11.1919 58.3772 
-10.995 58.4664 
-10.8102 58.5507 
-10.6358 58.6308 
-10.4703 58.7072 
-10.3125 58.7805 
-10.1613 58.8511 
-10.0157 58.9195 
-9.87485 58.9859 
-9.73794 59.0507 
-9.60425 59.1143 
-9.47313 59.1769 
-9.34396 59.2388 
-9.21615 59.3003 
-9.08914 59.3617 
-8.96238 59.4232 
-8.83532 59.4851 
-8.70741 59.5476 
-8.57809 59.6111 
-8.44677 59.6758 
-8.31285 59.7421 
-8.17565 59.8102 
-8.03447 59.8807 
-7.88854 59.9539 
-7.73698 60.0302 
-7.57885 60.1103 
-7.41305 60.1947 
-7.23839 60.2841 
-7.05346 60.3794 
-6.85669 60.4816 
-6.64628 60.5916 
-6.42015 60.7109 
-6.17598 60.8411 
-5.91114 60.9839 
-5.62278 61.1415 
-5.30789 61.3165 
-4.96359 61.5118 
-4.58766 61.7305 
-4.1795 61.9761 
-3.74192 62.2516 
-3.28405 62.5589 
-2.8258 62.897 
-2.40328 63.2602 
-2.07299 63.6347 
-1.90881 63.9968 
-1.98465 64.3152 
-2.19072 64.4864 
-2.73246 64.6664 
>
