-161.551 49.2096 
-161.543 49.3767 
-161.587 49.5442 
-161.679 49.7077 
-161.812 49.8636 
-161.979 50.0094 
-162.169 50.1433 
-162.376 50.2647 
-162.591 50.3736 
-162.811 50.4706 
-163.031 50.5567 
-163.247 50.6327 
-163.458 50.6998 
-163.663 50.7591 
-163.861 50.8115 
-164.052 50.8578 
-164.235 50.8989 
-164.412 50.9354 
-164.583 50.9678 
-164.747 50.9967 
-164.906 51.0226 
-165.06 51.0457 
-165.209 51.0663 
-165.354 51.0848 
-165.496 51.1014 
-165.635 51.1162 
-165.771 51.1294 
-165.905 51.1412 
-166.038 51.1516 
-166.169 51.1607 
-166.299 51.1687 
-166.429 51.1754 
-166.559 51.1811 
-166.689 51.1856 
-166.82 51.1891 
-166.952 51.1914 
-167.086 51.1926 
-167.222 51.1925 
-167.361 51.1912 
-167.502 51.1885 
-167.647 51.1844 
-167.796 51.1786 
-167.95 51.1709 
-168.109 51.1613 
-168.273 51.1493 
-168.444 51.1347 
-168.622 51.117 
-168.807 51.0959 
-169 51.0707 
-169.202 51.0407 
-169.412 51.0054 
-169.631 50.9636 
-169.857 50.9144 
-170.09 50.8566 
-170.329 50.789 
-170.569 50.7104 
-170.808 50.6194 
-171.039 50.5151 
-171.255 50.3969 
-171.448 50.2649 
-171.608 50.1201 
-171.727 49.9646 
-171.798 49.8016 
-171.816 49.6349 
-171.78 49.4691 
-171.693 49.3081 
-171.563 49.1556 
-171.396 49.014 
-171.203 48.8849 
-170.992 48.7688 
-170.77 48.6655 
-170.545 48.5742 
-170.32 48.4939 
-170.098 48.4234 
-169.883 48.3616 
-169.675 48.3074 
-169.475 48.2597 
-169.283 48.2178 
-169.099 48.1807 
-168.923 48.148 
-168.754 48.1189 
-168.592 48.093 
-168.436 48.0698 
-168.286 48.0492 
-168.14 48.0306 
-168 48.0139 
-167.863 47.999 
-167.73 47.9855 
-167.599 47.9733 
-167.472 47.9624 
-167.346 47.9526 
-167.222 47.9439 
-167.099 47.9361 
-166.977 47.9292 
-166.856 47.9232 
-166.734 47.918 
-166.612 47.9137 
-166.49 47.9102 
-166.366 47.9075 
-166.24 47.9057 
-166.113 47.9049 
-165.983 47.9049 
-165.85 47.906 
-165.714 47.9082 
-165.573 47.9117 
-165.429 47.9166 
-165.279 47.923 
-165.123 47.9312 
-164.961 47.9415 
-164.792 47.9542 
-164.616 47.9697 
-164.431 47.9884 
-164.238 48.011 
-164.036 48.0381 
-163.824 48.0706 
-163.604 48.1094 
-163.376 48.1557 
-163.14 48.2108 
-162.901 48.276 
-162.661 48.3528 
-162.425 48.4425 
-162.201 48.5463 
-161.996 48.6648 
-161.819 48.7977 
-161.68 48.9439 
-161.586 49.101 
>
