-147.883 9.45909 
-147.944 9.64734 
-148.041 9.81227 
-148.125 9.90528 
-148.279 10.0168 
-148.459 10.092 
-148.659 10.1314 
-148.869 10.1385 
-149.083 10.1184 
-149.294 10.077 
-149.497 10.0197 
-149.69 9.95135 
-149.872 9.87594 
-150.041 9.79644 
-150.198 9.71504 
-150.344 9.63331 
-150.479 9.55227 
-150.604 9.47259 
-150.721 9.39467 
-150.83 9.31871 
-150.931 9.24478 
-151.027 9.17283 
-151.117 9.10279 
-151.202 9.03452 
-151.282 8.96786 
-151.359 8.90264 
-151.432 8.83869 
-151.502 8.7758 
-151.57 8.7138 
-151.636 8.65249 
-151.699 8.59168 
-151.761 8.53118 
-151.821 8.4708 
-151.881 8.41034 
-151.939 8.3496 
-151.997 8.28837 
-152.054 8.22644 
-152.111 8.16357 
-152.168 8.09954 
-152.224 8.03409 
-152.281 7.96695 
-152.339 7.89781 
-152.397 7.82637 
-152.455 7.75226 
-152.515 7.67511 
-152.575 7.59447 
-152.637 7.50989 
-152.7 7.42083 
-152.765 7.3267 
-152.831 7.22687 
-152.899 7.12063 
-152.968 7.0072 
-153.039 6.88575 
-153.111 6.75541 
-153.183 6.61532 
-153.256 6.46463 
-153.327 6.30267 
-153.395 6.12903 
-153.457 5.94379 
-153.512 5.74779 
-153.554 5.54293 
-153.579 5.33253 
-153.581 5.12161 
-153.556 4.91682 
-153.526 4.76701 
-153.468 4.5763 
-153.376 4.40799 
-153.25 4.26939 
-153.092 4.16556 
-152.91 4.09838 
-152.71 4.06653 
-152.501 4.06611 
-152.29 4.09172 
-152.084 4.13755 
-151.885 4.19813 
-151.696 4.26877 
-151.519 4.34575 
-151.354 4.42624 
-151.201 4.50817 
-151.059 4.59011 
-150.927 4.67113 
-150.804 4.75062 
-150.69 4.82824 
-150.584 4.90383 
-150.484 4.97736 
-150.39 5.04887 
-150.302 5.11847 
-150.219 5.1863 
-150.139 5.25252 
-150.064 5.31732 
-149.991 5.38087 
-149.922 5.44338 
-149.855 5.50501 
-149.79 5.56598 
-149.727 5.62647 
-149.665 5.68666 
-149.605 5.74677 
-149.546 5.80698 
-149.488 5.86749 
-149.43 5.92852 
-149.373 5.99027 
-149.316 6.05298 
-149.259 6.11689 
-149.202 6.18225 
-149.145 6.24933 
-149.087 6.31844 
-149.029 6.38989 
-148.97 6.46405 
-148.91 6.54131 
-148.848 6.6221 
-148.786 6.7069 
-148.722 6.79623 
-148.656 6.89071 
-148.589 6.99097 
-148.52 7.09774 
-148.449 7.21179 
-148.377 7.33397 
-148.303 7.46515 
-148.229 7.60621 
-148.155 7.75797 
-148.082 7.92108 
-148.013 8.09592 
-147.949 8.28232 
-147.893 8.47934 
-147.851 8.68491 
-147.827 8.89551 
-147.826 9.10592 
-147.854 9.30927 
>
