-87.8947 4.63322 
-87.9191 4.80923 
-87.9526 4.97784 
-87.9926 5.13801 
-88.0372 5.28934 
-88.0851 5.43184 
-88.0328 5.64942 
-87.9396 5.79548 
-87.872 5.95986 
-87.8288 6.13647 
-87.8074 6.31945 
-87.8046 6.50373 
-87.817 6.68533 
-87.8412 6.86138 
-87.8745 7.03004 
-87.9144 7.19027 
-87.9591 7.34166 
-88.0069 7.48423 
-88.0568 7.61828 
-88.1078 7.74429 
-88.1595 7.86282 
-88.2114 7.97449 
-88.2632 8.07991 
-88.3147 8.17967 
-88.3658 8.27435 
-88.4165 8.36446 
-88.4667 8.45049 
-88.5165 8.53291 
-88.566 8.61211 
-88.6153 8.68848 
-88.6643 8.76237 
-88.7133 8.8341 
-88.7623 8.90397 
-88.8115 8.97224 
-88.861 9.03919 
-88.911 9.10504 
-88.9615 9.17003 
-89.0127 9.23438 
-89.0649 9.29828 
-89.1181 9.36194 
-89.1726 9.42556 
-89.2287 9.48932 
-89.2864 9.55341 
-89.3462 9.618 
-89.4082 9.68328 
-89.4728 9.74942 
-89.5403 9.81659 
-89.6111 9.88494 
-89.6856 9.95463 
-89.7642 10.0258 
-89.8476 10.0985 
-89.9362 10.1728 
-90.0306 10.2488 
-90.1315 10.3263 
-90.2397 10.4052 
-90.3557 10.4851 
-90.4805 10.5654 
-90.6144 10.6453 
-90.7582 10.7235 
-90.9119 10.7984 
-91.0755 10.8675 
-91.2482 10.9282 
-91.4285 10.9767 
-91.6136 11.009 
-91.7999 11.0207 
-91.9051 11.0486 
-91.9549 11.1156 
-92.0051 11.1814 
-92.0558 11.2465 
-92.1074 11.3109 
-92.1598 11.3748 
-92.2134 11.4385 
-92.2682 11.5022 
-92.3246 11.566 
-92.3827 11.6301 
-92.4428 11.6947 
-92.5052 11.76 
-92.5702 11.8262 
-92.6382 11.8934 
-92.7094 11.9618 
-92.7844 12.0315 
-92.8636 12.1027 
-92.9475 12.1754 
-93.0367 12.2498 
-93.1318 12.3258 
-93.2335 12.4033 
-93.3424 12.4822 
-93.4593 12.5621 
-93.585 12.6424 
-93.72 12.7223 
-93.8648 12.8004 
-94.0198 12.8752 
-94.1847 12.9443 
-94.3587 13.0049 
-94.5404 13.0533 
-94.727 13.0854 
-94.9147 13.0969 
-95.0988 13.0837 
-95.2736 13.0423 
-95.4333 12.971 
-95.5282 12.9073 
-95.6517 12.788 
-95.7493 12.6443 
-95.8202 12.4817 
-95.8658 12.3061 
-95.8885 12.1235 
-95.8917 11.939 
-95.8789 11.7569 
-95.8536 11.5801 
-95.8189 11.4105 
-95.7772 11.2494 
-95.7307 11.0971 
-95.681 10.9537 
-95.6292 10.8189 
-95.5762 10.6922 
-95.5227 10.573 
-95.4691 10.4609 
-95.4157 10.355 
-95.3627 10.255 
-95.3101 10.16 
-95.2582 10.0697 
-95.2067 9.98354 
-95.1558 9.90105 
-95.1052 9.82182 
-95.0551 9.74546 
-95.0051 9.67163 
-94.9554 9.59999 
-94.9057 9.53025 
-94.8558 9.46214 
-94.8058 9.39538 
-94.7554 9.32975 
-94.7045 9.26501 
-94.6529 9.20094 
-94.6005 9.13733 
-94.547 9.07399 
-94.4924 9.01072 
-94.4363 8.94734 
-94.3785 8.88365 
-94.3189 8.81947 
-94.2571 8.75462 
-94.1928 8.68894 
-94.1258 8.62225 
-94.0555 8.55438 
-93.9817 8.48518 
-93.9039 8.41453 
-93.8216 8.3423 
-93.7342 8.26842 
-93.6412 8.19288 
-93.5419 8.11572 
-93.4357 8.03711 
-93.3218 7.95736 
-93.1995 7.87699 
-93.0683 7.79678 
-92.9275 7.71788 
-92.8143 7.62978 
-92.7899 7.45289 
-92.7561 7.28324 
-92.7154 7.12196 
-92.6699 6.96953 
-92.6212 6.82597 
-92.5703 6.691 
-92.5779 6.5478 
-92.6743 6.40456 
-92.7448 6.24223 
-92.7903 6.06684 
-92.8135 5.88433 
-92.8175 5.69991 
-92.8058 5.51773 
-92.7818 5.3408 
-92.7484 5.1711 
-92.7082 5.00976 
-92.6631 4.85726 
-92.6147 4.71363 
-92.5642 4.57859 
-92.5126 4.45168 
-92.4603 4.33234 
-92.4079 4.21997 
-92.3557 4.11393 
-92.3038 4.01363 
-92.2523 3.91851 
-92.2014 3.82802 
-92.1509 3.74167 
-92.1009 3.65901 
-92.0513 3.57961 
-92.002 3.50309 
-91.9529 3.4291 
-91.904 3.35732 
-91.8551 3.28744 
-91.8061 3.21918 
-91.7568 3.15229 
-91.7072 3.08652 
-91.657 3.02165 
-91.6062 2.95746 
-91.5545 2.89373 
-91.5018 2.83027 
-91.4479 2.76689 
-91.3926 2.70338 
-91.3356 2.63958 
-91.2767 2.5753 
-91.2157 2.51035 
-91.1522 2.44456 
-91.086 2.37777 
-91.0166 2.30981 
-90.9436 2.24052 
-90.8666 2.16979 
-90.7852 2.09748 
-90.6988 2.02354 
-90.6067 1.94794 
-90.5084 1.87074 
-90.4031 1.79211 
-90.2903 1.71236 
-90.1692 1.63202 
-90.0391 1.55187 
-89.8995 1.47307 
-89.7502 1.39723 
-89.5912 1.3265 
-89.4232 1.26367 
-89.2475 1.21219 
-89.0665 1.17606 
-88.8836 1.15966 
-88.699 1.12586 
-88.6499 1.05892 
-88.6004 0.993112 
-88.5504 0.928198 
-88.4996 0.863962 
-88.4481 0.800194 
-88.3955 0.736696 
-88.3417 0.673272 
-88.2865 0.609732 
-88.2296 0.545893 
-88.1708 0.48157 
-88.1099 0.416587 
-88.0465 0.350768 
-87.9804 0.283943 
-87.911 0.21595 
-87.8382 0.146637 
-87.7613 0.0758715 
-87.6799 0.00354266 
-87.5935 -0.0704211 
-87.5015 -0.146038 
-87.4033 -0.223249 
-87.2981 -0.301887 
-87.1853 -0.381636 
-87.0642 -0.461972 
-86.9342 -0.5421 
-86.7946 -0.620864 
-86.6453 -0.696657 
-86.4863 -0.767317 
-86.3183 -0.830055 
-86.1426 -0.881428 
-85.9616 -0.917415 
-85.7787 -0.933657 
-85.5983 -0.925888 
-85.4259 -0.890553 
-85.267 -0.825501 
-85.1268 -0.730563 
-85.0096 -0.607811 
-84.9175 -0.461343 
-84.851 -0.296666 
-84.8088 -0.119861 
-84.7884 0.0632181 
-84.7865 0.247513 
-84.7996 0.429053 
-84.8245 0.604991 
-84.8584 0.773494 
-84.8987 0.933543 
-84.9437 1.08473 
-84.9917 1.22709 
-85.0417 1.36093 
-85.0929 1.48672 
-85.1446 1.60505 
-85.1965 1.71651 
-85.2482 1.82173 
-85.2996 1.9213 
-85.3505 2.01579 
-85.401 2.10572 
-85.451 2.19158 
-85.5007 2.27383 
-85.5499 2.35287 
-85.5989 2.42908 
-85.6476 2.50282 
-85.6963 2.5744 
-85.745 2.64413 
-85.7939 2.71226 
-85.843 2.77908 
-85.8925 2.8448 
-85.9426 2.90966 
-85.9934 2.97388 
-86.0451 3.03766 
-86.0979 3.10121 
-86.1519 3.16471 
-86.2074 3.22835 
-86.2646 3.29233 
-86.3237 3.35681 
-86.3851 3.42199 
-86.4489 3.48803 
-86.5157 3.5551 
-86.5857 3.62336 
-86.6593 3.69296 
-86.737 3.76403 
-86.8193 3.83667 
-86.9067 3.91095 
-86.9999 3.98688 
-87.0995 4.06437 
-87.2062 4.14323 
-87.3206 4.22312 
-87.4436 4.30346 
-87.5756 4.38341 
-87.7172 4.46174 
-87.8687 4.53674 
>
