-166.009 54.6324 
-165.981 54.7605 
-165.985 54.8901 
-166.019 55.019 
-166.081 55.1452 
-166.168 55.2672 
-166.276 55.3835 
-166.402 55.4932 
-166.542 55.5958 
-166.692 55.691 
-166.85 55.7787 
-167.012 55.8593 
-167.177 55.9331 
-167.342 56.0004 
-167.508 56.0618 
-167.672 56.1177 
-167.834 56.1686 
-167.994 56.215 
-168.152 56.2573 
-168.307 56.2958 
-168.459 56.3309 
-168.609 56.3629 
-168.756 56.3921 
-168.901 56.4188 
-169.044 56.4431 
-169.186 56.4653 
-169.325 56.4854 
-169.464 56.5037 
-169.602 56.5203 
-169.739 56.5352 
-169.876 56.5485 
-170.012 56.5604 
-170.149 56.5707 
-170.287 56.5796 
-170.425 56.5871 
-170.565 56.5931 
-170.706 56.5976 
-170.85 56.6005 
-170.995 56.6019 
-171.143 56.6015 
-171.294 56.5993 
-171.448 56.5951 
-171.605 56.5888 
-171.767 56.5801 
-171.932 56.5687 
-172.102 56.5545 
-172.277 56.537 
-172.456 56.5158 
-172.639 56.4905 
-172.827 56.4606 
-173.019 56.4255 
-173.213 56.3846 
-173.41 56.3373 
-173.607 56.2829 
-173.803 56.2207 
-173.995 56.1503 
-174.179 56.071 
-174.352 55.9827 
-174.511 55.8855 
-174.65 55.7796 
-174.766 55.6659 
-174.855 55.5457 
-174.913 55.4205 
-174.939 55.2924 
-174.933 55.1633 
-174.895 55.0354 
-174.829 54.9106 
-174.736 54.7907 
-174.621 54.6768 
-174.488 54.5699 
-174.342 54.4705 
-174.186 54.3786 
-174.023 54.2944 
-173.856 54.2174 
-173.687 54.1472 
-173.519 54.0835 
-173.351 54.0256 
-173.186 53.973 
-173.024 53.9253 
-172.865 53.882 
-172.71 53.8426 
-172.557 53.8067 
-172.409 53.7741 
-172.263 53.7443 
-172.121 53.7171 
-171.981 53.6923 
-171.844 53.6695 
-171.71 53.6487 
-171.577 53.6297 
-171.446 53.6124 
-171.316 53.5965 
-171.188 53.5821 
-171.06 53.569 
-170.933 53.5572 
-170.806 53.5466 
-170.678 53.5372 
-170.551 53.5289 
-170.422 53.5218 
-170.293 53.5159 
-170.162 53.5112 
-170.029 53.5077 
-169.894 53.5055 
-169.757 53.5047 
-169.616 53.5053 
-169.473 53.5076 
-169.326 53.5116 
-169.176 53.5176 
-169.021 53.5258 
-168.862 53.5363 
-168.698 53.5497 
-168.529 53.5661 
-168.356 53.5861 
-168.177 53.6101 
-167.994 53.6386 
-167.807 53.6723 
-167.617 53.7118 
-167.425 53.7579 
-167.232 53.8112 
-167.041 53.8725 
-166.855 53.9424 
-166.677 54.0213 
-166.51 54.1097 
-166.36 54.2073 
-166.229 54.3138 
-166.123 54.4282 
-166.044 54.5493 
>
-162.087 52.4421 
-162.233 52.4881 
-162.377 52.53 
-162.519 52.5681 
-162.658 52.6029 
-162.795 52.6346 
-162.93 52.6636 
-163.062 52.69 
-163.193 52.7141 
-163.322 52.7361 
-163.45 52.7561 
-163.576 52.7742 
-163.702 52.7906 
-163.827 52.8055 
-163.952 52.8187 
-164.077 52.8305 
-164.201 52.8408 
-164.327 52.8496 
-164.453 52.8571 
-164.581 52.8631 
-164.71 52.8676 
-164.84 52.8706 
-164.973 52.872 
-165.108 52.8718 
-165.245 52.8697 
-165.386 52.8656 
-165.529 52.8595 
-165.677 52.851 
-165.828 52.8399 
-165.983 52.8259 
-166.142 52.8087 
-166.305 52.7879 
-166.473 52.763 
-166.644 52.7336 
-166.82 52.699 
-166.998 52.6586 
-167.178 52.6119 
-167.358 52.5581 
-167.537 52.4966 
-167.713 52.4268 
-167.929 52.4211 
-168.08 52.4766 
-168.229 52.5271 
-168.376 52.573 
-168.52 52.6149 
-168.662 52.6531 
-168.802 52.6879 
-168.939 52.7196 
-169.074 52.7486 
-169.207 52.775 
-169.338 52.7991 
-169.467 52.8211 
-169.595 52.841 
-169.722 52.8592 
-169.847 52.8756 
-169.973 52.8904 
-170.098 52.9037 
-170.223 52.9155 
-170.348 52.9258 
-170.474 52.9346 
-170.6 52.9421 
-170.728 52.9481 
-170.857 52.9526 
-170.988 52.9556 
-171.121 52.957 
-171.256 52.9567 
-171.394 52.9547 
-171.534 52.9506 
-171.679 52.9445 
-171.826 52.936 
-171.977 52.9249 
-172.133 52.9109 
-172.292 52.8937 
-172.456 52.8729 
-172.624 52.848 
-172.796 52.8185 
-172.971 52.7839 
-173.15 52.7435 
-173.33 52.6968 
-173.511 52.643 
-173.69 52.5815 
-173.866 52.5117 
-174.036 52.4331 
-174.196 52.3455 
-174.342 52.2489 
-174.471 52.1436 
-174.579 52.0305 
-174.662 51.9106 
-174.717 51.7857 
-174.743 51.6577 
-174.738 51.5286 
-174.706 51.4005 
-174.646 51.2755 
-174.562 51.1551 
-174.458 51.0408 
-174.337 50.9333 
-174.204 50.8333 
-174.061 50.7408 
-173.912 50.656 
-173.759 50.5784 
-173.604 50.5076 
-173.449 50.4433 
-173.296 50.3849 
-173.144 50.3319 
-172.995 50.2837 
-172.849 50.24 
-172.705 50.2002 
-172.565 50.164 
-172.429 50.1311 
-172.295 50.101 
-172.163 50.0736 
-172.035 50.0485 
-171.909 50.0255 
-171.784 50.0046 
-171.662 49.9854 
-171.541 49.9679 
-171.422 49.9519 
-171.303 49.9374 
-171.185 49.9242 
-171.068 49.9123 
-170.951 49.9016 
-170.834 49.8922 
-170.716 49.8839 
-170.597 49.8768 
-170.478 49.8709 
-170.357 49.8662 
-170.234 49.8628 
-170.11 49.8606 
-169.983 49.8599 
-169.854 49.8607 
-169.722 49.8631 
-169.586 49.8673 
-169.447 49.8734 
-169.304 49.8818 
-169.158 49.8926 
-169.007 49.9062 
-168.851 49.923 
-168.691 49.9433 
-168.527 49.9677 
-168.358 49.9966 
-168.186 50.0308 
-168.011 50.0709 
-167.834 50.1175 
-167.657 50.1714 
-167.481 50.2334 
-167.31 50.3039 
-167.144 50.3 
-166.992 50.247 
-166.844 50.1988 
-166.698 50.1551 
-166.555 50.1153 
-166.415 50.0791 
-166.278 50.0461 
-166.145 50.016 
-166.014 49.9886 
-165.885 49.9635 
-165.759 49.9406 
-165.635 49.9196 
-165.513 49.9004 
-165.393 49.8829 
-165.273 49.8669 
-165.155 49.8524 
-165.037 49.8392 
-164.92 49.8273 
-164.803 49.8166 
-164.686 49.8072 
-164.569 49.7989 
-164.45 49.7918 
-164.331 49.7859 
-164.21 49.7812 
-164.088 49.7778 
-163.964 49.7756 
-163.837 49.7749 
-163.708 49.7757 
-163.576 49.7781 
-163.441 49.7823 
-163.302 49.7884 
-163.16 49.7968 
-163.013 49.8076 
-162.862 49.8213 
-162.707 49.838 
-162.547 49.8583 
-162.383 49.8827 
-162.215 49.9117 
-162.043 49.9459 
-161.868 49.986 
-161.692 50.0326 
-161.515 50.0865 
-161.34 50.1485 
-161.169 50.2191 
-161.006 50.2987 
-160.85 50.2688 
-160.704 50.225 
-160.561 50.1852 
-160.421 50.1491 
-160.284 50.1161 
-160.15 50.086 
-160.019 50.0586 
-159.89 50.0335 
-159.764 50.0106 
-159.64 49.9896 
-159.518 49.9704 
-159.397 49.9529 
-159.278 49.9369 
-159.159 49.9224 
-159.041 49.9092 
-158.924 49.8973 
-158.807 49.8866 
-158.689 49.8772 
-158.572 49.8689 
-158.453 49.8618 
-158.334 49.8559 
-158.213 49.8512 
-158.09 49.8478 
-157.966 49.8456 
-157.839 49.8449 
-157.71 49.8457 
-157.578 49.8481 
-157.442 49.8523 
-157.304 49.8584 
-157.161 49.8668 
-157.014 49.8776 
-156.863 49.8912 
-156.708 49.908 
-156.548 49.9283 
-156.383 49.9527 
-156.215 49.9817 
-156.043 50.0158 
-155.868 50.0559 
-155.691 50.1025 
-155.514 50.1564 
-155.338 50.2184 
-155.167 50.2889 
-155.004 50.3686 
-154.851 50.4576 
-154.714 50.5558 
-154.595 50.6628 
-154.499 50.7777 
-154.428 50.8991 
-154.396 50.9824 
-154.372 51.1107 
-154.377 51.2402 
-154.41 51.3689 
-154.469 51.4949 
-154.55 51.6165 
-154.651 51.7323 
-154.768 51.8415 
-154.897 51.9435 
-155.036 52.0381 
-155.181 52.1253 
-155.33 52.2053 
-155.482 52.2785 
-155.634 52.3453 
-155.786 52.4062 
-155.937 52.4616 
-156.086 52.5121 
-156.233 52.558 
-156.377 52.5999 
-156.519 52.6381 
-156.658 52.6729 
-156.796 52.7046 
-156.93 52.7336 
-157.063 52.76 
-157.194 52.7841 
-157.323 52.8061 
-157.451 52.8261 
-157.578 52.8442 
-157.704 52.8606 
-157.829 52.8754 
-157.954 52.8887 
-158.079 52.9005 
-158.204 52.9108 
-158.33 52.9196 
-158.456 52.9271 
-158.584 52.9331 
-158.713 52.9376 
-158.844 52.9406 
-158.976 52.942 
-159.112 52.9417 
-159.249 52.9397 
-159.39 52.9356 
-159.534 52.9295 
-159.682 52.921 
-159.833 52.9099 
-159.988 52.8959 
-160.148 52.8787 
-160.311 52.8579 
-160.479 52.833 
-160.651 52.8035 
-160.826 52.7689 
-161.005 52.7286 
-161.185 52.6818 
-161.366 52.628 
-161.545 52.5665 
-161.721 52.4967 
-161.891 52.4182 
>
-166.819 47.323 
-166.798 47.4513 
-166.804 47.5808 
-166.835 47.7094 
-166.891 47.8352 
-166.968 47.9564 
-167.062 48.0719 
-167.172 48.1806 
-167.292 48.2821 
-167.422 48.3762 
-167.557 48.4629 
-167.696 48.5424 
-167.837 48.6151 
-167.978 48.6814 
-168.119 48.7419 
-168.259 48.7969 
-168.397 48.847 
-168.533 48.8926 
-168.667 48.9342 
-168.798 48.972 
-168.927 49.0065 
-169.054 49.038 
-169.179 49.0668 
-169.301 49.093 
-169.423 49.1169 
-169.542 49.1387 
-169.66 49.1586 
-169.777 49.1766 
-169.894 49.1929 
-170.009 49.2077 
-170.125 49.2208 
-170.24 49.2325 
-170.356 49.2428 
-170.472 49.2516 
-170.589 49.2591 
-170.707 49.2651 
-170.826 49.2696 
-170.947 49.2727 
-171.069 49.2742 
-171.194 49.274 
-171.322 49.272 
-171.452 49.2681 
-171.585 49.2621 
-171.721 49.2537 
-171.861 49.2428 
-172.004 49.2291 
-172.152 49.2122 
-172.303 49.1916 
-172.458 49.1671 
-172.617 49.138 
-172.779 49.1038 
-172.944 49.0639 
-173.111 49.0176 
-173.279 48.9644 
-173.445 48.9034 
-173.609 48.8342 
-173.766 48.7562 
-173.915 48.6692 
-174.051 48.5731 
-174.172 48.4684 
-174.272 48.3557 
-174.35 48.2362 
-174.402 48.1115 
-174.428 47.9836 
-174.425 47.8544 
-174.396 47.7262 
-174.342 47.601 
-174.265 47.4803 
-174.17 47.3655 
-174.058 47.2575 
-173.935 47.157 
-173.803 47.064 
-173.666 46.9786 
-173.524 46.9005 
-173.381 46.8293 
-173.237 46.7645 
-173.095 46.7057 
-172.954 46.6522 
-172.816 46.6037 
-172.68 46.5596 
-172.547 46.5195 
-172.417 46.483 
-172.29 46.4498 
-172.165 46.4195 
-172.043 46.3918 
-171.924 46.3665 
-171.806 46.3434 
-171.691 46.3223 
-171.577 46.303 
-171.465 46.2853 
-171.354 46.2693 
-171.243 46.2546 
-171.134 46.2414 
-171.024 46.2294 
-170.915 46.2187 
-170.806 46.2092 
-170.696 46.2009 
-170.586 46.1938 
-170.475 46.1879 
-170.362 46.1832 
-170.248 46.1798 
-170.132 46.1778 
-170.014 46.1771 
-169.894 46.178 
-169.771 46.1805 
-169.645 46.1848 
-169.515 46.1911 
-169.383 46.1997 
-169.246 46.2107 
-169.105 46.2246 
-168.961 46.2416 
-168.812 46.2622 
-168.659 46.2869 
-168.502 46.3163 
-168.342 46.3509 
-168.179 46.3914 
-168.015 46.4385 
-167.85 46.493 
-167.688 46.5555 
-167.529 46.6266 
-167.378 46.7068 
-167.237 46.7964 
-167.11 46.8951 
-167 47.0026 
-166.912 47.1179 
-166.847 47.2396 
>
-173.238 43.4897 
-173.103 43.4181 
-172.968 43.3529 
-172.834 43.2937 
-172.702 43.24 
-172.572 43.1911 
-172.444 43.1467 
-172.319 43.1064 
-172.197 43.0697 
-172.077 43.0362 
-171.959 43.0057 
-171.845 42.9778 
-171.732 42.9524 
-171.621 42.9291 
-171.512 42.9079 
-171.405 42.8885 
-171.299 42.8707 
-171.194 42.8545 
-171.09 42.8398 
-170.987 42.8265 
-170.884 42.8145 
-170.781 42.8038 
-170.678 42.7942 
-170.575 42.7859 
-170.471 42.7788 
-170.366 42.7729 
-170.26 42.7683 
-170.152 42.7649 
-170.043 42.7629 
-169.931 42.7623 
-169.818 42.7632 
-169.702 42.7658 
-169.583 42.7703 
-169.461 42.7767 
-169.336 42.7854 
-169.207 42.7966 
-169.074 42.8107 
-168.938 42.8279 
-168.798 42.8488 
-168.653 42.8738 
-168.506 42.9034 
-168.355 42.9384 
-168.202 42.9793 
-168.047 43.0268 
-167.892 43.0817 
-167.739 43.1446 
-167.59 43.2162 
-167.448 43.2969 
-167.316 43.3869 
-167.197 43.4861 
-167.094 43.5939 
-167.012 43.7095 
-166.952 43.8315 
-166.926 43.915 
-166.907 44.0434 
-166.914 44.1729 
-166.944 44.3014 
-166.998 44.4269 
-167.071 44.5479 
-167.161 44.663 
-167.264 44.7713 
-167.378 44.8724 
-167.5 44.9661 
-167.628 45.0524 
-167.758 45.1315 
-167.891 45.2038 
-168.024 45.2698 
-168.157 45.3299 
-168.288 45.3846 
-168.418 45.4344 
-168.546 45.4797 
-168.671 45.521 
-168.795 45.5586 
-168.916 45.5929 
-169.035 45.6242 
-169.152 45.6528 
-169.267 45.6788 
-169.38 45.7026 
-169.492 45.7243 
-169.603 45.744 
-169.713 45.7619 
-169.822 45.7782 
-169.93 45.7928 
-170.039 45.8059 
-170.147 45.8176 
-170.255 45.8278 
-170.364 45.8367 
-170.473 45.8441 
-170.584 45.8501 
-170.696 45.8547 
-170.809 45.8577 
-170.924 45.8593 
-171.041 45.8591 
-171.16 45.8572 
-171.282 45.8534 
-171.406 45.8475 
-171.534 45.8394 
-171.665 45.8286 
-171.799 45.8151 
-171.938 45.7983 
-172.079 45.778 
-172.225 45.7538 
-172.374 45.725 
-172.526 45.6911 
-172.681 45.6516 
-172.838 45.6057 
-172.995 45.5529 
-173.152 45.4924 
-173.305 45.4236 
-173.454 45.3461 
-173.594 45.2596 
-173.722 45.164 
-173.881 45.1235 
-174.013 45.1958 
-174.147 45.2618 
-174.279 45.3219 
-174.411 45.3766 
-174.54 45.4264 
-174.668 45.4717 
-174.793 45.513 
-174.917 45.5506 
-175.038 45.5849 
-175.157 45.6162 
-175.274 45.6448 
-175.389 45.6708 
-175.502 45.6946 
-175.614 45.7163 
-175.725 45.736 
-175.835 45.7539 
-175.944 45.7702 
-176.053 45.7848 
-176.161 45.7979 
-176.269 45.8096 
-176.377 45.8198 
-176.486 45.8287 
-176.595 45.8361 
-176.706 45.8421 
-176.818 45.8467 
-176.931 45.8497 
-177.046 45.8513 
-177.162 45.8511 
-177.282 45.8492 
-177.403 45.8454 
-177.528 45.8395 
-177.656 45.8314 
-177.787 45.8206 
-177.921 45.8071 
-178.059 45.7903 
-178.201 45.77 
-178.347 45.7458 
-178.496 45.717 
-178.648 45.6831 
-178.803 45.6436 
-178.959 45.5977 
-179.117 45.5449 
-179.273 45.4844 
-179.427 45.4156 
-179.575 45.3381 
-179.715 45.2516 
-179.844 45.156 
-179.957 45.0516 
179.947 44.9393 
179.873 44.8201 
179.823 44.6956 
179.798 44.5677 
179.8 44.4386 
179.826 44.3103 
179.876 44.1848 
179.947 44.0638 
-179.964 43.9487 
-179.86 43.8404 
-179.745 43.7394 
-179.621 43.6461 
-179.492 43.5602 
-179.359 43.4817 
-179.225 43.4101 
-179.09 43.345 
-178.956 43.2857 
-178.824 43.232 
-178.694 43.1831 
-178.566 43.1387 
-178.441 43.0984 
-178.318 43.0617 
-178.198 43.0282 
-178.081 42.9977 
-177.966 42.9698 
-177.854 42.9444 
-177.743 42.9211 
-177.634 42.8999 
-177.527 42.8805 
-177.421 42.8627 
-177.316 42.8465 
-177.212 42.8318 
-177.109 42.8185 
-177.006 42.8065 
-176.903 42.7958 
-176.8 42.7862 
-176.697 42.7779 
-176.593 42.7708 
-176.488 42.7649 
-176.382 42.7603 
-176.274 42.7569 
-176.165 42.7549 
-176.053 42.7543 
-175.94 42.7552 
-175.824 42.7578 
-175.705 42.7623 
-175.583 42.7687 
-175.458 42.7774 
-175.329 42.7886 
-175.196 42.8027 
-175.06 42.8199 
-174.92 42.8408 
-174.776 42.8658 
-174.628 42.8954 
-174.477 42.9304 
-174.324 42.9713 
-174.169 43.0188 
-174.015 43.0737 
-173.862 43.1366 
-173.713 43.2082 
-173.571 43.2889 
-173.438 43.3789 
-173.319 43.4781 
>
-147.058 6.67463 
-146.995 6.78495 
-146.931 6.90265 
-146.866 7.02855 
-146.799 7.16349 
-146.733 7.30835 
-146.668 7.46387 
-146.604 7.63067 
-146.544 7.809 
-146.49 7.99859 
-146.446 8.1983 
-146.415 8.40585 
-146.403 8.61745 
-146.413 8.82759 
-146.453 9.02912 
-146.524 9.21377 
-146.63 9.37319 
-146.719 9.46153 
-146.879 9.56462 
-147.063 9.62989 
-147.264 9.65847 
-147.34 9.67707 
-147.279 9.77482 
-147.217 9.87844 
-147.153 9.98863 
-147.088 10.1062 
-147.022 10.2319 
-146.955 10.3667 
-146.888 10.5114 
-146.821 10.6668 
-146.757 10.8334 
-146.696 11.0116 
-146.641 11.2011 
-146.596 11.4006 
-146.564 11.6081 
-146.551 11.8197 
-146.561 12.0298 
-146.6 12.2315 
-146.672 12.4163 
-146.779 12.576 
-146.868 12.6646 
-147.029 12.768 
-147.215 12.8337 
-147.418 12.8627 
-147.631 12.8588 
-147.845 12.8276 
-148.056 12.7751 
-148.258 12.7072 
-148.449 12.6287 
-148.627 12.5438 
-148.793 12.4554 
-148.947 12.3658 
-149.09 12.2764 
-149.221 12.1882 
-149.343 12.102 
-149.456 12.0179 
-149.562 11.9362 
-149.614 11.9608 
-149.686 12.1456 
-149.792 12.3053 
-149.882 12.3938 
-150.043 12.4973 
-150.228 12.5629 
-150.431 12.5918 
-150.644 12.5879 
-150.858 12.5567 
-151.068 12.5042 
-151.27 12.4362 
-151.46 12.3578 
-151.639 12.2728 
-151.805 12.1845 
-151.959 12.0948 
-152.101 12.0054 
-152.232 11.9172 
-152.354 11.831 
-152.467 11.7469 
-152.572 11.6652 
-152.671 11.5859 
-152.763 11.5089 
-152.849 11.4341 
-152.931 11.3614 
-153.008 11.2905 
-153.081 11.2212 
-153.151 11.1534 
-153.219 11.0868 
-153.283 11.0212 
-153.346 10.9564 
-153.406 10.8922 
-153.465 10.8285 
-153.522 10.7649 
-153.579 10.7013 
-153.634 10.6374 
-153.688 10.5731 
-153.742 10.5082 
-153.796 10.4423 
-153.849 10.3753 
-153.903 10.3068 
-153.956 10.2367 
-154.01 10.1645 
-154.064 10.09 
-154.119 10.0128 
-154.174 9.93246 
-154.231 9.84862 
-154.288 9.76077 
-154.347 9.66837 
-154.406 9.57083 
-154.467 9.46751 
-154.529 9.35769 
-154.592 9.24061 
-154.656 9.11544 
-154.721 8.98134 
-154.786 8.83745 
-154.85 8.68299 
-154.912 8.51735 
-154.971 8.34021 
-155.023 8.15177 
-155.067 7.95306 
-155.097 7.74618 
-155.111 7.53473 
-155.101 7.32399 
-155.065 7.12093 
-154.996 6.93371 
-154.895 6.77077 
-154.76 6.63941 
-154.596 6.54447 
-154.426 6.4748 
-154.486 6.3716 
-154.548 6.26191 
-154.611 6.14496 
-154.675 6.01993 
-154.74 5.88596 
-154.804 5.74222 
-154.868 5.58791 
-154.93 5.42241 
-154.989 5.24541 
-155.042 5.05711 
-155.085 4.85851 
-155.116 4.65171 
-155.13 4.44029 
-155.121 4.22953 
-155.085 4.02637 
-155.018 3.83899 
-154.917 3.6758 
-154.783 3.54413 
-154.621 3.44883 
-154.435 3.39147 
-154.234 3.3703 
-154.026 3.38101 
-153.817 3.41783 
-153.613 3.47464 
-153.418 3.54576 
-153.233 3.6264 
-153.061 3.71274 
-152.901 3.80194 
-152.752 3.89196 
-152.615 3.98142 
-152.487 4.06939 
-152.369 4.15534 
-152.26 4.23897 
-152.158 4.32017 
-152.062 4.39895 
-151.973 4.47538 
-151.9 4.39235 
-151.864 4.18919 
-151.796 4.00182 
-151.695 3.83864 
-151.562 3.70699 
-151.399 3.61171 
-151.313 3.5255 
-151.375 3.41592 
-151.438 3.29909 
-151.502 3.17418 
-151.566 3.04035 
-151.631 2.89674 
-151.695 2.74257 
-151.758 2.5772 
-151.816 2.40033 
-151.869 2.21215 
-151.913 2.01365 
-151.945 1.80692 
-151.959 1.59554 
-151.951 1.38476 
-151.915 1.18152 
-151.848 0.993979 
-151.748 0.830569 
-151.615 0.69861 
-151.453 0.602984 
-151.267 0.54528 
-151.067 0.523776 
-150.859 0.534171 
-150.65 0.570713 
-150.447 0.627289 
-150.252 0.698221 
-150.068 0.778704 
-149.896 0.864932 
-149.736 0.954052 
-149.587 1.04402 
-149.45 1.13344 
-149.323 1.2214 
-149.206 1.30734 
-149.096 1.39098 
-148.994 1.47219 
-148.899 1.55099 
-148.81 1.62746 
-148.726 1.70174 
-148.646 1.77399 
-148.571 1.84443 
-148.499 1.91324 
-148.431 1.98065 
-148.365 2.04685 
-148.302 2.11206 
-148.241 2.17648 
-148.181 2.24033 
-148.123 2.3038 
-148.067 2.36712 
-148.011 2.43048 
-147.957 2.4941 
-147.903 2.5582 
-147.849 2.62301 
-147.796 2.68876 
-147.743 2.75571 
-147.69 2.82411 
-147.637 2.89425 
-147.584 2.96645 
-147.53 3.04103 
-147.475 3.11835 
-147.42 3.19883 
-147.363 3.2829 
-147.306 3.37104 
-147.247 3.46381 
-147.187 3.5618 
-147.126 3.66565 
-147.064 3.77611 
-147 3.89393 
-146.935 4.01996 
-146.87 4.15505 
-146.804 4.30005 
-146.739 4.45572 
-146.676 4.62266 
-146.617 4.80114 
-146.564 4.99085 
-146.521 5.19067 
-146.491 5.3983 
-146.479 5.60993 
-146.49 5.82004 
-146.529 6.02147 
-146.601 6.20594 
-146.707 6.36512 
-146.795 6.45325 
-146.953 6.556 
>
