-142.161 13.7571 
-142.258 14.017 
-142.405 14.243 
-142.528 14.3694 
-142.752 14.5189 
-143.011 14.6168 
-143.297 14.6642 
-143.596 14.666 
-143.735 14.8412 
-143.882 15.0673 
-144.006 15.1938 
-144.23 15.3435 
-144.49 15.4416 
-144.777 15.4892 
-144.812 15.512 
-144.909 15.7721 
-145.056 15.9984 
-145.181 16.125 
-145.405 16.2749 
-145.667 16.3733 
-145.955 16.4211 
-146.023 16.5613 
-146.17 16.7877 
-146.295 16.9144 
-146.52 17.0646 
-146.783 17.1631 
-147.072 17.2111 
-147.206 17.3505 
-147.331 17.4773 
-147.557 17.6276 
-147.821 17.7263 
-148.11 17.7744 
-148.414 17.777 
-148.722 17.7413 
-149.024 17.6754 
-149.315 17.5874 
-149.591 17.4839 
-149.85 17.3707 
-150.09 17.252 
-150.314 17.1308 
-150.52 17.0094 
-150.711 16.8892 
-150.888 16.7713 
-151.053 16.656 
-151.206 16.5438 
-151.349 16.4347 
-151.483 16.3285 
-151.609 16.2253 
-151.727 16.1247 
-151.924 15.9668 
-152.067 15.8577 
-152.2 15.7516 
-152.326 15.6483 
-152.444 15.5477 
-152.556 15.4496 
-152.663 15.3536 
-152.765 15.2596 
-152.862 15.1671 
-152.956 15.076 
-153.047 14.986 
-153.135 14.8967 
-153.22 14.808 
-153.304 14.7194 
-153.385 14.6308 
-153.465 14.5419 
-153.544 14.4522 
-153.623 14.3616 
-153.7 14.2697 
-153.778 14.1761 
-153.855 14.0805 
-153.933 13.9825 
-154.011 13.8816 
-154.089 13.7775 
-154.168 13.6695 
-154.249 13.5572 
-154.291 13.5023 
-154.371 13.4134 
-154.449 13.3238 
-154.527 13.2333 
-154.605 13.1414 
-154.682 13.0479 
-154.759 12.9523 
-154.836 12.8544 
-154.914 12.7536 
-154.992 12.6495 
-155.071 12.5416 
-155.151 12.4294 
-155.232 12.3122 
-155.315 12.1894 
-155.399 12.0602 
-155.485 11.9238 
-155.572 11.7793 
-155.662 11.6257 
-155.753 11.462 
-155.845 11.287 
-155.938 11.0995 
-156.031 10.8983 
-156.123 10.6824 
-156.212 10.451 
-156.296 10.2035 
-156.372 9.94034 
-156.435 9.6629 
-156.479 9.37412 
-156.499 9.07896 
-156.487 8.78469 
-156.437 8.50087 
-156.343 8.2387 
-156.202 8.0097 
-156.015 7.82391 
-155.787 7.68802 
-155.527 7.60426 
-155.286 7.46936 
-155.146 7.24025 
-154.959 7.0543 
-154.732 6.91823 
-154.446 6.69733 
-154.259 6.51128 
-154.032 6.37508 
-153.773 6.291 
-153.695 6.26296 
-153.555 6.03366 
-153.369 5.84747 
-153.142 5.71112 
-152.883 5.62688 
-152.834 5.49767 
-152.741 5.23517 
-152.602 5.0057 
-152.416 4.81931 
-152.19 4.68272 
-151.943 4.59753 
-151.804 4.36796 
-151.619 4.18144 
-151.393 4.04472 
-151.237 3.95989 
-151.099 3.73023 
-150.914 3.54358 
-150.688 3.40671 
-150.43 3.32191 
-150.343 3.22123 
-150.158 3.03449 
-149.933 2.8975 
-149.675 2.81258 
-149.395 2.77754 
-149.104 2.78666 
-148.811 2.83219 
-148.525 2.90583 
-148.251 2.99983 
-147.991 3.10755 
-147.748 3.22373 
-147.521 3.34439 
-147.31 3.46664 
-147.116 3.5885 
-146.935 3.70866 
-146.767 3.8263 
-146.611 3.94098 
-146.466 4.0525 
-146.33 4.16084 
-146.202 4.26609 
-146.081 4.36843 
-145.99 4.42829 
-145.779 4.55059 
-145.584 4.67248 
-145.403 4.79265 
-145.235 4.9103 
-145.079 5.02498 
-144.933 5.13649 
-144.797 5.24481 
-144.669 5.35004 
-144.548 5.45236 
-144.434 5.55197 
-144.326 5.64915 
-144.223 5.74415 
-144.124 5.83726 
-144.03 5.92876 
-143.938 6.01894 
-143.85 6.10807 
-143.764 6.19644 
-143.681 6.28434 
-143.599 6.37205 
-143.519 6.45985 
-143.44 6.54804 
-143.362 6.63692 
-143.284 6.7268 
-143.208 6.81802 
-143.131 6.91092 
-143.054 7.00586 
-142.977 7.10324 
-142.899 7.20349 
-142.82 7.30707 
-142.741 7.41448 
-142.66 7.52629 
-142.578 7.6431 
-142.494 7.7656 
-142.409 7.89454 
-142.321 8.03074 
-142.232 8.17512 
-142.14 8.32868 
-142.047 8.49251 
-141.952 8.66775 
-141.855 8.85559 
-141.759 9.05723 
-141.663 9.27372 
-141.501 9.6098 
-141.405 9.78493 
-141.308 9.97267 
-141.211 10.1742 
-141.115 10.3906 
-141.021 10.6226 
-140.932 10.8708 
-140.851 11.1347 
-140.784 11.4127 
-140.735 11.7019 
-140.712 11.997 
-140.723 12.2906 
-140.773 12.5729 
-140.87 12.8327 
-141.016 13.0585 
-141.139 13.1846 
-141.362 13.3339 
-141.62 13.4315 
-141.904 13.4786 
>
