164.62 -10.9537 
164.624 -11.2339 
164.857 -11.6353 
165.186 -12.0417 
165.516 -12.3943 
165.808 -12.6821 
166.056 -12.9133 
166.263 -13.0998 
166.438 -13.2521 
166.585 -13.3782 
166.712 -13.4844 
166.821 -13.5749 
166.917 -13.6532 
167.002 -13.7217 
167.078 -13.7824 
167.146 -13.8367 
167.209 -13.8858 
167.266 -13.9305 
167.319 -13.9715 
167.368 -14.0096 
167.414 -14.045 
167.458 -14.0783 
167.499 -14.1098 
167.539 -14.1397 
167.576 -14.1683 
167.613 -14.1957 
167.649 -14.2223 
167.683 -14.2481 
167.717 -14.2733 
167.751 -14.2981 
167.784 -14.3225 
167.817 -14.3466 
167.849 -14.3707 
167.883 -14.3948 
167.916 -14.419 
167.95 -14.4435 
167.984 -14.4683 
168.019 -14.4937 
168.056 -14.5197 
168.093 -14.5464 
168.132 -14.5741 
168.173 -14.603 
168.216 -14.6332 
168.261 -14.6651 
168.31 -14.6988 
168.362 -14.7348 
168.418 -14.7734 
168.479 -14.8152 
168.546 -14.8606 
168.62 -14.9106 
168.703 -14.9659 
168.797 -15.0277 
168.903 -15.0974 
169.027 -15.1769 
169.171 -15.2684 
169.343 -15.3748 
169.55 -15.4997 
169.802 -15.6471 
170.113 -15.8203 
170.494 -16.0193 
170.952 -16.2324 
171.454 -16.4207 
171.903 -16.5043 
172.139 -16.3936 
172.077 -16.0858 
171.801 -15.6843 
171.451 -15.2936 
171.113 -14.9598 
170.82 -14.6884 
170.573 -14.4702 
170.367 -14.2936 
170.195 -14.1489 
170.049 -14.0285 
169.924 -13.927 
169.815 -13.8401 
169.72 -13.7647 
169.636 -13.6985 
169.561 -13.6397 
169.493 -13.587 
169.432 -13.5393 
169.375 -13.4958 
169.322 -13.4557 
169.274 -13.4185 
169.228 -13.3837 
169.184 -13.3511 
169.143 -13.3202 
169.104 -13.2908 
169.066 -13.2626 
169.03 -13.2355 
168.995 -13.2093 
168.96 -13.1838 
168.926 -13.1588 
168.893 -13.1343 
168.86 -13.1101 
168.827 -13.0861 
168.794 -13.0621 
168.761 -13.0382 
168.728 -13.014 
168.694 -12.9896 
168.66 -12.9648 
168.625 -12.9394 
168.588 -12.9134 
168.551 -12.8866 
168.512 -12.8588 
168.471 -12.8297 
168.428 -12.7993 
168.382 -12.7672 
168.334 -12.7331 
168.281 -12.6967 
168.225 -12.6576 
168.164 -12.6152 
168.096 -12.5689 
168.022 -12.5179 
167.938 -12.4614 
167.844 -12.398 
167.736 -12.3263 
167.612 -12.2444 
167.465 -12.1496 
167.292 -12.039 
167.083 -11.9086 
166.828 -11.7543 
166.514 -11.5723 
166.13 -11.3633 
165.676 -11.1415 
165.189 -10.9524 
164.776 -10.885 
>
175.63 -5.06954 
175.433 -5.33764 
175.351 -5.89541 
175.345 -6.51335 
175.374 -7.06643 
175.414 -7.52441 
175.456 -7.89558 
175.494 -8.19692 
175.529 -8.44428 
175.559 -8.6502 
175.587 -8.82414 
175.611 -8.97313 
175.633 -9.10245 
175.652 -9.21604 
175.67 -9.31694 
175.686 -9.40749 
175.701 -9.4895 
175.715 -9.56443 
175.728 -9.63344 
175.741 -9.69749 
175.752 -9.75735 
175.763 -9.81366 
175.774 -9.86697 
175.784 -9.91775 
175.794 -9.9664 
175.803 -10.0133 
175.813 -10.0586 
175.822 -10.1028 
175.831 -10.146 
175.84 -10.1885 
175.848 -10.2305 
175.857 -10.2722 
175.866 -10.3138 
175.875 -10.3555 
175.884 -10.3976 
175.893 -10.4401 
175.903 -10.4834 
175.913 -10.5276 
175.923 -10.573 
175.933 -10.62 
175.944 -10.6687 
175.956 -10.7196 
175.968 -10.773 
175.982 -10.8295 
175.996 -10.8895 
176.011 -10.9538 
176.027 -11.023 
176.046 -11.0982 
176.066 -11.1806 
176.088 -11.2715 
176.114 -11.3728 
176.143 -11.4869 
176.177 -11.6169 
176.217 -11.7665 
176.265 -11.9412 
176.323 -12.1479 
176.396 -12.3957 
176.489 -12.6967 
176.61 -13.0652 
176.77 -13.5145 
176.982 -14.044 
177.256 -14.6045 
177.572 -15.0449 
177.859 -15.1383 
178.038 -14.804 
178.102 -14.2214 
178.094 -13.609 
178.056 -13.0717 
178.011 -12.6297 
177.966 -12.2718 
177.926 -11.9809 
177.89 -11.7415 
177.858 -11.5418 
177.83 -11.3726 
177.805 -11.2275 
177.783 -11.1012 
177.762 -10.99 
177.744 -10.8911 
177.727 -10.8022 
177.712 -10.7216 
177.698 -10.6478 
177.684 -10.5798 
177.672 -10.5166 
177.66 -10.4574 
177.649 -10.4017 
177.638 -10.3489 
177.627 -10.2986 
177.617 -10.2503 
177.608 -10.2038 
177.598 -10.1587 
177.589 -10.1147 
177.58 -10.0717 
177.571 -10.0293 
177.561 -9.98743 
177.552 -9.94581 
177.543 -9.90425 
177.534 -9.86255 
177.525 -9.82051 
177.515 -9.77791 
177.506 -9.73455 
177.495 -9.69019 
177.485 -9.64457 
177.474 -9.5974 
177.463 -9.54838 
177.451 -9.49715 
177.438 -9.44329 
177.425 -9.38633 
177.41 -9.3257 
177.395 -9.26073 
177.378 -9.19062 
177.359 -9.11438 
177.338 -9.03079 
177.315 -8.93834 
177.289 -8.83512 
177.259 -8.71868 
177.224 -8.58586 
177.182 -8.4325 
177.133 -8.25313 
177.073 -8.04042 
176.998 -7.78472 
176.902 -7.47358 
176.777 -7.09239 
176.613 -6.62878 
176.396 -6.08824 
176.121 -5.53326 
175.815 -5.13425 
>
