-14.8 70.59 
-15.1453 70.5887 
-15.4904 70.5847 
-15.835 70.5781 
-16.1789 70.5689 
-16.5219 70.557 
-16.8638 70.5425 
-17.2044 70.5255 
-17.5433 70.5058 
-17.8805 70.4835 
-18.2157 70.4587 
-18.5486 70.4313 
-18.8792 70.4013 
-19.2071 70.3689 
-19.5322 70.334 
-19.8543 70.2966 
-20.1732 70.2567 
-20.4888 70.2145 
-20.8008 70.1698 
-21.109 70.1228 
-21.4134 70.0735 
-21.7138 70.0219 
-22.0099 69.968 
-22.3018 69.9119 
-22.5891 69.8535 
-22.8719 69.793 
-23.1499 69.7304 
-23.4231 69.6657 
-23.6914 69.599 
-23.9545 69.5302 
-24.2126 69.4595 
-24.4653 69.3869 
-24.7128 69.3123 
-24.9548 69.236 
-25.1913 69.1578 
-25.4223 69.0778 
-25.6477 68.9962 
-25.8675 68.9128 
-26.0815 68.8279 
-26.2898 68.7413 
-26.4923 68.6533 
-26.6889 68.5637 
-26.8798 68.4726 
-27.0648 68.3802 
-27.2439 68.2864 
-27.4171 68.1913 
-27.5844 68.0949 
-27.7459 67.9973 
-27.9014 67.8985 
-28.0511 67.7986 
-28.1949 67.6976 
-28.3328 67.5955 
-28.4649 67.4924 
-28.5912 67.3884 
-28.7117 67.2834 
-28.8264 67.1776 
-28.9354 67.071 
-29.0387 66.9635 
-29.1363 66.8553 
-29.2283 66.7464 
-29.3147 66.6369 
-29.3955 66.5267 
-29.4709 66.416 
-29.5408 66.3047 
-29.6053 66.1929 
-29.6644 66.0807 
-29.7183 65.968 
-29.7668 65.855 
-29.8102 65.7416 
-29.8484 65.6279 
-29.8815 65.514 
-29.9096 65.3998 
-29.9327 65.2854 
-29.9509 65.1709 
-29.9642 65.0563 
-29.9727 64.9416 
-29.9764 64.8268 
-29.9755 64.7121 
-29.9699 64.5973 
-29.9598 64.4827 
-29.9452 64.3681 
-29.9261 64.2536 
-29.9026 64.1393 
-29.8747 64.0252 
-29.8427 63.9113 
-29.8064 63.7977 
-29.7659 63.6843 
-29.7214 63.5712 
-29.6728 63.4585 
-29.6203 63.3462 
-29.5639 63.2343 
-29.5036 63.1228 
-29.4395 63.0118 
-29.3717 62.9012 
-29.3002 62.7912 
-29.2251 62.6817 
-29.1465 62.5728 
-29.0643 62.4645 
-28.9787 62.3568 
-28.8897 62.2497 
-28.7974 62.1434 
-28.7018 62.0377 
-28.603 61.9327 
-28.501 61.8285 
-28.3959 61.7251 
-28.2878 61.6224 
-28.1766 61.5206 
-28.0625 61.4196 
-27.9455 61.3195 
-27.8256 61.2202 
-27.703 61.1219 
-27.5776 61.0244 
-27.4495 60.928 
-27.3187 60.8324 
-27.1854 60.7379 
-27.0495 60.6444 
-26.9111 60.5519 
-26.7703 60.4605 
-26.627 60.3701 
-26.4815 60.2808 
-26.3336 60.1926 
-26.1834 60.1055 
-26.031 60.0195 
-25.8765 59.9347 
-25.7198 59.8511 
-25.5611 59.7686 
-25.4003 59.6874 
-25.2375 59.6074 
-25.0728 59.5286 
-24.9062 59.451 
-24.7377 59.3747 
-24.5674 59.2997 
-24.3953 59.226 
-24.2215 59.1536 
-24.0459 59.0825 
-23.8688 59.0127 
-23.69 58.9443 
-23.5096 58.8772 
-23.3278 58.8115 
-23.1444 58.7472 
-22.9596 58.6843 
-22.7733 58.6228 
-22.5857 58.5627 
-22.3968 58.504 
-22.2065 58.4468 
-22.015 58.391 
-21.8223 58.3367 
-21.6284 58.2838 
-21.4333 58.2324 
-21.2371 58.1826 
-21.0399 58.1342 
-20.8416 58.0873 
-20.6424 58.0419 
-20.4421 57.998 
-20.241 57.9557 
-20.0389 57.9149 
-19.836 57.8756 
-19.6323 57.8379 
-19.4278 57.8018 
-19.2225 57.7672 
-19.0165 57.7342 
-18.8099 57.7027 
-18.6026 57.6729 
-18.3946 57.6446 
-18.1862 57.6179 
-17.9771 57.5928 
-17.7676 57.5693 
-17.5576 57.5474 
-17.3472 57.5271 
-17.1363 57.5085 
-16.9251 57.4914 
-16.7135 57.4759 
-16.5017 57.4621 
-16.2896 57.4499 
-16.0772 57.4393 
-15.8646 57.4304 
-15.6519 57.423 
-15.4391 57.4173 
-15.2261 57.4133 
-15.0131 57.4108 
-14.8 57.41 
-14.5869 57.4108 
-14.3739 57.4133 
-14.1609 57.4173 
-13.9481 57.423 
-13.7354 57.4304 
-13.5228 57.4393 
-13.3104 57.4499 
-13.0983 57.4621 
-12.8865 57.4759 
-12.6749 57.4914 
-12.4637 57.5085 
-12.2528 57.5271 
-12.0424 57.5474 
-11.8324 57.5693 
-11.6229 57.5928 
-11.4138 57.6179 
-11.2054 57.6446 
-10.9974 57.6729 
-10.7901 57.7027 
-10.5835 57.7342 
-10.3775 57.7672 
-10.1722 57.8018 
-9.96773 57.8379 
-9.764 57.8756 
-9.56109 57.9149 
-9.35904 57.9557 
-9.15788 57.998 
-8.95764 58.0419 
-8.75837 58.0873 
-8.56009 58.1342 
-8.36285 58.1826 
-8.16669 58.2324 
-7.97163 58.2838 
-7.77772 58.3367 
-7.58499 58.391 
-7.39349 58.4468 
-7.20324 58.504 
-7.01429 58.5627 
-6.82668 58.6228 
-6.64044 58.6843 
-6.45561 58.7472 
-6.27224 58.8115 
-6.09036 58.8772 
-5.91001 58.9443 
-5.73123 59.0127 
-5.55406 59.0825 
-5.37855 59.1536 
-5.20473 59.226 
-5.03264 59.2997 
-4.86234 59.3747 
-4.69385 59.451 
-4.52722 59.5286 
-4.3625 59.6074 
-4.19973 59.6874 
-4.03894 59.7686 
-3.88019 59.8511 
-3.72353 59.9347 
-3.56898 60.0195 
-3.41661 60.1055 
-3.26645 60.1926 
-3.11855 60.2808 
-2.97296 60.3701 
-2.82972 60.4605 
-2.68889 60.5519 
-2.55051 60.6444 
-2.41462 60.7379 
-2.28128 60.8324 
-2.15054 60.928 
-2.02244 61.0244 
-1.89703 61.1219 
-1.77437 61.2202 
-1.65451 61.3195 
-1.5375 61.4196 
-1.42339 61.5206 
-1.31223 61.6224 
-1.20407 61.7251 
-1.09898 61.8285 
-0.996992 61.9327 
-0.898174 62.0377 
-0.802578 62.1434 
-0.710258 62.2497 
-0.62127 62.3568 
-0.53567 62.4645 
-0.453514 62.5728 
-0.37486 62.6817 
-0.299763 62.7912 
-0.228282 62.9012 
-0.160476 63.0118 
-0.0964008 63.1228 
-0.0361168 63.2343 
0.0203176 63.3462 
0.0728431 63.4585 
0.1214 63.5712 
0.165929 63.6843 
0.206371 63.7977 
0.242664 63.9113 
0.274749 64.0252 
0.302565 64.1393 
0.326052 64.2536 
0.34515 64.3681 
0.359799 64.4827 
0.369937 64.5973 
0.375505 64.7121 
0.376443 64.8268 
0.372692 64.9416 
0.364191 65.0563 
0.350883 65.1709 
0.332708 65.2854 
0.309608 65.3998 
0.281526 65.514 
0.248405 65.6279 
0.21019 65.7416 
0.166825 65.855 
0.118256 65.968 
0.0644306 66.0807 
0.00529646 66.1929 
-0.0591967 66.3047 
-0.129098 66.416 
-0.204455 66.5267 
-0.285314 66.6369 
-0.371719 66.7464 
-0.463712 66.8553 
-0.561333 66.9635 
-0.66462 67.071 
-0.773609 67.1776 
-0.888332 67.2834 
-1.00882 67.3884 
-1.1351 67.4924 
-1.2672 67.5955 
-1.40514 67.6976 
-1.54893 67.7986 
-1.6986 67.8985 
-1.85415 67.9973 
-2.01558 68.0949 
-2.18291 68.1913 
-2.35613 68.2864 
-2.53524 68.3802 
-2.72022 68.4726 
-2.91106 68.5637 
-3.10773 68.6533 
-3.31023 68.7413 
-3.51851 68.8279 
-3.73253 68.9128 
-3.95226 68.9962 
-4.17766 69.0778 
-4.40866 69.1578 
-4.6452 69.236 
-4.88723 69.3123 
-5.13467 69.3869 
-5.38744 69.4595 
-5.64546 69.5302 
-5.90864 69.599 
-6.17688 69.6657 
-6.45007 69.7304 
-6.7281 69.793 
-7.01086 69.8535 
-7.29822 69.9119 
-7.59006 69.968 
-7.88622 70.0219 
-8.18658 70.0735 
-8.49097 70.1228 
-8.79924 70.1698 
-9.11124 70.2145 
-9.42678 70.2567 
-9.74569 70.2966 
-10.0678 70.334 
-10.3929 70.3689 
-10.7208 70.4013 
-11.0514 70.4313 
-11.3843 70.4587 
-11.7195 70.4835 
-12.0567 70.5058 
-12.3956 70.5255 
-12.7362 70.5425 
-13.0781 70.557 
-13.4211 70.5689 
-13.765 70.5781 
-14.1096 70.5847 
-14.4547 70.5887 
>
