166.07 -25.8762 
166.109 -25.9367 
166.152 -25.9948 
166.198 -26.0504 
166.247 -26.1033 
166.299 -26.1534 
166.353 -26.2008 
166.41 -26.2453 
166.468 -26.2869 
166.529 -26.3257 
166.591 -26.3616 
166.654 -26.3948 
166.719 -26.4251 
166.784 -26.4527 
166.85 -26.4775 
166.918 -26.4998 
166.985 -26.5194 
167.053 -26.5364 
167.122 -26.5509 
167.191 -26.5628 
167.26 -26.5723 
167.33 -26.5794 
167.399 -26.584 
167.469 -26.5862 
167.539 -26.586 
167.608 -26.5834 
167.678 -26.5784 
167.747 -26.5709 
167.817 -26.561 
167.885 -26.5486 
167.954 -26.5337 
168.022 -26.5162 
168.09 -26.4962 
168.157 -26.4736 
168.223 -26.4482 
168.288 -26.4202 
168.353 -26.3894 
168.416 -26.3558 
168.477 -26.3194 
168.538 -26.2801 
168.596 -26.238 
168.652 -26.193 
168.706 -26.1452 
168.757 -26.0946 
168.806 -26.0412 
168.851 -25.9852 
168.893 -25.9267 
168.932 -25.8658 
168.966 -25.8026 
168.996 -25.7375 
169.022 -25.6706 
169.043 -25.6022 
169.059 -25.5325 
169.07 -25.462 
169.076 -25.3909 
169.077 -25.3196 
169.072 -25.2484 
169.063 -25.1776 
169.048 -25.1076 
169.029 -25.0388 
169.024 -24.9562 
169.03 -24.8851 
169.031 -24.8138 
169.055 -24.7816 
169.1 -24.7256 
169.142 -24.6671 
169.18 -24.6062 
169.214 -24.543 
169.244 -24.4779 
169.269 -24.411 
169.29 -24.3426 
169.306 -24.273 
169.317 -24.2025 
169.323 -24.1314 
169.324 -24.0601 
169.32 -23.9888 
169.31 -23.9181 
169.296 -23.8481 
169.277 -23.7792 
169.253 -23.7117 
169.268 -23.6681 
169.328 -23.6318 
169.387 -23.5926 
169.444 -23.5505 
169.499 -23.5056 
169.552 -23.4578 
169.603 -23.4072 
169.65 -23.3539 
169.695 -23.298 
169.736 -23.2395 
169.773 -23.1786 
169.807 -23.1155 
169.837 -23.0504 
169.862 -22.9835 
169.883 -22.9151 
169.898 -22.8455 
169.909 -22.775 
169.915 -22.7039 
169.916 -22.6326 
169.912 -22.5614 
169.903 -22.4906 
169.889 -22.4206 
169.87 -22.3517 
169.846 -22.2842 
169.818 -22.2184 
169.786 -22.1545 
169.75 -22.0928 
169.71 -22.0333 
169.667 -21.9764 
169.621 -21.922 
169.572 -21.8704 
169.521 -21.8215 
169.467 -21.7755 
169.411 -21.7322 
169.354 -21.6919 
169.295 -21.6543 
169.234 -21.6196 
169.173 -21.5876 
169.11 -21.5584 
169.046 -21.5319 
168.982 -21.508 
168.917 -21.4867 
168.852 -21.468 
168.786 -21.4518 
168.72 -21.4381 
168.654 -21.4268 
168.587 -21.418 
168.52 -21.4115 
168.454 -21.4074 
168.387 -21.4056 
168.32 -21.4062 
168.253 -21.4092 
168.186 -21.4145 
168.119 -21.4222 
168.053 -21.4322 
167.986 -21.4447 
167.921 -21.4597 
167.855 -21.4772 
167.79 -21.4971 
167.725 -21.5197 
167.661 -21.5449 
167.598 -21.5728 
167.536 -21.6034 
167.475 -21.6367 
167.415 -21.6729 
167.357 -21.7119 
167.3 -21.7537 
167.246 -21.7983 
167.193 -21.8458 
167.143 -21.8961 
167.095 -21.9491 
167.051 -22.0048 
167.009 -22.063 
166.971 -22.1236 
166.937 -22.1865 
166.907 -22.2514 
166.881 -22.3181 
166.821 -22.3892 
166.754 -22.4017 
166.687 -22.4167 
166.621 -22.4341 
166.556 -22.4541 
166.491 -22.4767 
166.427 -22.5018 
166.363 -22.5297 
166.301 -22.5603 
166.239 -22.5936 
166.179 -22.6298 
166.12 -22.6687 
166.063 -22.7105 
166.008 -22.7551 
165.955 -22.8026 
165.904 -22.8529 
165.856 -22.9059 
165.811 -22.9615 
165.77 -23.0197 
165.732 -23.0803 
165.697 -23.1432 
165.667 -23.2081 
165.641 -23.2748 
165.62 -23.343 
165.603 -23.4125 
165.591 -23.4829 
165.584 -23.5539 
165.583 -23.6012 
165.584 -23.6725 
165.591 -23.7436 
165.559 -23.7879 
165.506 -23.8354 
165.455 -23.8856 
165.406 -23.9386 
165.361 -23.9943 
165.319 -24.0524 
165.28 -24.113 
165.246 -24.1759 
165.215 -24.2407 
165.189 -24.3074 
165.167 -24.3756 
165.151 -24.4451 
165.139 -24.5155 
165.132 -24.5865 
165.13 -24.6338 
165.132 -24.7052 
165.138 -24.7762 
165.15 -24.8466 
165.167 -24.916 
165.189 -24.9842 
165.215 -25.0508 
165.246 -25.1156 
165.281 -25.1784 
165.319 -25.2389 
165.362 -25.297 
165.408 -25.3526 
165.456 -25.4055 
165.508 -25.4556 
165.562 -25.5029 
165.618 -25.5474 
165.676 -25.589 
165.737 -25.6278 
165.798 -25.6637 
165.861 -25.6968 
165.925 -25.7272 
166.016 -25.8039 
>
