45.942 55.35 
45.827 55.38 
45.668 55.41 
45.457 55.44 
45.246 55.47 
45.114 55.47 
44.949 55.482 
44.823 55.47 
44.691 55.47 
44.453 55.44 
44.295 55.428 
44.189 55.41 
44.074 55.38 
43.968 55.35 
43.863 55.32 
43.767 55.291 
43.637 55.231 
43.534 55.166 
43.42 55.081 
43.3 55.027 
43.212 54.947 
43.159 54.88 
43.107 54.774 
43.159 54.627 
43.217 54.57 
43.318 54.498 
43.432 54.439 
43.587 54.375 
43.793 54.313 
43.925 54.282 
44.136 54.251 
44.242 54.232 
44.348 54.222 
44.48 54.22 
44.585 54.22 
44.691 54.22 
44.797 54.22 
44.902 54.22 
45.14 54.236 
45.246 54.251 
45.42 54.282 
45.563 54.313 
45.668 54.344 
45.835 54.407 
45.994 54.478 
46.082 54.518 
46.17 54.596 
46.276 54.654 
46.376 54.723 
46.434 54.783 
46.487 54.85 
46.487 54.926 
46.487 54.987 
46.439 55.093 
46.381 55.148 
46.258 55.219 
46.135 55.29 
>
50.052 52.857 
49.894 52.931 
49.709 52.995 
49.589 53.027 
49.455 53.059 
49.26 53.091 
49.101 53.095 
48.996 53.103 
48.89 53.093 
48.652 53.059 
48.564 53.017 
48.423 52.965 
48.335 52.908 
48.283 52.82 
48.23 52.692 
48.23 52.627 
48.256 52.531 
48.335 52.395 
48.388 52.321 
48.492 52.213 
48.598 52.121 
48.687 52.045 
48.837 51.953 
48.969 51.898 
49.11 51.833 
49.286 51.768 
49.392 51.735 
49.514 51.702 
49.682 51.669 
49.894 51.636 
50.026 51.636 
50.131 51.636 
50.369 51.669 
50.475 51.702 
50.624 51.761 
50.712 51.844 
50.765 51.925 
50.791 52.013 
50.797 52.094 
50.791 52.175 
50.765 52.272 
50.712 52.362 
50.659 52.434 
50.607 52.493 
50.506 52.59 
50.39 52.676 
50.29 52.74 
50.184 52.801 
>
