149.127 18.8644 
149.401 19.9629 
149.548 20.4586 
149.488 20.7362 
149.149 21.0392 
148.573 21.1908 
148.116 21.3832 
148.327 21.9922 
148.934 22.6243 
149.514 23.3237 
149.96 24.04 
150.125 24.6798 
150.02 25.0075 
149.525 25.2977 
149.564 25.3943 
150.075 26.1815 
150.345 26.7438 
150.561 27.4726 
150.444 27.8363 
150.399 28.0166 
150.632 28.781 
150.509 29.1578 
149.885 29.4512 
149.738 29.465 
149.601 29.8323 
149.567 30.1161 
149.42 30.4864 
148.772 30.7515 
148.624 30.9489 
148.459 31.3087 
148.265 31.4859 
148.097 31.845 
147.434 32.0821 
147.039 32.3426 
146.935 32.51 
146.666 32.6966 
145.995 32.8966 
145.011 32.7413 
144.476 32.8658 
144.798 33.7985 
144.803 34.5656 
144.565 34.8953 
143.852 35.0454 
142.854 34.8135 
142.178 34.8389 
141.259 34.607 
140.278 34.1411 
139.359 33.5753 
138.866 33.7328 
138.902 34.5443 
138.703 35.1716 
138.816 35.738 
138.863 36.6768 
138.64 37.3989 
138.31 37.6658 
137.998 37.6771 
137.004 37.9276 
136.272 37.9216 
135.664 37.7568 
134.822 37.357 
133.989 36.7199 
133.249 35.9978 
132.625 35.288 
132.113 34.6361 
131.693 34.0558 
131.348 33.5457 
131.061 33.0985 
130.819 32.7055 
130.614 32.3581 
130.437 32.0491 
130.282 31.7721 
130.146 31.5219 
130.025 31.2944 
129.917 31.0859 
129.818 30.8935 
129.729 30.7149 
129.646 30.5478 
129.569 30.3908 
129.498 30.2422 
129.43 30.1009 
129.367 29.9656 
129.307 29.8356 
129.249 29.71 
129.194 29.5879 
129.14 29.4687 
129.088 29.3519 
129.038 29.2367 
128.988 29.1227 
128.939 29.0093 
128.891 28.896 
128.843 28.7822 
128.795 28.6675 
128.747 28.5513 
128.699 28.433 
128.65 28.312 
128.6 28.1877 
128.549 28.0592 
128.497 27.9258 
128.444 27.7867 
128.388 27.6406 
128.331 27.4865 
128.27 27.3229 
128.207 27.1481 
128.14 26.9603 
128.069 26.757 
127.994 26.5354 
127.913 26.2921 
127.826 26.0228 
127.731 25.7224 
127.629 25.3842 
127.519 25.0005 
127.399 24.5614 
127.27 24.0552 
127.135 23.4686 
126.996 22.7882 
126.866 22.0049 
126.763 21.1239 
126.725 20.1835 
126.803 19.2804 
126.833 19.1821 
126.844 19.0342 
126.86 18.8751 
126.882 18.7041 
126.912 18.5209 
126.951 18.3257 
127.002 18.1202 
127.068 17.9075 
127.153 17.6934 
127.258 17.4868 
127.387 17.2998 
127.54 17.1468 
127.714 17.042 
127.903 16.996 
128.1 17.0126 
128.295 17.0876 
128.482 16.7334 
128.808 16.4362 
129.289 16.4157 
129.859 16.6385 
129.962 16.6514 
130.131 16.4566 
130.183 16.3985 
130.311 16.2875 
130.373 16.2097 
130.502 16.0073 
130.747 15.6974 
130.941 15.3583 
130.982 15.2974 
131.047 15.2597 
131.123 15.1678 
131.208 15.1171 
131.359 14.8311 
131.443 14.7287 
131.539 14.6308 
131.747 14.4034 
131.817 14.2589 
131.995 14.1882 
132.123 14.0568 
132.219 14.0033 
132.509 13.6504 
132.63 13.481 
132.726 13.3483 
132.777 13.2626 
132.892 13.0753 
133.008 12.9776 
133.2 12.8318 
133.29 12.7546 
133.473 12.6354 
133.62 12.2346 
134.023 12.0093 
134.613 11.9583 
135.29 12.0391 
135.972 12.1984 
136.608 12.3933 
137.18 12.5968 
137.684 12.7943 
138.125 12.9792 
138.511 13.1492 
138.849 13.3045 
139.148 13.4459 
139.36 13.5469 
139.668 13.6697 
139.942 13.7821 
140.187 13.8854 
140.409 13.9806 
140.611 14.0687 
140.795 14.1507 
140.966 14.2274 
141.124 14.2995 
141.271 14.3676 
141.41 14.4323 
141.541 14.4941 
141.666 14.5534 
141.785 14.6105 
141.899 14.6658 
141.965 14.6668 
141.876 14.5535 
141.792 14.4448 
141.711 14.34 
141.634 14.2384 
141.559 14.1395 
141.486 14.0427 
141.415 13.9476 
141.346 13.8536 
141.277 13.7604 
141.209 13.6675 
141.142 13.5745 
141.075 13.481 
141.007 13.3865 
140.939 13.2906 
140.871 13.1928 
140.801 13.0926 
140.729 12.9895 
140.656 12.8827 
140.58 12.7717 
140.502 12.6557 
140.421 12.5337 
140.335 12.4047 
140.245 12.2676 
140.15 12.1209 
140.049 11.963 
139.941 11.7918 
139.825 11.6049 
139.699 11.3994 
139.563 11.1716 
139.413 10.9172 
139.249 10.6306 
139.067 10.3053 
138.867 9.93297 
138.646 9.50428 
138.405 9.00869 
138.146 8.43632 
137.88 7.7818 
137.628 7.0525 
137.434 6.28245 
137.359 5.54771 
137.232 4.96326 
137.092 4.41265 
137.048 3.89293 
137.144 3.47014 
137.133 3.12996 
137.147 2.42152 
137.334 2.1129 
137.628 1.74846 
137.696 1.70593 
137.832 1.55994 
138.106 1.34615 
138.273 1.0085 
138.831 0.809938 
139.703 0.773228 
139.774 0.615704 
139.909 0.481516 
139.982 0.337238 
140.047 0.237714 
140.575 -0.0323477 
141.404 0.00483829 
142.353 0.252858 
143.626 0.604345 
144.515 0.855153 
145.328 1.14152 
146.04 1.42663 
146.655 1.69357 
147.182 1.93653 
147.636 2.15504 
148.029 2.35092 
148.372 2.52677 
148.674 2.68525 
148.943 2.82882 
149.184 2.95966 
149.402 3.07964 
149.6 3.19034 
149.783 3.29311 
149.951 3.3891 
150.108 3.47929 
150.254 3.5645 
150.393 3.64546 
150.524 3.7228 
150.649 3.79705 
150.769 3.86872 
150.884 3.93822 
150.996 4.00595 
151.105 4.07228 
151.211 4.13753 
151.316 4.20202 
151.42 4.26606 
151.522 4.32993 
151.624 4.39394 
151.727 4.45837 
151.829 4.52354 
151.933 4.58975 
152.039 4.65734 
152.147 4.72667 
152.257 4.79814 
152.371 4.87219 
152.488 4.94932 
152.611 5.03007 
152.739 5.1151 
152.873 5.20515 
153.016 5.3011 
153.167 5.404 
153.329 5.51509 
153.504 5.63587 
153.694 5.76818 
153.9 5.91429 
154.128 6.07701 
154.38 6.25984 
154.661 6.46722 
154.977 6.70476 
155.335 6.97955 
155.741 7.30049 
156.204 7.67844 
156.728 8.1259 
157.313 8.65522 
157.94 9.27363 
158.56 9.9724 
159.072 10.7094 
159.329 11.3958 
159.2 11.9148 
158.818 12.7213 
158.671 13.2458 
158.113 13.5004 
158.025 13.7677 
157.649 14.136 
157.579 14.4626 
157.384 15.0133 
157.038 15.4209 
156.6 15.5775 
156.366 16.0616 
156.138 16.5598 
155.889 16.8369 
155.287 17.0031 
155.022 17.2576 
154.773 17.811 
154.396 18.1998 
153.7 18.3418 
152.73 18.1221 
152.509 18.409 
152.546 19.1265 
152.257 19.5783 
151.653 19.6829 
150.85 19.4775 
149.995 19.076 
149.19 18.592 
>
