108.94 17.109 
109.01 17.031 
109.116 16.926 
109.218 16.818 
109.323 16.713 
109.424 16.602 
109.529 16.497 
109.633 16.391 
109.737 16.286 
109.842 16.179 
109.947 16.073 
110.048 15.964 
110.167 15.926 
110.274 16.031 
110.379 16.136 
110.484 16.242 
110.589 16.347 
110.695 16.452 
110.8 16.557 
110.905 16.662 
111.01 16.767 
111.116 16.872 
111.221 16.978 
111.326 17.083 
111.431 17.188 
111.537 17.293 
111.642 17.398 
111.747 17.503 
111.853 17.608 
111.958 17.714 
112.063 17.819 
112.168 17.928 
112.123 18.037 
112.018 18.142 
111.912 18.247 
111.807 18.352 
111.702 18.457 
111.596 18.563 
111.491 18.668 
111.386 18.773 
111.281 18.878 
111.175 18.983 
111.07 19.088 
110.965 19.193 
110.86 19.299 
110.754 19.404 
110.649 19.509 
110.544 19.614 
110.439 19.719 
110.333 19.824 
110.228 19.929 
110.146 20 
110.025 19.924 
109.92 19.819 
109.815 19.714 
109.709 19.609 
109.604 19.504 
109.499 19.399 
109.394 19.294 
109.288 19.188 
109.183 19.083 
109.078 18.978 
108.972 18.873 
108.867 18.768 
108.762 18.663 
108.657 18.558 
108.551 18.452 
108.446 18.347 
108.341 18.242 
108.236 18.137 
108.13 18.032 
108.158 17.897 
108.263 17.792 
108.368 17.681 
108.469 17.576 
108.571 17.469 
108.676 17.363 
108.778 17.25 
>
109.761 8.963 
109.621 9.043 
109.516 9.089 
109.393 9.159 
109.305 9.218 
109.2 9.264 
109.077 9.194 
109.007 9.106 
108.957 9.001 
108.881 8.861 
108.831 8.756 
108.761 8.668 
108.726 8.563 
108.667 8.475 
108.621 8.37 
108.551 8.282 
108.495 8.16 
108.445 8.055 
108.375 7.949 
108.326 7.844 
108.27 7.722 
108.2 7.634 
108.154 7.529 
108.095 7.441 
108.059 7.336 
107.989 7.249 
107.94 7.143 
107.864 7.003 
107.814 6.898 
107.744 6.775 
107.831 6.67 
107.937 6.621 
108.077 6.541 
108.182 6.495 
108.305 6.425 
108.393 6.365 
108.498 6.32 
108.621 6.25 
108.709 6.19 
108.814 6.145 
108.937 6.074 
109.077 6.004 
109.165 5.934 
109.27 5.882 
109.393 5.829 
109.48 5.759 
109.586 5.709 
109.709 5.654 
109.796 5.584 
109.902 5.534 
110.024 5.479 
110.112 5.409 
110.217 5.359 
110.32 5.391 
110.375 5.514 
110.445 5.601 
110.495 5.706 
110.551 5.829 
110.621 5.917 
110.67 6.022 
110.726 6.145 
110.796 6.232 
110.846 6.337 
110.901 6.46 
110.972 6.548 
111.021 6.653 
111.101 6.793 
111.147 6.898 
111.217 7.021 
111.277 7.108 
111.323 7.214 
111.393 7.336 
111.452 7.424 
111.498 7.529 
111.568 7.652 
111.628 7.739 
111.681 7.879 
111.586 7.949 
111.463 8.002 
111.375 8.072 
111.27 8.125 
111.147 8.177 
111.059 8.247 
110.954 8.3 
110.831 8.353 
110.744 8.423 
110.638 8.475 
110.533 8.528 
110.428 8.598 
110.323 8.65 
110.217 8.703 
110.112 8.773 
110.007 8.826 
109.902 8.878 
109.814 8.948 
>
116.577 12.839 
116.647 12.76 
116.753 12.655 
116.855 12.547 
116.96 12.442 
117.06 12.332 
117.166 12.226 
117.27 12.12 
117.374 12.015 
117.479 11.909 
117.584 11.802 
117.685 11.693 
117.804 11.655 
117.911 11.76 
118.016 11.866 
118.121 11.971 
118.226 12.076 
118.332 12.181 
118.437 12.286 
118.542 12.391 
118.647 12.496 
118.753 12.602 
118.858 12.707 
118.963 12.812 
119.068 12.917 
119.174 13.022 
119.279 13.127 
119.384 13.232 
119.489 13.338 
119.595 13.443 
119.7 13.548 
119.805 13.657 
119.76 13.766 
119.654 13.871 
119.549 13.976 
119.444 14.081 
119.339 14.187 
119.233 14.292 
119.128 14.397 
119.023 14.502 
118.918 14.607 
118.812 14.712 
118.707 14.817 
118.602 14.923 
118.497 15.028 
118.391 15.133 
118.286 15.238 
118.181 15.343 
118.076 15.448 
117.97 15.553 
117.865 15.659 
117.783 15.729 
117.662 15.654 
117.557 15.548 
117.452 15.443 
117.346 15.338 
117.241 15.233 
117.136 15.128 
117.03 15.023 
116.925 14.918 
116.82 14.812 
116.715 14.707 
116.609 14.602 
116.504 14.497 
116.399 14.392 
116.294 14.287 
116.188 14.182 
116.083 14.076 
115.978 13.971 
115.873 13.866 
115.767 13.761 
115.795 13.626 
115.9 13.521 
116.005 13.411 
116.106 13.305 
116.208 13.199 
116.313 13.092 
116.415 12.979 
>
119.743 0.852 
119.869 0.903 
119.974 1.008 
120.079 1.113 
120.184 1.218 
120.29 1.323 
120.395 1.428 
120.5 1.533 
120.605 1.639 
120.711 1.744 
120.816 1.849 
120.921 1.954 
121.027 2.059 
121.132 2.164 
121.237 2.269 
121.342 2.375 
121.448 2.48 
121.553 2.585 
121.658 2.69 
121.763 2.795 
121.834 2.876 
121.751 2.998 
121.646 3.103 
121.54 3.208 
121.435 3.313 
121.33 3.418 
121.225 3.524 
121.119 3.629 
121.014 3.734 
120.909 3.839 
120.804 3.944 
120.698 4.049 
120.593 4.154 
120.488 4.26 
120.382 4.365 
120.277 4.47 
120.172 4.575 
120.067 4.68 
119.961 4.785 
119.856 4.89 
119.726 4.9 
119.621 4.795 
119.515 4.69 
119.41 4.585 
119.305 4.48 
119.2 4.375 
119.094 4.27 
118.989 4.164 
118.884 4.059 
118.779 3.954 
118.673 3.849 
118.568 3.744 
118.463 3.639 
118.357 3.534 
118.252 3.428 
118.147 3.323 
118.042 3.218 
117.936 3.113 
117.831 3.008 
117.728 2.893 
117.808 2.768 
117.903 2.673 
118.019 2.568 
118.125 2.463 
118.23 2.358 
118.335 2.253 
118.44 2.147 
118.546 2.042 
118.651 1.937 
118.756 1.832 
118.862 1.727 
118.967 1.622 
119.072 1.517 
119.177 1.411 
119.283 1.306 
119.388 1.201 
119.493 1.096 
119.598 0.991 
119.704 0.886 
>
163.937 -10.956 
163.785 -11.121 
163.515 -11.379 
163.262 -11.644 
163.026 -11.835 
162.904 -12.014 
162.685 -12.222 
162.505 -12.374 
162.257 -12.634 
162.003 -12.912 
161.796 -13.122 
161.592 -13.327 
161.376 -13.545 
161.166 -13.75 
160.965 -13.959 
160.754 -14.178 
160.516 -14.37 
160.3 -14.575 
160.118 -14.795 
159.895 -15.006 
159.71 -15.218 
159.516 -15.4 
159.29 -15.647 
159.046 -15.847 
158.923 -16.001 
158.75 -16.145 
158.525 -16.361 
158.328 -16.579 
158.092 -16.771 
157.906 -16.963 
157.731 -17.145 
157.486 -17.342 
157.339 -17.549 
157.139 -17.728 
156.963 -17.904 
156.74 -18.14 
156.532 -18.355 
156.315 -18.55 
156.173 -18.724 
155.884 -18.966 
155.68 -19.166 
155.817 -19.269 
156.033 -19.522 
156.248 -19.757 
156.455 -19.935 
156.653 -20.163 
156.879 -20.362 
157.079 -20.577 
157.297 -20.782 
157.506 -21.005 
157.724 -21.199 
157.92 -21.418 
158.124 -21.62 
158.354 -21.839 
158.52 -22.046 
158.71 -22.206 
158.871 -22.357 
159.049 -22.557 
159.281 -22.768 
159.517 -22.989 
159.71 -23.199 
159.925 -23.417 
160.114 -23.63 
160.334 -23.846 
160.531 -24.049 
160.762 -24.259 
160.956 -24.461 
161.184 -24.679 
161.381 -24.876 
161.605 -25.112 
161.799 -25.298 
162.018 -25.518 
162.219 -25.722 
162.444 -25.937 
162.647 -26.136 
162.859 -26.368 
163.068 -26.558 
163.275 -26.774 
163.488 -26.98 
163.699 -27.194 
163.926 -27.332 
164.206 -27.144 
164.462 -26.907 
164.68 -26.72 
164.834 -26.539 
165.043 -26.35 
165.315 -26.118 
165.528 -25.897 
165.745 -25.674 
166.022 -25.493 
166.284 -25.183 
166.464 -24.984 
166.627 -24.784 
166.851 -24.557 
167.072 -24.283 
167.259 -24.048 
167.475 -23.839 
167.679 -23.626 
167.891 -23.411 
168.091 -23.211 
168.365 -22.921 
168.632 -22.666 
168.898 -22.377 
169.208 -22.105 
169.451 -21.856 
169.623 -21.626 
169.854 -21.411 
170.144 -21.201 
170.42 -20.919 
170.658 -20.717 
170.861 -20.498 
171.043 -20.276 
171.269 -20.079 
171.511 -19.794 
171.713 -19.681 
171.955 -19.403 
172.109 -19.183 
171.977 -18.914 
171.766 -18.714 
171.501 -18.437 
171.288 -18.231 
171.075 -18.026 
170.858 -17.818 
170.692 -17.677 
170.557 -17.491 
170.377 -17.358 
170.221 -17.195 
169.966 -16.934 
169.737 -16.736 
169.492 -16.457 
169.296 -16.235 
169.035 -15.971 
168.818 -15.804 
168.558 -15.506 
168.342 -15.297 
168.133 -15.088 
167.914 -14.888 
167.724 -14.663 
167.517 -14.444 
167.291 -14.248 
167.098 -14.022 
166.877 -13.819 
166.669 -13.611 
166.422 -13.415 
166.168 -13.173 
166.012 -12.986 
165.789 -12.716 
165.533 -12.503 
165.358 -12.331 
165.094 -12.039 
164.943 -11.875 
164.778 -11.727 
164.51 -11.466 
164.301 -11.261 
>
