171.439 -33.4224 
171.439 -33.3623 
171.435 -33.3024 
171.427 -33.2428 
171.415 -33.1838 
171.399 -33.1254 
171.379 -33.068 
171.355 -33.0117 
171.327 -32.9567 
171.296 -32.9032 
171.262 -32.8513 
171.225 -32.8011 
171.185 -32.7528 
171.141 -32.7065 
171.096 -32.6623 
171.047 -32.6202 
170.997 -32.5803 
170.945 -32.5427 
170.89 -32.5074 
170.834 -32.4745 
170.776 -32.4439 
170.717 -32.4158 
170.657 -32.3901 
170.595 -32.3668 
170.533 -32.346 
170.469 -32.3275 
170.405 -32.3115 
170.341 -32.2979 
170.275 -32.2868 
170.21 -32.278 
170.144 -32.2717 
170.078 -32.2678 
170.011 -32.2663 
169.945 -32.2672 
169.879 -32.2705 
169.813 -32.2762 
169.747 -32.2843 
169.641 -32.2868 
169.576 -32.278 
169.51 -32.2717 
169.444 -32.2678 
169.377 -32.2663 
169.311 -32.2672 
169.245 -32.2705 
169.179 -32.2762 
169.113 -32.2843 
169.048 -32.2948 
168.983 -32.3078 
168.919 -32.3232 
168.855 -32.3409 
168.821 -32.3453 
168.756 -32.3558 
168.691 -32.3688 
168.627 -32.3842 
168.563 -32.4019 
168.553 -32.4048 
168.489 -32.4202 
168.425 -32.4379 
168.362 -32.4581 
168.3 -32.4808 
168.24 -32.5058 
168.18 -32.5333 
168.122 -32.5631 
168.065 -32.5954 
168.011 -32.6299 
167.957 -32.6669 
167.906 -32.7061 
167.858 -32.7475 
167.811 -32.7911 
167.767 -32.8368 
167.726 -32.8845 
167.688 -32.9341 
167.652 -32.9854 
167.62 -33.0385 
167.592 -33.093 
167.567 -33.1489 
167.546 -33.206 
167.528 -33.264 
167.515 -33.3229 
167.505 -33.3823 
167.5 -33.4421 
167.498 -33.482 
167.5 -33.542 
167.505 -33.6018 
167.515 -33.6612 
167.501 -33.7098 
167.484 -33.7679 
167.47 -33.8267 
167.461 -33.8861 
167.455 -33.946 
167.454 -33.9858 
167.455 -34.0458 
167.461 -34.1056 
167.461 -34.1228 
167.462 -34.1828 
167.468 -34.2426 
167.477 -34.302 
167.491 -34.3608 
167.509 -34.4188 
167.531 -34.4758 
167.556 -34.5316 
167.585 -34.586 
167.618 -34.6389 
167.654 -34.6901 
167.694 -34.7395 
167.736 -34.787 
167.781 -34.8324 
167.829 -34.8757 
167.88 -34.9168 
167.932 -34.9557 
167.987 -34.9921 
168.044 -35.0263 
168.103 -35.058 
168.163 -35.0872 
168.225 -35.1141 
168.287 -35.1384 
168.352 -35.1603 
168.417 -35.1796 
168.483 -35.1965 
168.549 -35.2109 
168.617 -35.2228 
168.684 -35.2323 
168.753 -35.2392 
168.821 -35.2436 
168.89 -35.2456 
168.958 -35.2451 
169.027 -35.2421 
169.095 -35.2367 
169.163 -35.2287 
169.231 -35.2183 
169.298 -35.2054 
169.364 -35.19 
169.43 -35.1721 
169.494 -35.1518 
169.558 -35.1289 
169.597 -35.1194 
169.664 -35.104 
169.729 -35.0861 
169.794 -35.0658 
169.857 -35.0429 
169.92 -35.0176 
169.981 -34.9899 
170.057 -34.9686 
170.125 -34.9681 
170.193 -34.9651 
170.261 -34.9597 
170.329 -34.9517 
170.397 -34.9413 
170.463 -34.9284 
170.53 -34.913 
170.595 -34.8951 
170.659 -34.8748 
170.723 -34.8519 
170.785 -34.8267 
170.846 -34.7989 
170.905 -34.7687 
170.963 -34.7361 
171.019 -34.7011 
171.073 -34.6637 
171.124 -34.6241 
171.174 -34.5822 
171.22 -34.5381 
171.264 -34.4919 
171.306 -34.4438 
171.344 -34.3937 
171.378 -34.3419 
171.41 -34.2885 
171.438 -34.2336 
171.462 -34.1774 
171.482 -34.12 
171.498 -34.0617 
171.511 -34.0027 
171.519 -33.9431 
171.523 -33.8832 
171.523 -33.8232 
171.519 -33.7633 
171.511 -33.7037 
171.498 -33.6446 
171.482 -33.5863 
171.462 -33.5289 
171.438 -33.4726 
>
129.211 11.7604 
129.146 11.7689 
129.081 11.7734 
129.016 11.7739 
128.951 11.7706 
128.887 11.7635 
128.823 11.7527 
128.76 11.7382 
128.698 11.7202 
128.638 11.6988 
128.579 11.6742 
128.522 11.6467 
128.467 11.6162 
128.413 11.5831 
128.362 11.5475 
128.313 11.5096 
128.266 11.4696 
128.222 11.4276 
128.18 11.3838 
128.14 11.3383 
128.102 11.2914 
128.067 11.243 
128.035 11.1934 
128.004 11.1427 
127.977 11.091 
127.951 11.0383 
127.928 10.9848 
127.907 10.9306 
127.889 10.8757 
127.873 10.8202 
127.859 10.7641 
127.847 10.7076 
127.838 10.6507 
127.832 10.5935 
127.827 10.536 
127.825 10.4783 
127.826 10.4205 
127.829 10.3626 
127.834 10.3047 
127.842 10.2468 
127.853 10.1892 
127.866 10.1318 
127.881 10.0747 
127.899 10.0181 
127.92 9.96215 
127.944 9.90689 
127.97 9.8525 
127.999 9.79913 
128.031 9.74694 
128.066 9.69611 
128.103 9.64684 
128.143 9.59931 
128.186 9.55373 
128.232 9.5103 
128.28 9.46924 
128.33 9.43075 
128.383 9.39504 
128.438 9.36231 
128.495 9.33274 
128.553 9.30651 
128.614 9.28378 
128.675 9.26467 
128.738 9.2493 
128.802 9.23774 
128.866 9.23005 
128.93 9.22625 
128.995 9.22634 
129.059 9.23028 
129.123 9.238 
129.186 9.24942 
129.249 9.26443 
129.31 9.2829 
129.369 9.30468 
129.428 9.32961 
129.484 9.35752 
129.539 9.38824 
129.591 9.42158 
129.642 9.45737 
129.69 9.49544 
129.737 9.53561 
129.781 9.57772 
129.823 9.62161 
129.862 9.66712 
129.899 9.71413 
129.934 9.76249 
129.966 9.81208 
129.996 9.86279 
130.024 9.91452 
130.049 9.96717 
130.072 10.0206 
130.093 10.0749 
130.112 10.1298 
130.128 10.1852 
130.141 10.2413 
130.153 10.2977 
130.162 10.3546 
130.169 10.4118 
130.173 10.4694 
130.175 10.5271 
130.174 10.5849 
130.172 10.6429 
130.166 10.7008 
130.158 10.7587 
130.148 10.8164 
130.135 10.8738 
130.119 10.9309 
130.101 10.9875 
130.08 11.0436 
130.056 11.0988 
130.029 11.1533 
130 11.2066 
129.968 11.2588 
129.933 11.3096 
129.895 11.3588 
129.855 11.4062 
129.811 11.4517 
129.765 11.495 
129.717 11.5358 
129.666 11.5741 
129.612 11.6095 
129.557 11.6419 
129.499 11.6711 
129.44 11.697 
129.379 11.7192 
129.317 11.7379 
129.253 11.7527 
>
