-173.017 -8.09792 
-172.96 -8.11803 
-172.901 -8.13439 
-172.842 -8.14696 
-172.782 -8.15574 
-172.722 -8.16077 
-172.662 -8.16212 
-172.602 -8.15989 
-172.542 -8.15418 
-172.484 -8.14514 
-172.426 -8.13293 
-172.369 -8.11769 
-172.314 -8.09961 
-172.26 -8.07884 
-172.207 -8.05557 
-172.156 -8.02995 
-172.107 -8.00214 
-172.059 -7.97229 
-172.013 -7.94056 
-171.969 -7.90706 
-171.927 -7.87193 
-171.886 -7.83528 
-171.847 -7.79721 
-171.81 -7.7578 
-171.775 -7.71715 
-171.742 -7.67533 
-171.71 -7.63239 
-171.681 -7.58841 
-171.653 -7.54343 
-171.627 -7.49749 
-171.602 -7.45064 
-171.58 -7.40291 
-171.559 -7.35434 
-171.54 -7.30495 
-171.524 -7.25479 
-171.509 -7.20388 
-171.496 -7.15226 
-171.485 -7.09997 
-171.476 -7.04704 
-171.469 -6.99353 
-171.465 -6.93948 
-171.462 -6.88497 
-171.463 -6.83007 
-171.465 -6.77486 
-171.47 -6.71944 
-171.478 -6.66392 
-171.488 -6.60844 
-171.501 -6.55313 
-171.517 -6.49817 
-171.536 -6.44372 
-171.558 -6.38999 
-171.583 -6.33719 
-171.611 -6.28554 
-171.642 -6.2353 
-171.676 -6.1867 
-171.713 -6.14 
-171.753 -6.09546 
-171.796 -6.05334 
-171.841 -6.01389 
-171.889 -5.97733 
-171.94 -5.94389 
-171.992 -5.91375 
-172.028 -5.89564 
-172.084 -5.87134 
-172.14 -5.85071 
-172.199 -5.83381 
-172.258 -5.82068 
-172.317 -5.81133 
-172.377 -5.80573 
-172.437 -5.8038 
-172.496 -5.80546 
-172.556 -5.8106 
-172.614 -5.81908 
-172.672 -5.83075 
-172.729 -5.84546 
-172.784 -5.86303 
-172.838 -5.88329 
-172.891 -5.90609 
-172.942 -5.93125 
-172.991 -5.95862 
-173.039 -5.98803 
-173.085 -6.01936 
-173.129 -6.05247 
-173.172 -6.08722 
-173.213 -6.12352 
-173.252 -6.16125 
-173.289 -6.20032 
-173.324 -6.24066 
-173.358 -6.28218 
-173.39 -6.32482 
-173.42 -6.36852 
-173.448 -6.41323 
-173.475 -6.45891 
-173.5 -6.50552 
-173.523 -6.55301 
-173.544 -6.60135 
-173.563 -6.65052 
-173.58 -6.70048 
-173.596 -6.7512 
-173.609 -6.80264 
-173.621 -6.85477 
-173.63 -6.90756 
-173.638 -6.96094 
-173.643 -7.01488 
-173.646 -7.0693 
-173.646 -7.12414 
-173.644 -7.17932 
-173.64 -7.23473 
-173.633 -7.29027 
-173.623 -7.34581 
-173.611 -7.40122 
-173.596 -7.45632 
-173.577 -7.51095 
-173.556 -7.5649 
-173.532 -7.61798 
-173.505 -7.66994 
-173.474 -7.72056 
-173.441 -7.76959 
-173.404 -7.81676 
-173.365 -7.86181 
-173.323 -7.90449 
-173.277 -7.94456 
-173.23 -7.98176 
-173.18 -8.01587 
-173.168 -8.02428 
-173.226 -8.00366 
-173.284 -7.98677 
-173.343 -7.97366 
-173.403 -7.96432 
-173.463 -7.95873 
-173.523 -7.95681 
-173.583 -7.95847 
-173.643 -7.96361 
-173.702 -7.97209 
-173.759 -7.98376 
-173.816 -7.99846 
-173.872 -8.01602 
-173.926 -8.03628 
-173.979 -8.05906 
-174.03 -8.08421 
-174.08 -8.11156 
-174.128 -8.14097 
-174.174 -8.17228 
-174.219 -8.20537 
-174.262 -8.24011 
-174.303 -8.27638 
-174.342 -8.3141 
-174.38 -8.35315 
-174.415 -8.39347 
-174.449 -8.43497 
-174.481 -8.4776 
-174.511 -8.52128 
-174.54 -8.56598 
-174.567 -8.61164 
-174.592 -8.65823 
-174.615 -8.70571 
-174.636 -8.75404 
-174.655 -8.80319 
-174.673 -8.85314 
-174.688 -8.90385 
-174.702 -8.95528 
-174.714 -9.00741 
-174.723 -9.06018 
-174.73 -9.11356 
-174.736 -9.1675 
-174.739 -9.22192 
-174.739 -9.27676 
-174.737 -9.33194 
-174.733 -9.38735 
-174.726 -9.4429 
-174.716 -9.49845 
-174.704 -9.55386 
-174.689 -9.60897 
-174.67 -9.66361 
-174.649 -9.71758 
-174.625 -9.77067 
-174.597 -9.82266 
-174.567 -9.8733 
-174.533 -9.92234 
-174.496 -9.96953 
-174.457 -10.0146 
-174.414 -10.0573 
-174.369 -10.0974 
-174.321 -10.1346 
-174.27 -10.1688 
-174.218 -10.1996 
-174.163 -10.227 
-174.107 -10.2509 
-174.049 -10.271 
-173.99 -10.2874 
-173.931 -10.2999 
-173.87 -10.3087 
-173.81 -10.3138 
-173.749 -10.3151 
-173.689 -10.3129 
-173.629 -10.3072 
-173.57 -10.2982 
-173.512 -10.2859 
-173.455 -10.2707 
-173.399 -10.2526 
-173.345 -10.2318 
-173.292 -10.2085 
-173.241 -10.1829 
-173.191 -10.1551 
-173.143 -10.1252 
-173.097 -10.0935 
-173.053 -10.06 
-173.01 -10.0248 
-172.969 -9.98814 
-172.93 -9.95005 
-172.893 -9.91063 
-172.858 -9.86996 
-172.824 -9.82812 
-172.793 -9.78517 
-172.763 -9.74117 
-172.735 -9.69617 
-172.708 -9.65021 
-172.684 -9.60335 
-172.661 -9.55561 
-172.641 -9.50702 
-172.622 -9.45763 
-172.605 -9.40745 
-172.59 -9.35653 
-172.577 -9.30491 
-172.566 -9.2526 
-172.557 -9.19967 
-172.55 -9.14615 
-172.546 -9.0921 
-172.544 -9.03759 
-172.544 -8.98269 
-172.546 -8.92748 
-172.552 -8.87206 
-172.559 -8.81655 
-172.57 -8.76108 
-172.583 -8.70578 
-172.599 -8.65082 
-172.618 -8.59639 
-172.64 -8.54267 
-172.665 -8.48989 
-172.693 -8.43826 
-172.725 -8.38803 
-172.759 -8.33945 
-172.796 -8.29278 
-172.836 -8.24826 
-172.879 -8.20616 
-172.925 -8.16673 
-172.973 -8.1302 
-173.024 -8.09677 
>
179.808 -2.79953 
179.759 -2.7609 
179.708 -2.72565 
179.655 -2.69393 
179.6 -2.66586 
179.543 -2.6415 
179.485 -2.6209 
179.426 -2.60405 
179.367 -2.59091 
179.307 -2.58141 
179.246 -2.57547 
179.186 -2.57295 
179.127 -2.57374 
179.067 -2.57769 
179.009 -2.58464 
178.951 -2.59445 
178.895 -2.60695 
178.839 -2.62199 
178.785 -2.63944 
178.732 -2.65914 
178.68 -2.68096 
178.629 -2.7048 
178.58 -2.73052 
178.533 -2.75804 
178.487 -2.78725 
178.442 -2.81809 
178.398 -2.85047 
178.356 -2.88433 
178.316 -2.91963 
178.277 -2.95631 
178.239 -2.99434 
178.203 -3.03369 
178.169 -3.07432 
178.136 -3.11622 
178.104 -3.15938 
178.074 -3.20376 
178.046 -3.24937 
178.019 -3.29619 
177.994 -3.3442 
177.971 -3.39339 
177.949 -3.44374 
177.93 -3.49523 
177.912 -3.54782 
177.897 -3.60147 
177.884 -3.65613 
177.873 -3.71174 
177.864 -3.76822 
177.858 -3.82548 
177.855 -3.88341 
177.855 -3.94186 
177.858 -4.0007 
177.864 -4.05973 
177.873 -4.11877 
177.885 -4.17759 
177.901 -4.23595 
177.92 -4.29359 
177.943 -4.35021 
177.97 -4.40555 
178 -4.45928 
178.033 -4.51112 
178.07 -4.56076 
178.11 -4.60791 
178.154 -4.6523 
178.2 -4.69369 
178.249 -4.73185 
178.301 -4.7666 
178.355 -4.79779 
178.41 -4.82533 
178.467 -4.84912 
178.525 -4.86916 
178.585 -4.88544 
178.645 -4.89802 
178.705 -4.90695 
178.765 -4.91235 
178.825 -4.91433 
178.885 -4.91301 
178.944 -4.90856 
179.003 -4.90112 
179.06 -4.89085 
179.117 -4.8779 
179.172 -4.86242 
179.227 -4.84457 
179.28 -4.82447 
179.331 -4.80226 
179.382 -4.77806 
179.431 -4.75199 
179.478 -4.72413 
179.524 -4.69458 
179.569 -4.66343 
179.612 -4.63074 
179.654 -4.59657 
179.694 -4.56097 
179.733 -4.524 
179.77 -4.48568 
179.806 -4.44605 
179.84 -4.40514 
179.873 -4.36296 
179.904 -4.31954 
179.934 -4.27488 
179.962 -4.22901 
179.988 -4.18193 
-179.987 -4.13366 
-179.964 -4.08422 
-179.943 -4.03363 
-179.924 -3.98191 
-179.907 -3.9291 
-179.892 -3.87524 
-179.879 -3.82038 
-179.869 -3.76459 
-179.861 -3.70795 
-179.856 -3.65055 
-179.853 -3.59252 
-179.854 -3.53399 
-179.857 -3.47512 
-179.864 -3.41609 
-179.873 -3.35709 
-179.887 -3.29837 
-179.903 -3.24015 
-179.923 -3.18272 
-179.947 -3.12634 
-179.974 -3.07132 
179.995 -3.01795 
179.961 -2.96654 
179.924 -2.91738 
179.883 -2.87076 
179.839 -2.82694 
>
