178.902 -7.64848 
178.814 -7.58652 
178.723 -7.53067 
178.628 -7.48116 
178.53 -7.43816 
178.43 -7.40176 
178.327 -7.372 
178.224 -7.34881 
178.12 -7.33211 
178.015 -7.32172 
177.911 -7.31745 
177.807 -7.31905 
177.704 -7.32628 
177.602 -7.33884 
177.502 -7.35644 
177.404 -7.3788 
177.307 -7.40563 
177.213 -7.43664 
177.121 -7.47158 
177.032 -7.51019 
176.945 -7.55224 
176.86 -7.59751 
176.778 -7.64582 
176.699 -7.69697 
176.622 -7.75083 
176.548 -7.80725 
176.476 -7.86611 
176.407 -7.92732 
176.34 -7.99078 
176.277 -8.05642 
176.215 -8.12418 
176.156 -8.19401 
176.1 -8.26588 
176.046 -8.33975 
175.996 -8.4156 
175.947 -8.49342 
175.902 -8.57317 
175.859 -8.65485 
175.82 -8.73844 
175.783 -8.82391 
175.75 -8.91124 
175.719 -9.00038 
175.693 -9.09129 
175.67 -9.1839 
175.651 -9.27813 
175.635 -9.37386 
175.625 -9.47096 
175.618 -9.56928 
175.616 -9.6686 
175.62 -9.7687 
175.628 -9.86931 
175.642 -9.97011 
175.661 -10.0708 
175.687 -10.1708 
175.718 -10.2699 
175.755 -10.3676 
175.799 -10.4633 
175.849 -10.5565 
175.905 -10.6467 
175.967 -10.7333 
176.035 -10.8159 
176.109 -10.8939 
176.188 -10.9668 
176.272 -11.0343 
176.36 -11.0959 
176.453 -11.1513 
176.549 -11.2003 
176.649 -11.2427 
176.75 -11.2785 
176.854 -11.3076 
176.959 -11.3301 
177.064 -11.346 
177.17 -11.3556 
177.275 -11.3591 
177.38 -11.3567 
177.484 -11.3486 
177.587 -11.3352 
177.688 -11.3168 
177.787 -11.2936 
177.884 -11.2659 
177.979 -11.234 
178.071 -11.1982 
178.161 -11.1588 
178.248 -11.1159 
178.333 -11.0697 
178.415 -11.0206 
178.495 -10.9686 
178.571 -10.9139 
178.646 -10.8566 
178.717 -10.7969 
178.786 -10.7349 
178.852 -10.6706 
178.916 -10.6041 
178.977 -10.5356 
179.035 -10.4649 
179.09 -10.3923 
179.143 -10.3176 
179.193 -10.241 
179.24 -10.1624 
179.285 -10.0819 
179.326 -9.9995 
179.365 -9.91521 
179.4 -9.82907 
179.432 -9.7411 
179.461 -9.65135 
179.486 -9.55988 
179.507 -9.46676 
179.525 -9.37208 
179.538 -9.27595 
179.547 -9.17853 
179.552 -9.07998 
179.551 -8.9805 
179.546 -8.88034 
179.536 -8.77979 
179.52 -8.67915 
179.499 -8.5788 
179.471 -8.47913 
179.438 -8.38058 
179.399 -8.28363 
179.354 -8.18877 
179.302 -8.09652 
179.245 -8.00742 
179.181 -7.922 
179.112 -7.84077 
179.037 -7.76422 
178.957 -7.69282 
>
